0 0.673142 0.232813 0.190878 0.268750
0 0.795608 0.114062 0.091216 0.181250
0 0.884291 0.103125 0.086149 0.171875
0 0.959459 0.121875 0.074324 0.171875
0 0.856419 0.276562 0.118243 0.193750
0 0.958615 0.298438 0.076014 0.150000
0 0.904561 0.418750 0.113176 0.190625
0 0.796453 0.456250 0.069257 0.184375
0 0.670608 0.495312 0.097973 0.218750
0 0.673986 0.767188 0.172297 0.387500
0 0.782095 0.868750 0.081081 0.153125
0 0.882601 0.839063 0.130068 0.193750
0 0.774493 0.635938 0.106419 0.268750
0 0.883446 0.610938 0.152027 0.225000
0 0.954392 0.567187 0.087838 0.331250
0 0.971284 0.829688 0.050676 0.200000