0 0.574324 0.228125 0.209459 0.265625
0 0.695946 0.121875 0.070946 0.178125
0 0.773649 0.109375 0.087838 0.171875
0 0.863176 0.121875 0.091216 0.178125
0 0.869088 0.295312 0.096284 0.156250
0 0.755068 0.276562 0.097973 0.193750
0 0.576858 0.496875 0.119932 0.215625
0 0.697635 0.467187 0.070946 0.162500
0 0.797297 0.425000 0.108108 0.190625
0 0.901182 0.564063 0.187500 0.331250
0 0.778716 0.614062 0.135135 0.231250
0 0.673142 0.645312 0.109797 0.243750
0 0.582770 0.768750 0.192568 0.365625
0 0.777872 0.854688 0.119932 0.212500
0 0.900338 0.825000 0.118243 0.215625
0 0.685811 0.868750 0.064189 0.146875