0 0.448864 0.228206 0.211039 0.259781
0 0.589692 0.114083 0.086851 0.169683
0 0.676136 0.103571 0.084416 0.151664
0 0.738231 0.126847 0.073864 0.171185
0 0.646104 0.280012 0.116883 0.189205
0 0.746753 0.299533 0.081169 0.144156
0 0.676136 0.424919 0.084416 0.187703
0 0.586445 0.467715 0.073864 0.171185
0 0.452516 0.490990 0.117695 0.220739
0 0.458198 0.777050 0.195617 0.384416
0 0.568588 0.874655 0.077110 0.156169
0 0.552760 0.650913 0.113636 0.243263
0 0.656656 0.618628 0.129870 0.226745
0 0.786932 0.566071 0.171266 0.334862
0 0.780844 0.826603 0.115260 0.222240
0 0.663555 0.866396 0.116071 0.181696