0 0.408279 0.229708 0.215909 0.262784
0 0.553166 0.116335 0.081981 0.177192
0 0.637175 0.106575 0.089286 0.157670
0 0.699675 0.132102 0.071429 0.166680
0 0.709010 0.299533 0.075487 0.147159
0 0.611201 0.282265 0.110390 0.190706
0 0.656656 0.427922 0.118506 0.190706
0 0.549107 0.463210 0.078734 0.177192
0 0.413555 0.499249 0.116071 0.225244
0 0.518263 0.662175 0.116071 0.262784
0 0.633523 0.617127 0.148539 0.229748
0 0.748377 0.568324 0.175325 0.315341
0 0.748377 0.828856 0.097403 0.208726
0 0.627029 0.852881 0.142045 0.205722
0 0.531250 0.879160 0.078734 0.150162
0 0.419237 0.778551 0.197240 0.378409