0 0.437906 0.231209 0.219968 0.274797
0 0.580357 0.118588 0.087662 0.184700
0 0.666802 0.105073 0.085227 0.166680
0 0.729708 0.125345 0.071429 0.180195
0 0.635552 0.277009 0.115260 0.189205
0 0.736201 0.293527 0.081169 0.153166
0 0.442370 0.498498 0.113636 0.226745
0 0.578328 0.461709 0.078734 0.180195
0 0.672890 0.427171 0.094156 0.192208
0 0.778003 0.561567 0.179383 0.340869
0 0.443994 0.777800 0.202922 0.385917
0 0.543831 0.644907 0.112013 0.243263
0 0.651380 0.614123 0.137175 0.223742
0 0.658685 0.858888 0.125812 0.193709
0 0.773133 0.828105 0.109578 0.231250
0 0.559659 0.874655 0.077110 0.150162