0 0.360390 0.230459 0.220779 0.264286
0 0.503653 0.114083 0.078734 0.175690
0 0.587662 0.105073 0.087662 0.160674
0 0.671266 0.126847 0.097403 0.180195
0 0.673295 0.301035 0.094968 0.150162
0 0.562094 0.280012 0.106331 0.195211
0 0.609172 0.425670 0.107955 0.195211
0 0.700893 0.561567 0.169643 0.328856
0 0.584821 0.617877 0.143669 0.228247
0 0.498782 0.475223 0.081981 0.192208
0 0.366071 0.493243 0.120130 0.222240
0 0.467938 0.659172 0.111201 0.244765
0 0.368506 0.777800 0.199675 0.382914
0 0.483766 0.876907 0.073052 0.148661
0 0.586039 0.852131 0.133117 0.210227
0 0.702922 0.831859 0.102273 0.211729