0 0.624155 0.232813 0.194257 0.268750
0 0.753378 0.117188 0.081081 0.187500
0 0.829392 0.104688 0.091216 0.168750
0 0.916385 0.121875 0.103041 0.178125
0 0.926520 0.296875 0.099662 0.153125
0 0.806588 0.279687 0.109797 0.187500
0 0.853041 0.423438 0.111486 0.187500
0 0.752534 0.464062 0.069257 0.168750
0 0.631757 0.485938 0.114865 0.200000
0 0.627534 0.767188 0.180743 0.375000
0 0.726351 0.642188 0.104730 0.218750
0 0.831081 0.615625 0.155405 0.228125
0 0.929054 0.557813 0.131757 0.337500
0 0.744932 0.868750 0.057432 0.159375
0 0.835304 0.851563 0.130068 0.193750
0 0.947635 0.837500 0.097973 0.203125