0 0.189935 0.133604 0.097403 0.142654
0 0.095373 0.129099 0.090097 0.148661
0 0.028815 0.145617 0.057630 0.160674
0 0.082792 0.283015 0.116883 0.186201
0 0.197240 0.301035 0.089286 0.153166
0 0.125406 0.432427 0.116071 0.187703
0 0.245130 0.575832 0.181818 0.339367
0 0.117695 0.635897 0.150974 0.225244
0 0.043425 0.474472 0.081981 0.187703
0 0.028003 0.677942 0.056006 0.201218
0 0.116071 0.862642 0.136364 0.204221
0 0.247159 0.839367 0.120942 0.220739
0 0.030438 0.871652 0.054383 0.156169
0 0.021104 0.305540 0.038961 0.132143