0 0.044237 0.128348 0.081981 0.150162
0 0.127029 0.120840 0.083604 0.162175
0 0.217532 0.133604 0.092532 0.148661
0 0.036120 0.270252 0.072240 0.202719
0 0.111607 0.283766 0.114448 0.190706
0 0.227273 0.302537 0.089286 0.153166
0 0.156656 0.430925 0.108766 0.187703
0 0.274351 0.577334 0.173701 0.327354
0 0.145292 0.631392 0.150974 0.234253
0 0.074675 0.475974 0.081169 0.181696
0 0.040584 0.662175 0.081168 0.223742
0 0.144886 0.862642 0.137175 0.210227
0 0.278003 0.843121 0.120942 0.213231
0 0.049107 0.868649 0.075487 0.156169