0 0.314189 0.123438 0.087838 0.175000
0 0.223818 0.129688 0.089527 0.137500
0 0.141892 0.139063 0.091216 0.150000
0 0.074324 0.251563 0.145270 0.256250
0 0.204392 0.276562 0.108108 0.206250
0 0.326014 0.303125 0.084459 0.159375
0 0.250000 0.432812 0.108108 0.193750
0 0.159628 0.470313 0.079392 0.168750
0 0.050676 0.496875 0.101351 0.215625
0 0.120777 0.657813 0.109797 0.243750
0 0.240709 0.631250 0.150338 0.234375
0 0.371622 0.573438 0.179054 0.325000
0 0.371622 0.848437 0.121622 0.212500
0 0.238176 0.868750 0.128378 0.209375
0 0.134291 0.882813 0.076014 0.156250
0 0.065878 0.768750 0.131756 0.384375