0 0.280405 0.235937 0.222973 0.275000
0 0.421453 0.118750 0.086149 0.190625
0 0.509291 0.112500 0.082770 0.178125
0 0.597973 0.121875 0.087838 0.171875
0 0.484797 0.279687 0.104730 0.187500
0 0.608953 0.301563 0.082770 0.156250
0 0.534628 0.423438 0.103041 0.193750
0 0.629223 0.565625 0.184122 0.340625
0 0.425676 0.475000 0.081081 0.209375
0 0.289696 0.496875 0.130068 0.215625
0 0.391047 0.651563 0.116554 0.256250
0 0.504223 0.614062 0.153716 0.231250
0 0.290541 0.782813 0.199324 0.393750
0 0.406250 0.881250 0.076014 0.140625
0 0.510980 0.856250 0.130068 0.203125
0 0.635135 0.839063 0.114865 0.218750