0 0.235642 0.226563 0.231419 0.281250
0 0.369932 0.115625 0.087838 0.178125
0 0.456081 0.107813 0.081081 0.181250
0 0.546453 0.123438 0.089527 0.168750
0 0.561655 0.301563 0.086149 0.156250
0 0.434122 0.276562 0.104730 0.193750
0 0.483108 0.420312 0.097973 0.193750
0 0.590372 0.565625 0.197635 0.321875
0 0.459459 0.615625 0.148649 0.234375
0 0.376689 0.473438 0.081081 0.187500
0 0.245777 0.498437 0.126689 0.225000
0 0.337838 0.653125 0.121622 0.265625
0 0.239865 0.776563 0.195946 0.381250
0 0.359797 0.879687 0.084459 0.156250
0 0.462838 0.854688 0.125000 0.212500
0 0.592061 0.843750 0.116554 0.203125