0 0.564529 0.381345 0.078734 0.139205
0 0.422078 0.131439 0.142857 0.262500
0 0.260552 0.169886 0.134740 0.190909
0 0.134334 0.153314 0.094968 0.141856
0 0.049513 0.143371 0.099026 0.175000
0 0.049919 0.364773 0.099838 0.249242
0 0.151786 0.338920 0.118506 0.155114
0 0.307630 0.397254 0.175325 0.210795
0 0.340097 0.653125 0.186688 0.202841
0 0.153003 0.522538 0.168019 0.270455
0 0.051136 0.586174 0.102272 0.251894
0 0.096185 0.718087 0.059253 0.189583
0 0.165179 0.758523 0.075487 0.129924
0 0.027192 0.745265 0.054383 0.124621