0 0.657062 0.382670 0.080357 0.136553
0 0.516640 0.130682 0.124188 0.261364
0 0.335227 0.171212 0.134740 0.198864
0 0.394886 0.397917 0.163149 0.212121
0 0.444399 0.653788 0.174513 0.198864
0 0.174107 0.142708 0.103084 0.152462
0 0.063312 0.134091 0.126623 0.177652
0 0.199675 0.521875 0.173701 0.279735
0 0.188312 0.336269 0.116883 0.149811
0 0.097808 0.356155 0.163149 0.250568
0 0.031250 0.407860 0.060877 0.261174
0 0.073052 0.589489 0.146104 0.247917
0 0.135146 0.725379 0.064123 0.193561
0 0.213880 0.761174 0.091721 0.140530
0 0.045049 0.748580 0.090097 0.133902