0 0.106132 0.129226 0.174528 0.200314
0 0.239387 0.127300 0.115566 0.169497
0 0.466392 0.167748 0.130896 0.196462
0 0.676887 0.129137 0.125000 0.258274
0 0.790094 0.380582 0.091981 0.144458
0 0.533019 0.396954 0.160377 0.215723
0 0.293042 0.340134 0.119104 0.152162
0 0.319575 0.523113 0.181604 0.283137
0 0.138561 0.348801 0.128538 0.258097
0 0.059552 0.410436 0.116745 0.281211
0 0.123231 0.592453 0.161557 0.252319
0 0.193986 0.739800 0.069575 0.196462
0 0.336675 0.767728 0.100236 0.152162
0 0.589623 0.653125 0.169811 0.208019
0 0.099057 0.763876 0.091981 0.125197