0 0.605519 0.132765 0.126623 0.262500
0 0.735390 0.381345 0.086039 0.136553
0 0.412744 0.169223 0.130682 0.197538
0 0.475244 0.393277 0.159903 0.210795
0 0.527192 0.651136 0.166396 0.204167
0 0.209010 0.141383 0.093344 0.157765
0 0.242695 0.336269 0.112013 0.147159
0 0.277192 0.518561 0.161526 0.286364
0 0.279221 0.763163 0.105519 0.152462
0 0.178166 0.732008 0.070617 0.193561
0 0.088474 0.130777 0.176948 0.186932
0 0.119318 0.353504 0.120130 0.255871
0 0.042614 0.410511 0.085227 0.285038
0 0.106737 0.590152 0.155032 0.254545
0 0.078734 0.762500 0.092532 0.127273
0 0.040584 0.759848 0.001623 0.000000