0 0.757665 0.148487 0.163915 0.227280
0 0.448113 0.186046 0.127358 0.233058
0 0.624410 0.287166 0.137972 0.219575
0 0.456368 0.401769 0.084906 0.144458
0 0.566627 0.545263 0.140330 0.223428
0 0.706368 0.642531 0.096698 0.159866
0 0.794811 0.507704 0.099057 0.152162
0 0.742335 0.789878 0.116745 0.123270
0 0.925118 0.636753 0.133255 0.198388
0 0.236439 0.736910 0.152123 0.182980
0 0.192807 0.378656 0.173349 0.441077
0 0.047170 0.208196 0.094340 0.177201
0 0.057783 0.510594 0.096698 0.127123
0 0.104363 0.736910 0.104953 0.129049