0 0.243514 0.125373 0.178066 0.219575
0 0.527123 0.144634 0.094340 0.173349
0 0.816038 0.164858 0.139151 0.198388
0 0.972877 0.161969 0.047170 0.192610
0 0.626769 0.339171 0.112028 0.154088
0 0.418632 0.355542 0.113208 0.240763
0 0.201651 0.417178 0.191038 0.275432
0 0.380307 0.597268 0.156840 0.261950
0 0.303656 0.786989 0.100236 0.148310
0 0.528892 0.746541 0.086085 0.202241
0 0.681014 0.515409 0.166274 0.286989
0 0.892689 0.395991 0.179245 0.221502
0 0.690448 0.766765 0.076651 0.157940
0 0.928066 0.638679 0.136792 0.179127