0 0.082227 0.185558 0.152655 0.184292
0 0.209440 0.146411 0.115044 0.137316
0 0.085177 0.348771 0.133481 0.146952
0 0.220870 0.287340 0.118732 0.156588
0 0.029130 0.396952 0.058260 0.127679
0 0.230252 0.441058 0.108161 0.120452
0 0.044657 0.604337 0.089314 0.152573
0 0.130285 0.509983 0.117994 0.172648
0 0.250737 0.614375 0.147493 0.194062
0 0.127008 0.657203 0.085218 0.116437
0 0.037693 0.732820 0.075385 0.107069
0 0.115946 0.762264 0.102425 0.120452
0 0.190921 0.785016 0.073746 0.115099
0 0.298263 0.772971 0.083579 0.125806