0 0.052852 0.204168 0.105703 0.262318
0 0.068420 0.388192 0.136840 0.137851
0 0.046296 0.547457 0.092592 0.178002
0 0.040151 0.725459 0.080302 0.172648
0 0.167568 0.187439 0.141757 0.210122
0 0.159784 0.344027 0.106522 0.159265
0 0.124549 0.607014 0.124549 0.152573
0 0.115946 0.741519 0.087676 0.111084
0 0.226155 0.516675 0.062275 0.169972
0 0.216732 0.677947 0.056539 0.115099
0 0.191331 0.778324 0.074566 0.117776
0 0.271632 0.139258 0.128646 0.140528
0 0.348656 0.291831 0.130285 0.156588
0 0.357670 0.441058 0.117175 0.120452
0 0.296624 0.783008 0.075385 0.121791
0 0.380203 0.617052 0.162242 0.199415
0 0.437971 0.775647 0.077843 0.131159