0 0.024428 0.204093 0.048856 0.264995
0 0.044248 0.390794 0.088496 0.135509
0 0.063145 0.602338 0.117072 0.158094
0 0.064528 0.737094 0.094027 0.111418
0 0.123064 0.185272 0.165007 0.197241
0 0.241980 0.140855 0.113385 0.129486
0 0.114768 0.347130 0.128134 0.150565
0 0.163164 0.509741 0.117994 0.177667
0 0.159937 0.662565 0.087574 0.121958
0 0.141962 0.766455 0.097714 0.124969
0 0.271479 0.290668 0.133665 0.155082
0 0.280236 0.439728 0.123525 0.121958
0 0.303282 0.616642 0.167773 0.195735
0 0.229535 0.780758 0.062684 0.114430
0 0.364122 0.771724 0.081121 0.129486