0 0.090842 0.203182 0.181684 0.269375
0 0.104650 0.387227 0.167158 0.133071
0 0.010535 0.393536 0.021070 0.129630
0 0.074449 0.547830 0.148897 0.181252
0 0.071288 0.729082 0.142576 0.176663
0 0.269350 0.182458 0.160837 0.205343
0 0.250386 0.344208 0.129934 0.159456
0 0.188580 0.608056 0.127125 0.147984
0 0.171021 0.745142 0.076556 0.123894
0 0.386290 0.138865 0.113780 0.136513
0 0.370487 0.520298 0.104650 0.174369
0 0.329049 0.677459 0.100435 0.135365
0 0.276724 0.779557 0.099733 0.110128
0 0.525355 0.283982 0.112375 0.151426
0 0.533080 0.438276 0.101138 0.120452
0 0.545372 0.616660 0.184717 0.197312
0 0.436859 0.783572 0.071639 0.122747
0 0.581894 0.774968 0.077960 0.130777