0 0.058178 0.200822 0.116355 0.260980
0 0.072927 0.387523 0.145854 0.139189
0 0.051213 0.548795 0.102425 0.178002
0 0.052852 0.725459 0.105703 0.178002
0 0.126188 0.742858 0.086857 0.111084
0 0.136840 0.607014 0.124549 0.149896
0 0.172484 0.343357 0.115536 0.155250
0 0.181088 0.184762 0.144215 0.204769
0 0.288020 0.139258 0.125369 0.153911
0 0.381023 0.287815 0.126188 0.156588
0 0.389626 0.439050 0.113897 0.121791
0 0.244182 0.522697 0.081940 0.168633
0 0.239266 0.675940 0.068830 0.129821
0 0.204851 0.778993 0.075385 0.113761
0 0.414208 0.615713 0.158145 0.196739
0 0.329400 0.781670 0.075385 0.121791
0 0.471976 0.776986 0.078663 0.131159