0 0.126010 0.202204 0.252020 0.273374
0 0.066692 0.388119 0.133384 0.125689
0 0.183083 0.393880 0.160959 0.162349
0 0.137553 0.550992 0.162242 0.177013
0 0.029819 0.706532 0.059638 0.253474
0 0.139156 0.738478 0.164166 0.177013
0 0.281198 0.611742 0.136591 0.162349
0 0.265807 0.753666 0.092984 0.121500
0 0.381878 0.352507 0.121200 0.157112
0 0.402078 0.183350 0.151340 0.193771
0 0.519110 0.134646 0.104527 0.134069
0 0.666603 0.285997 0.113505 0.164444
0 0.671412 0.437871 0.105169 0.122547
0 0.505002 0.522712 0.094267 0.179107
0 0.496665 0.675634 0.090419 0.137211
0 0.439272 0.783517 0.094908 0.112073
0 0.706682 0.616979 0.152623 0.195866
0 0.602475 0.786136 0.071181 0.119405
0 0.747403 0.778280 0.082724 0.130926