0 0.110619 0.200822 0.221238 0.271687
0 0.032366 0.393546 0.064732 0.127144
0 0.142167 0.386854 0.172894 0.143204
0 0.097509 0.552811 0.163881 0.186032
0 0.015978 0.701368 0.031956 0.250273
0 0.094231 0.734827 0.157325 0.178002
0 0.224107 0.608352 0.130285 0.152573
0 0.210587 0.752226 0.088496 0.121791
0 0.333907 0.185431 0.158145 0.195400
0 0.313832 0.350718 0.122911 0.153911
0 0.453540 0.135243 0.110619 0.129821
0 0.437152 0.520690 0.100787 0.169972
0 0.428548 0.673263 0.093412 0.140528
0 0.372829 0.783677 0.091773 0.109745
0 0.596116 0.287146 0.112258 0.160603
0 0.602671 0.439719 0.102425 0.123129
0 0.634218 0.615044 0.149131 0.198077
0 0.536300 0.784347 0.071288 0.121791
0 0.680515 0.778324 0.079482 0.125806