0 0.124666 0.201960 0.249332 0.281055
0 0.065318 0.389521 0.130636 0.126188
0 0.184015 0.392962 0.161540 0.160603
0 0.031254 0.704991 0.062508 0.252376
0 0.138011 0.550124 0.165051 0.176663
0 0.136957 0.738833 0.157325 0.175516
0 0.402444 0.183605 0.154516 0.196165
0 0.519736 0.134277 0.105352 0.129630
0 0.381725 0.349944 0.118696 0.150279
0 0.280938 0.612071 0.133446 0.160603
0 0.265136 0.752599 0.092007 0.125041
0 0.506743 0.523166 0.097626 0.173222
0 0.496559 0.676312 0.089900 0.144543
0 0.439668 0.782425 0.095519 0.115864
0 0.666175 0.286850 0.111673 0.159456
0 0.670740 0.437702 0.103947 0.121599
0 0.707262 0.616086 0.148897 0.196165
0 0.602964 0.784719 0.072342 0.122747
0 0.747998 0.779557 0.082877 0.128482