0 0.135324 0.201217 0.270648 0.283063
0 0.074853 0.387918 0.149705 0.126475
0 0.207965 0.393338 0.169617 0.171042
0 0.023599 0.506563 0.047198 0.105998
0 0.041667 0.707117 0.083333 0.254154
0 0.156342 0.553540 0.165192 0.175860
0 0.155605 0.741445 0.165192 0.175860
0 0.308260 0.753491 0.089971 0.125270
0 0.324484 0.608346 0.126844 0.162611
0 0.446534 0.184353 0.151180 0.193928
0 0.425885 0.350578 0.115782 0.152974
0 0.565265 0.133764 0.105457 0.128884
0 0.549779 0.526438 0.092183 0.184292
0 0.540929 0.675799 0.087758 0.138520
0 0.483038 0.783604 0.095870 0.115634
0 0.713864 0.287340 0.115044 0.158997
0 0.716077 0.436701 0.106195 0.122861
0 0.752950 0.614971 0.153392 0.199951
0 0.646755 0.785411 0.073746 0.119248
0 0.791298 0.779388 0.082596 0.126475