0 0.030025 0.196253 0.060050 0.197886
0 0.190160 0.197974 0.287611 0.287365
0 0.051622 0.448342 0.103244 0.227139
0 0.145386 0.391558 0.183312 0.134218
0 0.338706 0.400162 0.167509 0.158309
0 0.079014 0.709036 0.158028 0.256391
0 0.223873 0.559331 0.154867 0.180678
0 0.220185 0.756356 0.155921 0.185841
0 0.584176 0.183347 0.140118 0.189282
0 0.561525 0.347679 0.105352 0.146264
0 0.457754 0.610093 0.112727 0.161750
0 0.702697 0.136887 0.101138 0.134218
0 0.691635 0.520614 0.093763 0.175516
0 0.442478 0.756356 0.082174 0.117011
0 0.849136 0.286592 0.130636 0.165192
0 0.851770 0.436297 0.121155 0.123894
0 0.678993 0.674621 0.093763 0.142822
0 0.617889 0.783028 0.091656 0.115290
0 0.890750 0.613534 0.171724 0.203048
0 0.779604 0.786469 0.073746 0.122173
0 0.926043 0.779586 0.088496 0.129056