0 0.146328 0.199762 0.274026 0.276406
0 0.103633 0.386146 0.166900 0.126792
0 0.037261 0.444470 0.074522 0.220618
0 0.257724 0.408969 0.108679 0.147079
0 0.059385 0.708831 0.118770 0.254852
0 0.178544 0.554779 0.141282 0.174973
0 0.178932 0.743065 0.140506 0.178777
0 0.330694 0.752575 0.086943 0.124256
0 0.346996 0.611202 0.125757 0.163562
0 0.470424 0.182011 0.147493 0.192724
0 0.587254 0.134464 0.103245 0.130596
0 0.449076 0.350644 0.114113 0.154686
0 0.572504 0.519912 0.090824 0.173705
0 0.563965 0.675866 0.089272 0.143275
0 0.505744 0.782371 0.093930 0.115381
0 0.735911 0.290418 0.121099 0.166097
0 0.739016 0.435595 0.111784 0.119184
0 0.775889 0.616907 0.157584 0.197795
0 0.668763 0.785541 0.073746 0.116649
0 0.813538 0.778567 0.083838 0.128060