0 0.239676 0.180801 0.264012 0.286676
0 0.056785 0.196460 0.113569 0.197542
0 0.080383 0.444592 0.140118 0.221632
0 0.188053 0.384366 0.163717 0.125270
0 0.100295 0.711996 0.200590 0.269813
0 0.275811 0.565044 0.144543 0.178269
0 0.267699 0.754154 0.131268 0.195133
0 0.406342 0.397616 0.154867 0.171042
0 0.527286 0.612021 0.110619 0.166224
0 0.508112 0.762586 0.075221 0.125270
0 0.654867 0.183210 0.138643 0.204769
0 0.771386 0.136234 0.106195 0.139725
0 0.634956 0.351844 0.107670 0.151770
0 0.917896 0.285955 0.144543 0.162209
0 0.760079 0.522845 0.100295 0.176663
0 0.920354 0.439331 0.125860 0.122058
0 0.747788 0.674615 0.097345 0.142937
0 0.684366 0.782219 0.094395 0.120452
0 0.935103 0.610374 0.129794 0.191118
0 0.845133 0.786234 0.075713 0.125270
0 0.973451 0.780613 0.053097 0.133301