0 0.057522 0.196018 0.115044 0.200754
0 0.245821 0.193609 0.279253 0.295510
0 0.079646 0.444952 0.139626 0.223238
0 0.196657 0.388741 0.176991 0.133301
0 0.110186 0.713575 0.220371 0.263578
0 0.303227 0.565490 0.160507 0.185638
0 0.282839 0.761047 0.159639 0.185638
0 0.438574 0.398273 0.141419 0.162965
0 0.689311 0.177917 0.143155 0.192724
0 0.804702 0.133987 0.106715 0.130372
0 0.670224 0.349384 0.106715 0.147377
0 0.563942 0.610836 0.112788 0.162965
0 0.542252 0.753254 0.072879 0.127538
0 0.792556 0.522268 0.106715 0.178553
0 0.781711 0.675314 0.098907 0.147377
0 0.717508 0.785846 0.095436 0.121869
0 0.942044 0.288449 0.115912 0.161548
0 0.944213 0.440078 0.111574 0.119035
0 0.952889 0.608711 0.094222 0.181387
0 0.878015 0.785138 0.081555 0.117618