0 0.044248 0.158397 0.088496 0.122173
0 0.056890 0.284011 0.113780 0.122173
0 0.163295 0.186789 0.151707 0.206490
0 0.023704 0.433716 0.047408 0.166912
0 0.079541 0.435437 0.064265 0.166912
0 0.044248 0.581700 0.088496 0.115290
0 0.172250 0.446622 0.119048 0.227139
0 0.158555 0.730545 0.277075 0.292527
0 0.405078 0.197113 0.272861 0.289086
0 0.345554 0.392418 0.174884 0.132498
0 0.478298 0.565353 0.141172 0.185841
0 0.463021 0.760658 0.144332 0.187561
0 0.872173 0.176745 0.163225 0.194330
0 0.643068 0.394363 0.129794 0.167027
0 0.851524 0.351000 0.123894 0.154179
0 0.970501 0.130973 0.058997 0.128482
0 0.750246 0.606359 0.123894 0.167027
0 0.957227 0.518027 0.085546 0.167027
0 0.725172 0.757325 0.081613 0.128482
0 0.953294 0.674615 0.093412 0.152573
0 0.895280 0.783022 0.103245 0.128482