0 0.021663 0.165699 0.043326 0.121958
0 0.093105 0.151395 0.103245 0.132498
0 0.225387 0.180002 0.159476 0.207780
0 0.089417 0.277870 0.127212 0.123464
0 0.014288 0.345624 0.028576 0.225848
0 0.055310 0.434458 0.073746 0.171645
0 0.135048 0.438975 0.083886 0.171645
0 0.244746 0.448762 0.137353 0.227354
0 0.072824 0.583518 0.121681 0.114430
0 0.048857 0.738600 0.086652 0.171645
0 0.220317 0.734836 0.280236 0.287580
0 0.483499 0.390041 0.153945 0.130992
0 0.551254 0.195812 0.263643 0.293603
0 0.621313 0.564697 0.141962 0.182184
0 0.600572 0.758174 0.139196 0.198746
0 0.788625 0.396817 0.153945 0.165622
0 0.959532 0.179250 0.080936 0.197241
0 0.959993 0.348636 0.080014 0.159599
0 0.888182 0.607608 0.135509 0.165622
0 0.860066 0.755162 0.086652 0.129486