0 0.055310 0.156690 0.100787 0.130490
0 0.063913 0.281158 0.127826 0.122460
0 0.188668 0.182788 0.165929 0.210792
0 0.030113 0.435738 0.060226 0.170641
0 0.096485 0.438750 0.067601 0.168633
0 0.194813 0.447784 0.133972 0.234882
0 0.052852 0.581285 0.105703 0.120452
0 0.025811 0.731850 0.051622 0.172648
0 0.184366 0.732854 0.290069 0.303138
0 0.473820 0.197845 0.264258 0.289086
0 0.414208 0.390569 0.162242 0.128482
0 0.548795 0.564221 0.141347 0.182686
0 0.529744 0.757948 0.140118 0.200754
0 0.927729 0.182788 0.144542 0.202761
0 0.919985 0.348410 0.133972 0.156588
0 0.715954 0.395588 0.133972 0.170641
0 0.820428 0.613405 0.129056 0.164618
0 0.954769 0.782039 0.090462 0.124467
0 0.793387 0.756944 0.087266 0.130490