0 0.041298 0.164700 0.082596 0.128482
0 0.136185 0.149443 0.126844 0.139725
0 0.033923 0.343773 0.067846 0.229662
0 0.117502 0.281137 0.126844 0.136513
0 0.085546 0.436119 0.074730 0.167027
0 0.023107 0.522042 0.046214 0.114028
0 0.171583 0.440134 0.093412 0.168633
0 0.104228 0.583071 0.119961 0.117240
0 0.020649 0.701114 0.041298 0.231268
0 0.307768 0.451377 0.133727 0.236087
0 0.284661 0.182366 0.160275 0.199148
0 0.258112 0.734841 0.272370 0.276237
0 0.083088 0.741265 0.091445 0.173451
0 0.625860 0.191200 0.266470 0.284267
0 0.553097 0.391953 0.148476 0.130088
0 0.861849 0.392756 0.166175 0.163815
0 0.694199 0.567814 0.141593 0.179875
0 0.671583 0.760538 0.141593 0.195936
0 0.943461 0.611980 0.113078 0.162209
0 0.929695 0.757325 0.093412 0.128482