0 0.019358 0.161935 0.038716 0.123464
0 0.088956 0.148384 0.109698 0.126475
0 0.194967 0.141608 0.109698 0.140026
0 0.067294 0.338849 0.134587 0.233376
0 0.180678 0.266578 0.112463 0.124969
0 0.159015 0.431447 0.091261 0.168633
0 0.067754 0.523292 0.122603 0.132498
0 0.062684 0.713757 0.125368 0.236388
0 0.166851 0.591046 0.110619 0.114430
0 0.153485 0.753657 0.104167 0.177667
0 0.254886 0.455537 0.100479 0.189712
0 0.394082 0.181508 0.152102 0.204769
0 0.421276 0.450267 0.127212 0.236388
0 0.348912 0.734836 0.277471 0.278546
0 0.753595 0.195812 0.270096 0.293603
0 0.678005 0.392559 0.150258 0.126994
0 0.944322 0.394558 0.111356 0.173150
0 0.807698 0.566184 0.155921 0.183546
0 0.787681 0.758335 0.152409 0.196165