0 0.057614 0.156665 0.106010 0.130992
0 0.172382 0.144620 0.127212 0.149060
0 0.051622 0.342613 0.103244 0.234882
0 0.153485 0.273353 0.128134 0.135509
0 0.048396 0.524044 0.096792 0.130992
0 0.128134 0.432952 0.088496 0.171645
0 0.041482 0.706981 0.082964 0.234882
0 0.141040 0.587282 0.117994 0.115935
0 0.126291 0.743117 0.108776 0.180678
0 0.348912 0.179250 0.155789 0.197241
0 0.208794 0.444998 0.104167 0.186701
0 0.375645 0.450267 0.128134 0.233376
0 0.302821 0.733330 0.222161 0.272523
0 0.703355 0.192048 0.267330 0.292097
0 0.628226 0.392300 0.146571 0.132498
0 0.921276 0.396817 0.157448 0.171645
0 0.747142 0.561686 0.177913 0.182184
0 0.707043 0.758174 0.145649 0.198746
0 0.962758 0.617395 0.074484 0.155082
0 0.957227 0.758174 0.085546 0.123464