0 0.200250 0.165022 0.098707 0.194577
0 0.275130 0.135372 0.107783 0.164927
0 0.423758 0.114061 0.114590 0.137130
0 0.600749 0.124253 0.103245 0.138983
0 0.283640 0.406853 0.161107 0.266848
0 0.504879 0.329022 0.124801 0.248317
0 0.215566 0.622740 0.145224 0.187164
0 0.229181 0.786741 0.102110 0.137130
0 0.475947 0.535644 0.103245 0.131571
0 0.503177 0.736707 0.146358 0.270554
0 0.979918 0.173361 0.040163 0.196430
0 0.771500 0.270649 0.115725 0.120452
0 0.720445 0.442988 0.102110 0.190871
0 0.706830 0.603283 0.108918 0.114893
0 0.885523 0.452254 0.116860 0.190871
0 0.712503 0.761724 0.111187 0.201989
0 0.940776 0.729294 0.118448 0.274261