0 0.176991 0.162734 0.112094 0.192724
0 0.251475 0.137439 0.098820 0.175860
0 0.356932 0.119371 0.112094 0.139725
0 0.533186 0.126598 0.107670 0.134907
0 0.219027 0.395206 0.160767 0.262586
0 0.179204 0.618043 0.166667 0.197542
0 0.188053 0.793904 0.125369 0.139725
0 0.438053 0.328958 0.132743 0.245723
0 0.410767 0.528909 0.110619 0.125270
0 0.432891 0.733677 0.151917 0.279449
0 0.704488 0.274565 0.108091 0.127300
0 0.652655 0.446622 0.102191 0.189282
0 0.640013 0.602349 0.106405 0.115290
0 0.642120 0.762379 0.106405 0.204769
0 0.815424 0.450924 0.115887 0.191003
0 0.945638 0.173023 0.108723 0.203048
0 0.965655 0.452644 0.068689 0.232301
0 0.910346 0.736568 0.179308 0.263274