0 0.200817 0.161315 0.106649 0.194577
0 0.277400 0.134445 0.110052 0.159368
0 0.457227 0.115914 0.111187 0.137130
0 0.635920 0.127033 0.103245 0.133424
0 0.314273 0.406853 0.167915 0.266848
0 0.221239 0.621814 0.158838 0.189017
0 0.237690 0.784888 0.119129 0.122305
0 0.540617 0.328095 0.123667 0.246464
0 0.511119 0.528232 0.100976 0.131571
0 0.533810 0.735780 0.146358 0.272408
0 0.806104 0.273429 0.119129 0.129718
0 0.753914 0.442062 0.103245 0.192724
0 0.919560 0.455034 0.123667 0.196430
0 0.958362 0.729294 0.083276 0.270554
0 0.744838 0.601430 0.110052 0.114893
0 0.746540 0.762650 0.117994 0.203842