0 0.200590 0.167552 0.109145 0.207178
0 0.278024 0.136234 0.107670 0.163815
0 0.554572 0.115757 0.100295 0.132498
0 0.735988 0.119371 0.106195 0.130088
0 0.909292 0.266323 0.128319 0.130088
0 0.646018 0.327753 0.126844 0.243314
0 0.412979 0.408456 0.156342 0.274631
0 0.295723 0.628884 0.166667 0.180678
0 0.615044 0.533727 0.103245 0.130088
0 0.334808 0.784267 0.117994 0.125270
0 0.643805 0.736087 0.143068 0.269813
0 0.856195 0.442183 0.110619 0.187906
0 0.842920 0.601180 0.116519 0.120452
0 0.849558 0.763791 0.126844 0.199951
0 0.979351 0.449410 0.041298 0.168633