0 0.201951 0.174287 0.111187 0.205695
0 0.275130 0.134445 0.107783 0.163074
0 0.492398 0.406853 0.149762 0.270554
0 0.373837 0.625520 0.155435 0.189017
0 0.411845 0.787667 0.113456 0.131571
0 0.635353 0.114988 0.102110 0.131571
0 0.815180 0.119620 0.112321 0.129718
0 0.730088 0.327169 0.128205 0.252023
0 0.694350 0.534717 0.104379 0.126012
0 0.725550 0.739486 0.150896 0.283526
0 0.960631 0.272502 0.078738 0.127865
0 0.936578 0.443915 0.121398 0.189017
0 0.921262 0.601430 0.127071 0.118599
0 0.930338 0.764503 0.136147 0.200136