0 0.347128 0.764865 0.167230 0.209685
0 0.368243 0.523452 0.172297 0.212444
0 0.190034 0.237894 0.184122 0.253829
0 0.472973 0.224099 0.179054 0.270383
0 0.561655 0.113739 0.092905 0.165541
0 0.701014 0.555180 0.135135 0.270383
0 0.757601 0.262725 0.089527 0.132432
0 0.761824 0.117877 0.111486 0.184854
0 0.934122 0.526211 0.131756 0.267624
0 0.922297 0.773142 0.155405 0.220721
0 0.822635 0.584150 0.000000 0.002759
0 0.916385 0.269623 0.113176 0.157264
0 0.918074 0.122016 0.113176 0.176577
0 0.040541 0.453097 0.081081 0.204167
0 0.025338 0.682095 0.050676 0.248311