0 0.616554 0.748311 0.158784 0.220721
0 0.901182 0.728998 0.157095 0.303491
0 0.945101 0.483446 0.109797 0.187613
0 0.744088 0.331700 0.140203 0.204167
0 0.651182 0.535867 0.167230 0.220721
0 0.464527 0.152365 0.135135 0.193131
0 0.333615 0.363429 0.190878 0.300732
0 0.378378 0.640709 0.141892 0.137950
0 0.172297 0.585529 0.179054 0.198649
0 0.229730 0.773142 0.131757 0.154505
0 0.110642 0.774521 0.126689 0.162782
0 0.159628 0.159262 0.184122 0.245552
0 0.097973 0.385501 0.172297 0.228998
0 0.045608 0.531729 0.091216 0.217962