0 0.601351 0.781419 0.118243 0.148986
0 0.763514 0.639330 0.118243 0.162782
0 0.956926 0.749690 0.086148 0.212444
0 0.974662 0.546903 0.050676 0.215203
0 0.858953 0.145467 0.146959 0.206926
0 0.731419 0.353773 0.179054 0.309009
0 0.472128 0.592427 0.157095 0.201408
0 0.342905 0.791075 0.121622 0.146227
0 0.410473 0.149606 0.179054 0.248311
0 0.344595 0.407573 0.155405 0.240034
0 0.238176 0.541385 0.141892 0.193131
0 0.146115 0.335839 0.292230 0.521453
0 0.135980 0.774521 0.136824 0.151745
0 0.060811 0.711064 0.118243 0.206926