0 0.568412 0.789696 0.116554 0.160023
0 0.830236 0.778660 0.119932 0.160023
0 0.961149 0.642089 0.077702 0.146227
0 0.926520 0.355152 0.146959 0.306250
0 0.641892 0.139949 0.168919 0.240034
0 0.572635 0.406194 0.145270 0.220721
0 0.708615 0.591047 0.163851 0.204167
0 0.454392 0.535867 0.128378 0.198649
0 0.250845 0.793834 0.126689 0.162782
0 0.157095 0.731757 0.121622 0.215203
0 0.076858 0.715203 0.109797 0.237275
0 0.260980 0.384122 0.322635 0.474550
0 0.114865 0.149606 0.179054 0.176577
0 0.066723 0.342736 0.123311 0.171059