0 0.603041 0.792455 0.121622 0.143468
0 0.865709 0.780039 0.133446 0.157264
0 0.945101 0.362050 0.109797 0.286937
0 0.677365 0.141329 0.172297 0.231757
0 0.608108 0.402055 0.145270 0.228998
0 0.744088 0.596565 0.170608 0.209685
0 0.490709 0.535867 0.140203 0.198649
0 0.277872 0.802111 0.133446 0.151745
0 0.286318 0.386881 0.312500 0.441441
0 0.176520 0.734516 0.123311 0.209685
0 0.101351 0.722100 0.006757 0.002759
0 0.095439 0.723480 0.113176 0.215203
0 0.131757 0.155124 0.182432 0.187613
0 0.092061 0.344116 0.140203 0.162782