0 0.687500 0.796593 0.118243 0.151745
0 0.906250 0.535867 0.140203 0.204167
0 0.971284 0.432404 0.057432 0.184854
0 0.973818 0.789696 0.052364 0.154505
0 0.712838 0.395158 0.324324 0.457995
0 0.598818 0.287556 0.062500 0.110360
0 0.479730 0.133052 0.077703 0.115878
0 0.342061 0.137190 0.173986 0.217962
0 0.420608 0.526211 0.104730 0.157264
0 0.525338 0.756588 0.108108 0.209685
0 0.326858 0.345495 0.136824 0.154505
0 0.309966 0.466892 0.089527 0.148986
0 0.342061 0.766244 0.136824 0.206926
0 0.243243 0.644848 0.135135 0.223480
0 0.182432 0.780039 0.097973 0.140709
0 0.192568 0.279279 0.097973 0.165541
0 0.161318 0.128913 0.092905 0.129673
0 0.082770 0.148226 0.084459 0.129673
0 0.081926 0.258587 0.116554 0.096565
0 0.115709 0.533108 0.231418 0.474550