0 0.739020 0.770383 0.133446 0.209685
0 0.911318 0.751070 0.136824 0.231757
0 0.956081 0.414471 0.087838 0.424887
0 0.964527 0.276520 0.070946 0.115878
0 0.847128 0.126154 0.065878 0.113119
0 0.729730 0.127534 0.155405 0.226239
0 0.806588 0.515175 0.106419 0.162782
0 0.711149 0.344116 0.135135 0.151745
0 0.679899 0.468271 0.082770 0.146227
0 0.616554 0.648986 0.135135 0.237275
0 0.536318 0.795214 0.099662 0.171059
0 0.552365 0.284797 0.084459 0.148986
0 0.323480 0.261346 0.140203 0.129673
0 0.329392 0.574493 0.253378 0.507658
0 0.163851 0.135811 0.101351 0.154505
0 0.086149 0.159262 0.097973 0.151745
0 0.163007 0.781419 0.103041 0.148986
0 0.148649 0.629673 0.108108 0.165541
0 0.119932 0.516554 0.091216 0.137950
0 0.187500 0.461374 0.111486 0.171059
0 0.211993 0.338598 0.113176 0.140709
0 0.042230 0.293074 0.084459 0.148986
0 0.047297 0.661402 0.094594 0.223480
0 0.043074 0.444820 0.086148 0.215203