0 0.858953 0.796593 0.106419 0.179336
0 0.932432 0.650366 0.135135 0.240034
0 0.972128 0.450338 0.055743 0.137950
0 0.976351 0.333080 0.047297 0.151745
0 0.978041 0.167539 0.043918 0.151745
0 0.871622 0.282038 0.101351 0.143468
0 0.669764 0.577252 0.275338 0.513176
0 0.640203 0.250310 0.114865 0.102083
0 0.516892 0.344116 0.087838 0.140709
0 0.471284 0.447579 0.094595 0.137950
0 0.391892 0.629673 0.111486 0.160023
0 0.315034 0.527590 0.099662 0.160023
0 0.403716 0.795214 0.091216 0.126914
0 0.255912 0.799352 0.096284 0.146227
0 0.250000 0.128913 0.094595 0.173818
0 0.179054 0.150985 0.091216 0.157264
0 0.108953 0.189611 0.096284 0.146227
0 0.157939 0.297213 0.146959 0.168300
0 0.159628 0.440681 0.119932 0.212444
0 0.076014 0.440681 0.104730 0.206926
0 0.136824 0.665541 0.195946 0.248311