0 0.951858 0.764865 0.096284 0.226239
0 0.940034 0.137190 0.119932 0.212444
0 0.936655 0.338598 0.119932 0.168300
0 0.908784 0.465512 0.091216 0.151745
0 0.860642 0.647607 0.153716 0.240034
0 0.777027 0.791075 0.108108 0.173818
0 0.793074 0.284797 0.092905 0.143468
0 0.554899 0.257207 0.119932 0.126914
0 0.585304 0.580011 0.271959 0.496622
0 0.434966 0.338598 0.092905 0.135191
0 0.392736 0.451717 0.096284 0.129673
0 0.314189 0.631053 0.114865 0.162782
0 0.249155 0.524831 0.099662 0.154505
0 0.334459 0.797973 0.091216 0.126914
0 0.204392 0.782798 0.087838 0.140709
0 0.204392 0.124775 0.104730 0.165541
0 0.146959 0.160642 0.111486 0.148986
0 0.075169 0.199268 0.096284 0.148986
0 0.118243 0.298592 0.138514 0.171059
0 0.122466 0.447579 0.123311 0.209685
0 0.099662 0.660023 0.189189 0.248311