0 0.953547 0.775901 0.092905 0.215203
0 0.945101 0.142708 0.109797 0.206926
0 0.945946 0.338598 0.108108 0.157264
0 0.923986 0.458615 0.091216 0.148986
0 0.871622 0.647607 0.155405 0.245552
0 0.788851 0.786937 0.111486 0.176577
0 0.803209 0.283418 0.103041 0.151745
0 0.567568 0.248930 0.114865 0.110360
0 0.596284 0.577252 0.273649 0.496622
0 0.446791 0.337218 0.099662 0.126914
0 0.404561 0.447579 0.096284 0.137950
0 0.327703 0.631053 0.111486 0.162782
0 0.253378 0.523452 0.104730 0.157264
0 0.344595 0.797973 0.097973 0.126914
0 0.212838 0.795214 0.087838 0.132432
0 0.216216 0.131672 0.094595 0.179336
0 0.149493 0.156503 0.113176 0.146227
0 0.076858 0.197889 0.096284 0.157264
0 0.123311 0.299972 0.152027 0.168300
0 0.125845 0.448958 0.109797 0.195890
0 0.103885 0.665541 0.187500 0.253829
0 0.048142 0.435163 0.096284 0.206926