0 0.831926 0.792455 0.106419 0.182095
0 0.916385 0.643468 0.157095 0.242793
0 0.960304 0.465512 0.079392 0.140709
0 0.966216 0.317905 0.067568 0.148986
0 0.968750 0.156503 0.062500 0.173818
0 0.844595 0.284797 0.104730 0.143468
0 0.647804 0.578632 0.268581 0.493863
0 0.617399 0.250310 0.113176 0.091047
0 0.494088 0.339977 0.092905 0.137950
0 0.446791 0.443440 0.092905 0.135191
0 0.366554 0.636571 0.114865 0.157264
0 0.300676 0.526211 0.094595 0.157264
0 0.389358 0.793834 0.099662 0.135191
0 0.243243 0.800732 0.094595 0.143468
0 0.239865 0.130293 0.094595 0.171059
0 0.173986 0.149606 0.101351 0.160023
0 0.102196 0.179955 0.099662 0.143468
0 0.147804 0.298592 0.136824 0.171059
0 0.156250 0.450338 0.119932 0.204167
0 0.128378 0.661402 0.189189 0.240034
0 0.068412 0.437922 0.103041 0.201408