0 0.799831 0.586909 0.275338 0.515935
0 0.950169 0.795214 0.099662 0.182095
0 0.963682 0.280659 0.072635 0.162782
0 0.755068 0.251689 0.118243 0.110360
0 0.635135 0.345495 0.094595 0.132432
0 0.588682 0.447579 0.096284 0.143468
0 0.503378 0.635191 0.104730 0.160023
0 0.524493 0.796593 0.086149 0.129673
0 0.429054 0.524831 0.097973 0.160023
0 0.370777 0.797973 0.086149 0.148986
0 0.299831 0.124775 0.109797 0.176577
0 0.238176 0.163401 0.091216 0.154505
0 0.165541 0.181334 0.087838 0.157264
0 0.219595 0.457235 0.121622 0.206926
0 0.213682 0.302731 0.130068 0.140709
0 0.108108 0.235135 0.081081 0.137950
0 0.049831 0.244792 0.099662 0.217962
0 0.130068 0.440681 0.118243 0.195890
0 0.188345 0.672438 0.180743 0.251070
0 0.048986 0.459994 0.097972 0.300732
0 0.037162 0.662782 0.074324 0.171059