0 0.939189 0.254448 0.121622 0.115878
0 0.919764 0.584150 0.160472 0.488345
0 0.703547 0.799352 0.079392 0.118637
0 0.820101 0.345495 0.096284 0.137950
0 0.772804 0.446199 0.092905 0.135191
0 0.689189 0.637950 0.091216 0.148986
0 0.603041 0.520693 0.094595 0.146227
0 0.541385 0.796593 0.092905 0.140709
0 0.393581 0.453097 0.111486 0.198649
0 0.471284 0.119257 0.091216 0.154505
0 0.385135 0.156503 0.097973 0.157264
0 0.359797 0.309628 0.121622 0.143468
0 0.304899 0.192370 0.096284 0.140709
0 0.207770 0.225479 0.094595 0.135191
0 0.217905 0.440681 0.131757 0.212444
0 0.285473 0.684854 0.175676 0.264865
0 0.117399 0.235135 0.109797 0.198649
0 0.096284 0.459994 0.192568 0.284178
0 0.075169 0.697269 0.150338 0.168300