0 0.880912 0.586909 0.238176 0.504899
0 0.858953 0.255828 0.136824 0.118637
0 0.736486 0.345495 0.087838 0.126914
0 0.690878 0.446199 0.097973 0.146227
0 0.607264 0.635191 0.099662 0.148986
0 0.627534 0.800732 0.086149 0.132432
0 0.466216 0.802111 0.087838 0.151745
0 0.525338 0.520693 0.087838 0.157264
0 0.397804 0.123395 0.092905 0.157264
0 0.307432 0.166160 0.114865 0.171059
0 0.239020 0.196509 0.096284 0.148986
0 0.161318 0.226858 0.079392 0.137950
0 0.286318 0.311008 0.143581 0.168300
0 0.318412 0.454476 0.130068 0.206926
0 0.227196 0.680715 0.177365 0.256588
0 0.175676 0.442061 0.121622 0.204167
0 0.081081 0.236515 0.121622 0.206926
0 0.069257 0.464133 0.138514 0.303491
0 0.058277 0.679336 0.116554 0.160023