0 0.896959 0.582770 0.206081 0.507658
0 0.896959 0.251689 0.128378 0.115878
0 0.774493 0.339977 0.096284 0.132432
0 0.723818 0.444820 0.092905 0.132432
0 0.641047 0.633812 0.103041 0.151745
0 0.657095 0.797973 0.084459 0.126914
0 0.499155 0.799352 0.089527 0.140709
0 0.558277 0.524831 0.099662 0.148986
0 0.429899 0.122016 0.092905 0.160023
0 0.340372 0.157883 0.116554 0.165541
0 0.259291 0.199268 0.086149 0.154505
0 0.326014 0.313767 0.131757 0.146227
0 0.349662 0.458615 0.121622 0.209685
0 0.195101 0.436543 0.119932 0.198649
0 0.174831 0.230997 0.079392 0.124155
0 0.087838 0.237894 0.101351 0.187613
0 0.081081 0.459994 0.162162 0.306250
0 0.066723 0.687613 0.133446 0.160023
0 0.250000 0.673818 0.182432 0.281419