0 0.973818 0.253069 0.052364 0.107601
0 0.958615 0.639330 0.082770 0.251070
0 0.899493 0.344116 0.109797 0.146227
0 0.847128 0.446199 0.099662 0.146227
0 0.769426 0.635191 0.106419 0.160023
0 0.786318 0.795214 0.092905 0.132432
0 0.619088 0.796593 0.099662 0.146227
0 0.681588 0.528970 0.096284 0.146227
0 0.553209 0.119257 0.089527 0.160023
0 0.463682 0.153744 0.103041 0.157264
0 0.375000 0.188232 0.094595 0.137950
0 0.443412 0.305490 0.123311 0.146227
0 0.472128 0.457235 0.113176 0.206926
0 0.362331 0.680715 0.184122 0.262106
0 0.295608 0.435163 0.141892 0.195890
0 0.266047 0.221340 0.092905 0.148986
0 0.154561 0.222720 0.092905 0.195890
0 0.129223 0.453097 0.197635 0.281419
0 0.095439 0.697269 0.190878 0.146227
0 0.063345 0.202027 0.126689 0.314527