0 0.958615 0.636571 0.082770 0.168300
0 0.967061 0.795214 0.065878 0.132432
0 0.877534 0.527590 0.099662 0.160023
0 0.818412 0.804870 0.099662 0.157264
0 0.756757 0.116498 0.087838 0.148986
0 0.665541 0.150985 0.094595 0.157264
0 0.586993 0.193750 0.089527 0.154505
0 0.651182 0.305490 0.126689 0.146227
0 0.680743 0.458615 0.114865 0.215203
0 0.568412 0.680715 0.170608 0.262106
0 0.489865 0.435163 0.125000 0.195890
0 0.461149 0.217202 0.091216 0.140709
0 0.309122 0.226858 0.118243 0.220721
0 0.234797 0.440681 0.189189 0.278660
0 0.103041 0.497241 0.185811 0.253829
0 0.107264 0.188232 0.214527 0.331081
0 0.189189 0.717962 0.182432 0.148986
0 0.051520 0.705546 0.103040 0.284178