0 0.152872 0.182714 0.305743 0.336599
0 0.118243 0.704167 0.233108 0.270383
0 0.198480 0.504139 0.190878 0.240034
0 0.314189 0.720721 0.189189 0.160023
0 0.399493 0.436543 0.180743 0.275901
0 0.488176 0.225479 0.111486 0.212444
0 0.635135 0.214443 0.094595 0.151745
0 0.678209 0.437922 0.123311 0.206926
0 0.755912 0.684854 0.180743 0.259347
0 0.769426 0.195130 0.099662 0.168300
0 0.864020 0.453097 0.136824 0.215203
0 0.854730 0.159262 0.097973 0.173818
0 0.929899 0.306869 0.001689 0.000000
0 0.826858 0.308249 0.133446 0.162782
0 0.938345 0.124775 0.099662 0.171059
0 0.978041 0.797973 0.043918 0.143468