0 0.166385 0.178575 0.312500 0.333840
0 0.125000 0.709685 0.250000 0.275901
0 0.349662 0.722100 0.182432 0.168300
0 0.217905 0.512416 0.195946 0.228998
0 0.434122 0.439302 0.182432 0.281419
0 0.519426 0.225479 0.113176 0.206926
0 0.665541 0.211684 0.101351 0.151745
0 0.712838 0.439302 0.125000 0.204167
0 0.788851 0.687613 0.179054 0.253829
0 0.803209 0.196509 0.103041 0.165541
0 0.895270 0.454476 0.131757 0.206926
0 0.885980 0.155124 0.103041 0.171059
0 0.862331 0.311008 0.133446 0.162782
0 0.960304 0.120636 0.079392 0.184854