0 0.547703 0.110424 0.140459 0.150177
0 0.399293 0.118375 0.153710 0.159011
0 0.287986 0.162544 0.111307 0.148410
0 0.189267 0.155477 0.104682 0.148410
0 0.099823 0.175795 0.100707 0.143110
0 0.582818 0.278269 0.099382 0.136042
0 0.483436 0.260601 0.104682 0.136042
0 0.387367 0.306537 0.103357 0.139576
0 0.302562 0.350707 0.098057 0.128975
0 0.197880 0.354240 0.106007 0.143110
0 0.564267 0.526502 0.096731 0.127208
0 0.093198 0.336572 0.095406 0.128975
0 0.466210 0.506184 0.094081 0.128975
0 0.382067 0.493816 0.066254 0.121908
0 0.297261 0.515018 0.098057 0.128975
0 0.197880 0.536219 0.098057 0.132509
0 0.101811 0.485866 0.115283 0.130742
0 0.474161 0.710247 0.178887 0.169611
0 0.336352 0.695230 0.099382 0.139576
0 0.246246 0.688163 0.102032 0.139576
0 0.146864 0.683746 0.099382 0.144876
0 0.089885 0.601590 0.096731 0.136042
0 0.536440 0.856890 0.072880 0.120141
0 0.462898 0.847173 0.074205 0.121908
0 0.379895 0.832008 0.087235 0.122203
0 0.284931 0.844523 0.100486 0.129564
0 0.186653 0.831272 0.100486 0.132509
0 0.071996 0.787102 0.053004 0.185512