0 0.543065 0.106449 0.141784 0.149293
0 0.399956 0.116608 0.147085 0.162544
0 0.289973 0.164311 0.109982 0.144876
0 0.191917 0.156360 0.107332 0.150177
0 0.099161 0.179329 0.109982 0.150177
0 0.633171 0.267668 0.104682 0.136042
0 0.535115 0.252650 0.102032 0.130742
0 0.437721 0.303887 0.108657 0.134276
0 0.350265 0.345406 0.092756 0.136042
0 0.248233 0.347173 0.106007 0.143110
0 0.137883 0.329505 0.106743 0.139576
0 0.597431 0.525029 0.100486 0.135453
0 0.498675 0.506184 0.090106 0.132509
0 0.417182 0.493816 0.067580 0.125442
0 0.329064 0.516784 0.098057 0.136042
0 0.231670 0.531802 0.094081 0.130742
0 0.134276 0.477915 0.111307 0.128975
0 0.507435 0.718640 0.178887 0.166372
0 0.368301 0.698027 0.090548 0.136926
0 0.273336 0.690665 0.092756 0.136926
0 0.182236 0.689929 0.089443 0.138398
0 0.117086 0.604535 0.113737 0.144287
0 0.537250 0.857774 0.072880 0.120730
0 0.464370 0.848940 0.072880 0.120730
0 0.381552 0.831272 0.088339 0.120730
0 0.283827 0.846731 0.100486 0.128092
0 0.185549 0.834953 0.100486 0.125147
0 0.088376 0.788575 0.085027 0.188457