0 0.557641 0.107774 0.139134 0.137809
0 0.411219 0.119258 0.148410 0.160777
0 0.300942 0.163428 0.108216 0.144287
0 0.203769 0.156802 0.106007 0.151649
0 0.112669 0.179623 0.111528 0.150177
0 0.687979 0.264282 0.102694 0.136926
0 0.588597 0.248086 0.104903 0.139870
0 0.490319 0.296673 0.107111 0.139870
0 0.403637 0.342314 0.101590 0.131037
0 0.302599 0.343051 0.107111 0.138398
0 0.194383 0.326119 0.107111 0.139870
0 0.631110 0.528563 0.099382 0.135453
0 0.533937 0.507951 0.097173 0.135453
0 0.448358 0.493227 0.071776 0.120730
0 0.362780 0.509423 0.097173 0.129564
0 0.267263 0.526355 0.102694 0.131037
0 0.171194 0.472615 0.109320 0.123675
0 0.084511 0.468934 0.079505 0.139870
0 0.553813 0.720701 0.178887 0.166372
0 0.416335 0.700824 0.102694 0.135453
0 0.318610 0.697144 0.094965 0.136926
0 0.158495 0.597762 0.110424 0.141343
0 0.564304 0.861307 0.073984 0.120730
0 0.488663 0.857627 0.072880 0.116313
0 0.406949 0.843640 0.088339 0.117786
0 0.307016 0.859099 0.100486 0.128092
0 0.210395 0.842167 0.101590 0.132509
0 0.224750 0.695671 0.094965 0.136926
0 0.120399 0.781802 0.113737 0.197291