0 0.657686 0.099823 0.140459 0.132509
0 0.511263 0.106007 0.147085 0.151943
0 0.399293 0.150177 0.106007 0.141343
0 0.301237 0.143110 0.103357 0.151943
0 0.210984 0.165194 0.111602 0.150177
0 0.118191 0.218051 0.104903 0.148704
0 0.707303 0.261484 0.106007 0.141343
0 0.606817 0.249706 0.108216 0.135453
0 0.510748 0.297556 0.103799 0.142815
0 0.422961 0.343934 0.100486 0.132509
0 0.321371 0.345406 0.096069 0.126620
0 0.212051 0.315224 0.104903 0.131037
0 0.729940 0.537544 0.102694 0.136926
0 0.632214 0.516196 0.097173 0.141343
0 0.546084 0.500736 0.070671 0.119258
0 0.460505 0.513987 0.096069 0.133981
0 0.365540 0.527238 0.098277 0.136926
0 0.271128 0.467609 0.108216 0.129564
0 0.098866 0.368227 0.108216 0.160483
0 0.169538 0.452150 0.112633 0.154594
0 0.706198 0.728799 0.178887 0.150177
0 0.563751 0.718492 0.097173 0.132509
0 0.468235 0.717020 0.096069 0.138398
0 0.372718 0.725118 0.090548 0.131037
0 0.272232 0.586720 0.092756 0.131037
0 0.701229 0.889282 0.073984 0.123675
0 0.627797 0.889282 0.075088 0.126620
0 0.543323 0.877503 0.087235 0.123675
0 0.445598 0.893698 0.103799 0.132509
0 0.351737 0.876031 0.110424 0.141343
0 0.262846 0.805359 0.124779 0.212014
0 0.181132 0.709658 0.124779 0.153121
0 0.110461 0.636779 0.126988 0.322438