0 0.078595 0.156355 0.107860 0.135452
0 0.180811 0.145485 0.099080 0.137124
0 0.286162 0.134615 0.096572 0.132107
0 0.402801 0.217391 0.129181 0.240803
0 0.278010 0.291806 0.102843 0.142140
0 0.190844 0.302676 0.068980 0.107023
0 0.126254 0.292642 0.070234 0.090301
0 0.128763 0.446488 0.140468 0.170569
0 0.321906 0.463211 0.233278 0.237458
0 0.031564 0.451505 0.061455 0.264214
0 0.155727 0.632107 0.144231 0.130435
0 0.300585 0.664716 0.102843 0.142140
0 0.380226 0.637960 0.099080 0.148829
0 0.309365 0.859532 0.100334 0.133779
0 0.422868 0.866221 0.099080 0.130435
0 0.177676 0.810201 0.255853 0.225753
0 0.034699 0.645485 0.067726 0.093645