0 0.133779 0.197324 0.220736 0.280936
0 0.298704 0.221572 0.124164 0.235786
0 0.414716 0.199833 0.122910 0.195652
0 0.520694 0.136288 0.099080 0.125418
0 0.621656 0.133779 0.097826 0.137124
0 0.720109 0.128763 0.101589 0.130435
0 0.540134 0.280100 0.070234 0.085284
0 0.611622 0.290134 0.077759 0.105351
0 0.710702 0.284281 0.100334 0.133779
0 0.829849 0.217391 0.130435 0.240803
0 0.144440 0.418060 0.111622 0.147157
0 0.278637 0.448161 0.119147 0.200669
0 0.361413 0.392977 0.086538 0.123746
0 0.467391 0.372074 0.097826 0.132107
0 0.590301 0.434783 0.140468 0.167224
0 0.778428 0.458194 0.233278 0.227425
0 0.469273 0.515886 0.104097 0.142140
0 0.183946 0.602007 0.080268 0.197324
0 0.296823 0.618729 0.155518 0.187291
0 0.446070 0.679766 0.183110 0.162207
0 0.607860 0.626254 0.145485 0.145485
0 0.725125 0.655518 0.099080 0.140468
0 0.812918 0.631271 0.089047 0.145485
0 0.235995 0.839465 0.237040 0.240803
0 0.430393 0.858696 0.151756 0.155518
0 0.619147 0.814381 0.223244 0.237458
0 0.762124 0.849498 0.112876 0.130435
0 0.858696 0.850334 0.095318 0.142140
0 0.087584 0.742475 0.175167 0.321070
0 0.047241 0.430602 0.090301 0.249164