0 0.038462 0.238294 0.075251 0.229097
0 0.145694 0.210702 0.136706 0.220736
0 0.249791 0.134615 0.101589 0.135452
0 0.351380 0.134615 0.094064 0.138796
0 0.449833 0.132943 0.097826 0.125418
0 0.567099 0.216555 0.126672 0.242475
0 0.109950 0.392140 0.092809 0.118729
0 0.189590 0.369565 0.099080 0.130435
0 0.279264 0.276756 0.070234 0.091973
0 0.345109 0.298495 0.058946 0.095318
0 0.440426 0.289298 0.099080 0.137124
0 0.193980 0.518395 0.102843 0.133779
0 0.313127 0.443980 0.140468 0.168896
0 0.498746 0.462375 0.233278 0.232441
0 0.156355 0.678094 0.185619 0.148829
0 0.335075 0.639632 0.141722 0.122074
0 0.466137 0.659699 0.102843 0.132107
0 0.547659 0.637960 0.092809 0.138796
0 0.141931 0.841137 0.156773 0.157191
0 0.346990 0.814381 0.225753 0.224080
0 0.479933 0.853679 0.102843 0.138796
0 0.587793 0.856187 0.095318 0.137124
0 0.043687 0.458194 0.087374 0.220736
0 0.030309 0.834448 0.058946 0.214047