0 0.069398 0.182274 0.138796 0.187291
0 0.222826 0.190635 0.223244 0.277592
0 0.389005 0.223244 0.121656 0.235786
0 0.503135 0.203177 0.111622 0.205686
0 0.608487 0.132943 0.099080 0.128763
0 0.709448 0.135452 0.092809 0.130435
0 0.807274 0.132107 0.100334 0.127090
0 0.909490 0.217391 0.129181 0.240803
0 0.618520 0.280100 0.066472 0.085284
0 0.692517 0.288462 0.073997 0.102007
0 0.795987 0.289298 0.095318 0.130435
0 0.091973 0.433110 0.183946 0.284281
0 0.236622 0.411371 0.110368 0.147157
0 0.362040 0.448997 0.117893 0.195652
0 0.266095 0.599498 0.089047 0.188963
0 0.454849 0.392977 0.100334 0.123746
0 0.553930 0.370401 0.097826 0.128763
0 0.683110 0.438127 0.140468 0.160535
0 0.552676 0.520067 0.107860 0.140468
0 0.133988 0.744983 0.267976 0.316054
0 0.380226 0.618729 0.139214 0.160535
0 0.339465 0.848662 0.243311 0.235786
0 0.522575 0.870401 0.153010 0.152174
0 0.536998 0.676421 0.186873 0.168896
0 0.694398 0.626254 0.140468 0.135452
0 0.865594 0.457358 0.229515 0.229097
0 0.809783 0.652174 0.087793 0.133779
0 0.898202 0.631271 0.086538 0.142140
0 0.707567 0.813545 0.209448 0.229097
0 0.856814 0.845318 0.111622 0.148829
0 0.949624 0.845318 0.089047 0.135452