0 0.135661 0.189799 0.159281 0.205686
0 0.293687 0.193144 0.232023 0.272575
0 0.455477 0.222408 0.119147 0.227425
0 0.567726 0.195652 0.115385 0.204013
0 0.674331 0.137960 0.102843 0.135452
0 0.773411 0.137960 0.095318 0.135452
0 0.875627 0.132943 0.099080 0.138796
0 0.856187 0.290134 0.112876 0.135452
0 0.758361 0.288462 0.075251 0.105351
0 0.678721 0.282609 0.071488 0.090301
0 0.621656 0.374582 0.102843 0.127090
0 0.516304 0.392977 0.097826 0.120401
0 0.425376 0.443980 0.119147 0.198997
0 0.306856 0.413880 0.115385 0.138796
0 0.122074 0.438963 0.244147 0.282609
0 0.172868 0.746656 0.345736 0.319398
0 0.329431 0.599498 0.090301 0.188963
0 0.412207 0.841973 0.243311 0.252508
0 0.449833 0.621237 0.140468 0.172241
0 0.606605 0.676421 0.188127 0.162207
0 0.621028 0.515886 0.109114 0.138796
0 0.752090 0.437291 0.135452 0.162207
0 0.758988 0.626254 0.141722 0.138796
0 0.911162 0.460702 0.177676 0.232441
0 0.956313 0.219064 0.087374 0.237458
0 0.876881 0.655518 0.094064 0.127090
0 0.951923 0.633779 0.096154 0.137124
0 0.594064 0.862876 0.153010 0.167224
0 0.760870 0.817726 0.238294 0.247492
0 0.918269 0.832776 0.144231 0.170569