0 0.113712 0.231605 0.120401 0.229097
0 0.244147 0.206522 0.130435 0.209030
0 0.345109 0.135452 0.101589 0.130435
0 0.446697 0.133779 0.094064 0.137124
0 0.547659 0.130435 0.100334 0.130435
0 0.373955 0.279264 0.063963 0.086957
0 0.436037 0.291806 0.060201 0.095318
0 0.108696 0.453177 0.137960 0.217391
0 0.201505 0.390468 0.095318 0.125418
0 0.289298 0.371237 0.100334 0.133779
0 0.536371 0.288462 0.100334 0.125418
0 0.658654 0.218227 0.129181 0.245819
0 0.291806 0.521739 0.105351 0.140468
0 0.409072 0.441472 0.139214 0.167224
0 0.597826 0.461538 0.235786 0.234114
0 0.124373 0.626254 0.151756 0.162207
0 0.263587 0.685619 0.184365 0.147157
0 0.433528 0.631271 0.147993 0.135452
0 0.559574 0.660535 0.106605 0.137124
0 0.643604 0.635452 0.086538 0.140468
0 0.081940 0.825251 0.163880 0.235786
0 0.237876 0.846154 0.150502 0.153846
0 0.440426 0.809365 0.229515 0.217391
0 0.580895 0.851171 0.109114 0.137124
0 0.682483 0.854515 0.099080 0.137124