0 0.340092 0.217391 0.126672 0.240803
0 0.219064 0.140468 0.100334 0.127090
0 0.114339 0.152174 0.099080 0.133779
0 0.032818 0.166388 0.063963 0.142140
0 0.062883 0.302536 0.061664 0.090580
0 0.125070 0.306717 0.068980 0.101728
0 0.213385 0.292085 0.103470 0.142140
0 0.251533 0.467670 0.238294 0.236901
0 0.068632 0.451644 0.135870 0.168618
0 0.086922 0.634197 0.147366 0.129599
0 0.234810 0.662068 0.104515 0.140747
0 0.315287 0.639075 0.096154 0.147715
0 0.119844 0.811176 0.238294 0.224359
0 0.245262 0.859950 0.100334 0.132386
0 0.361796 0.864130 0.105560 0.118450