0 0.304975 0.166388 0.151756 0.175585
0 0.475543 0.195652 0.199415 0.267559
0 0.616012 0.222408 0.129181 0.224080
0 0.724498 0.206522 0.102843 0.198997
0 0.839256 0.137960 0.094064 0.132107
0 0.938963 0.134615 0.090301 0.122074
0 0.834866 0.279264 0.072742 0.083612
0 0.914507 0.290134 0.076505 0.098662
0 0.282400 0.430602 0.274666 0.295987
0 0.474289 0.408027 0.106605 0.140468
0 0.580895 0.443144 0.109114 0.193980
0 0.675585 0.392977 0.097826 0.123746
0 0.784072 0.367893 0.099080 0.127090
0 0.919523 0.433946 0.136706 0.158863
0 0.785326 0.517559 0.099080 0.135452
0 0.484323 0.599498 0.091555 0.195652
0 0.609741 0.621237 0.151756 0.182274
0 0.276129 0.746656 0.442726 0.329431
0 0.582776 0.841973 0.235786 0.235786
0 0.777801 0.676421 0.184365 0.165552
0 0.926421 0.622910 0.142977 0.128763
0 0.912416 0.831940 0.175167 0.265886
0 0.760870 0.868729 0.147993 0.152174