0 0.264214 0.166388 0.150502 0.165552
0 0.439799 0.193144 0.188127 0.272575
0 0.580895 0.221572 0.124164 0.232441
0 0.690008 0.202341 0.109114 0.200669
0 0.801003 0.133779 0.100334 0.140468
0 0.898202 0.136288 0.096572 0.132107
0 0.974707 0.132943 0.043896 0.125418
0 0.797241 0.278428 0.072742 0.091973
0 0.878135 0.286789 0.076505 0.105351
0 0.968436 0.287625 0.056438 0.133779
0 0.244147 0.431438 0.278428 0.301003
0 0.437918 0.409699 0.106605 0.137124
0 0.544523 0.445652 0.111622 0.195652
0 0.637960 0.393813 0.097826 0.125418
0 0.746446 0.369565 0.101589 0.130435
0 0.881271 0.437291 0.140468 0.165552
0 0.747074 0.517559 0.102843 0.135452
0 0.446697 0.600334 0.091555 0.183946
0 0.567099 0.616221 0.134197 0.162207
0 0.737040 0.671405 0.180602 0.162207
0 0.886915 0.622910 0.141722 0.135452
0 0.236622 0.746656 0.446488 0.326087
0 0.540134 0.845318 0.240803 0.239130
0 0.715719 0.865385 0.155518 0.162207
0 0.889423 0.819398 0.214465 0.237458