0 0.099916 0.151338 0.107860 0.132107
0 0.204640 0.141304 0.101589 0.138796
0 0.305602 0.136288 0.102843 0.132107
0 0.423495 0.216555 0.127926 0.242475
0 0.298704 0.290134 0.101589 0.142140
0 0.211538 0.298495 0.067726 0.108696
0 0.148829 0.290134 0.070234 0.095318
0 0.040343 0.381271 0.079013 0.127090
0 0.044941 0.516722 0.089882 0.137124
0 0.153219 0.448161 0.149247 0.170569
0 0.343227 0.466555 0.235786 0.230769
0 0.180811 0.633779 0.146739 0.133779
0 0.402801 0.639632 0.094064 0.145485
0 0.319398 0.666388 0.102843 0.145485
0 0.043687 0.673913 0.087374 0.157191
0 0.034281 0.841973 0.068562 0.138796
0 0.192726 0.818562 0.260870 0.229097
0 0.333194 0.856187 0.102843 0.133779
0 0.447952 0.863712 0.096572 0.135452