0 0.188971 0.118627 0.122059 0.170588
0 0.297794 0.093137 0.092647 0.127451
0 0.394853 0.094118 0.092647 0.121569
0 0.489706 0.109804 0.091176 0.152941
0 0.582353 0.140196 0.094118 0.147059
0 0.702941 0.104902 0.138235 0.123529
0 0.842647 0.099020 0.138235 0.135294
0 0.127941 0.215686 0.161765 0.270588
0 0.266176 0.225490 0.111765 0.145098
0 0.375000 0.231373 0.135294 0.176471
0 0.626471 0.326471 0.132353 0.158824
0 0.713235 0.245098 0.114706 0.152941
0 0.813971 0.242157 0.113235 0.147059
0 0.205882 0.346078 0.105882 0.127451
0 0.094853 0.352941 0.092647 0.184314
0 0.087500 0.469608 0.080882 0.119608
0 0.308824 0.374510 0.123529 0.176471
0 0.425735 0.363725 0.130882 0.174510
0 0.547059 0.407843 0.108824 0.149020
0 0.808824 0.537255 0.100000 0.129412
0 0.711765 0.506863 0.094118 0.127451
0 0.614706 0.505882 0.088235 0.125490
0 0.538235 0.553922 0.108824 0.143137
0 0.374265 0.480392 0.125000 0.168627
0 0.198529 0.536275 0.258824 0.315686
0 0.447794 0.601961 0.113235 0.145098
0 0.344853 0.611765 0.101471 0.145098
0 0.253676 0.690196 0.133824 0.164706
0 0.126471 0.735294 0.138235 0.176471
0 0.394118 0.755882 0.102941 0.154902
0 0.491176 0.726471 0.100000 0.139216
0 0.588971 0.718627 0.095588 0.123529
0 0.732353 0.725490 0.182353 0.156863
0 0.278676 0.834314 0.157353 0.201961
0 0.140441 0.894118 0.107353 0.117647
0 0.723529 0.892157 0.070588 0.125490
0 0.649265 0.883333 0.072059 0.127451
0 0.563971 0.878431 0.083824 0.117647
0 0.472059 0.889216 0.088235 0.147059
0 0.376471 0.896078 0.094118 0.113725