0 0.102941 0.172549 0.114706 0.137255
0 0.135294 0.342157 0.173529 0.229412
0 0.242647 0.203922 0.185294 0.266667
0 0.320588 0.112745 0.126471 0.170588
0 0.430147 0.095098 0.092647 0.131373
0 0.528676 0.097059 0.095588 0.123529
0 0.625735 0.112745 0.089706 0.150980
0 0.719853 0.139216 0.104412 0.152941
0 0.840441 0.103922 0.139706 0.129412
0 0.950735 0.100000 0.077941 0.121569
0 0.388235 0.226471 0.108824 0.135294
0 0.514706 0.232353 0.135294 0.174510
0 0.763971 0.324510 0.122059 0.162745
0 0.844118 0.245098 0.135294 0.152941
0 0.944853 0.244118 0.095588 0.166667
0 0.327206 0.343137 0.113235 0.141176
0 0.204412 0.470588 0.094118 0.113725
0 0.140441 0.659804 0.189706 0.229412
0 0.325735 0.534314 0.251471 0.307843
0 0.439706 0.374510 0.120588 0.160784
0 0.561765 0.364706 0.123529 0.172549
0 0.680147 0.409804 0.110294 0.152941
0 0.505882 0.476471 0.129412 0.164706
0 0.751471 0.507843 0.079412 0.121569
0 0.850735 0.508824 0.098529 0.135294
0 0.944118 0.532353 0.091176 0.127451
0 0.675000 0.550000 0.105882 0.147059
0 0.583088 0.600000 0.110294 0.145098
0 0.472794 0.606863 0.116176 0.158824
0 0.378676 0.687255 0.130882 0.174510
0 0.255882 0.732353 0.135294 0.170588
0 0.530147 0.743137 0.095588 0.133333
0 0.627941 0.726471 0.097059 0.127451
0 0.725735 0.720588 0.095588 0.127451
0 0.872794 0.719608 0.186765 0.168627
0 0.403676 0.837255 0.157353 0.211765
0 0.275000 0.900000 0.114706 0.101961
0 0.512500 0.902941 0.092647 0.115686
0 0.608824 0.885294 0.088235 0.143137
0 0.698529 0.869608 0.085294 0.127451
0 0.782353 0.880392 0.070588 0.133333
0 0.856618 0.883333 0.075000 0.127451