0 0.115441 0.174510 0.136765 0.145098
0 0.139706 0.333333 0.191176 0.231373
0 0.261029 0.205882 0.180882 0.270588
0 0.340441 0.112745 0.122059 0.166667
0 0.450735 0.095098 0.089706 0.123529
0 0.547059 0.095098 0.094118 0.119608
0 0.644118 0.109804 0.088235 0.149020
0 0.740441 0.140196 0.092647 0.147059
0 0.858088 0.103922 0.133824 0.129412
0 0.961029 0.100980 0.066176 0.119608
0 0.954412 0.240196 0.073529 0.143137
0 0.871324 0.245098 0.116176 0.152941
0 0.784559 0.322549 0.125000 0.162745
0 0.536765 0.238235 0.129412 0.186275
0 0.410294 0.227451 0.111765 0.145098
0 0.341912 0.348039 0.113235 0.139216
0 0.226471 0.466667 0.097059 0.117647
0 0.458088 0.375490 0.122059 0.166667
0 0.579412 0.361765 0.123529 0.170588
0 0.696324 0.405882 0.113235 0.156863
0 0.343382 0.531373 0.251471 0.317647
0 0.526471 0.476471 0.123529 0.164706
0 0.767647 0.505882 0.088235 0.125490
0 0.693382 0.553922 0.104412 0.147059
0 0.866912 0.508824 0.101471 0.131373
0 0.953676 0.530392 0.077941 0.127451
0 0.600000 0.600000 0.111765 0.145098
0 0.487500 0.607843 0.113235 0.152941
0 0.397794 0.685294 0.133824 0.174510
0 0.272059 0.732353 0.132353 0.170588
0 0.158088 0.657843 0.198529 0.229412
0 0.744118 0.717647 0.094118 0.125490
0 0.897794 0.728431 0.166176 0.158824
0 0.646324 0.723529 0.095588 0.129412
0 0.549265 0.745098 0.101471 0.133333
0 0.422059 0.833333 0.155882 0.215686
0 0.293382 0.901961 0.110294 0.101961
0 0.529412 0.898039 0.097059 0.109804
0 0.625000 0.885294 0.085294 0.147059
0 0.715441 0.871569 0.086765 0.123529
0 0.800000 0.878431 0.070588 0.137255
0 0.875735 0.883333 0.072059 0.131373