0 0.215441 0.197059 0.157353 0.182353
0 0.362500 0.169608 0.160294 0.186275
0 0.266912 0.300000 0.127941 0.129412
0 0.322059 0.457843 0.217647 0.327451
0 0.516912 0.202941 0.177941 0.256863
0 0.598529 0.111765 0.126471 0.172549
0 0.711765 0.095098 0.088235 0.115686
0 0.807353 0.095098 0.097059 0.119608
0 0.673529 0.225490 0.111765 0.141176
0 0.805147 0.233333 0.130882 0.176471
0 0.905147 0.096078 0.086765 0.121569
0 0.973529 0.137255 0.041176 0.149020
0 0.597059 0.349020 0.123529 0.152941
0 0.541176 0.429412 0.073529 0.098039
0 0.470588 0.475490 0.094118 0.127451
0 0.613235 0.532353 0.252941 0.307843
0 0.433088 0.662745 0.175000 0.231373
0 0.536765 0.731373 0.132353 0.172549
0 0.719118 0.369608 0.114706 0.166667
0 0.842647 0.357843 0.126471 0.174510
0 0.941176 0.409804 0.094118 0.156863
0 0.791176 0.474510 0.126471 0.172549
0 0.746324 0.606863 0.113235 0.154902
0 0.669853 0.685294 0.130882 0.170588
0 0.611029 0.782353 0.075000 0.090196
0 0.563235 0.899020 0.111765 0.111765
0 0.688235 0.832353 0.161765 0.209804
0 0.865441 0.596078 0.107353 0.149020
0 0.944118 0.555882 0.088235 0.131373
0 0.812500 0.739216 0.092647 0.129412
0 0.911765 0.725490 0.094118 0.125490
0 0.794853 0.897059 0.092647 0.115686
0 0.892647 0.900000 0.094118 0.121569
0 0.964706 0.870588 0.050000 0.117647
0 0.419118 0.317647 0.164706 0.235294