0 0.180147 0.201961 0.160294 0.192157
0 0.322059 0.165686 0.158824 0.182353
0 0.230882 0.304902 0.126471 0.131373
0 0.284559 0.452941 0.222059 0.333333
0 0.382353 0.316667 0.161765 0.237255
0 0.480147 0.203922 0.172059 0.262745
0 0.562500 0.109804 0.130882 0.164706
0 0.674265 0.095098 0.089706 0.127451
0 0.769118 0.094118 0.091176 0.117647
0 0.866912 0.095098 0.089706 0.119608
0 0.953676 0.135294 0.072059 0.149020
0 0.636029 0.225490 0.107353 0.145098
0 0.764706 0.234314 0.129412 0.178431
0 0.682353 0.370588 0.114706 0.168627
0 0.558824 0.347059 0.117647 0.149020
0 0.508088 0.430392 0.075000 0.103922
0 0.431618 0.468627 0.089706 0.121569
0 0.394853 0.660784 0.175000 0.231373
0 0.578676 0.528431 0.248529 0.319608
0 0.505147 0.727451 0.139706 0.176471
0 0.709559 0.605882 0.110294 0.156863
0 0.628676 0.685294 0.133824 0.166667
0 0.653676 0.835294 0.157353 0.203922
0 0.525735 0.900000 0.110294 0.113725
0 0.805147 0.358824 0.130882 0.168627
0 0.751471 0.477451 0.123529 0.170588
0 0.911765 0.408824 0.108824 0.154902
0 0.952206 0.335294 0.080882 0.145098
0 0.918382 0.551961 0.110294 0.147059
0 0.827941 0.595098 0.111765 0.143137
0 0.775735 0.741176 0.098529 0.137255
0 0.874265 0.726471 0.089706 0.131373
0 0.958088 0.720588 0.069118 0.127451
0 0.758088 0.899020 0.092647 0.119608
0 0.852941 0.897059 0.094118 0.127451
0 0.939706 0.869608 0.067647 0.123529