0 0.606618 0.194118 0.163235 0.192157
0 0.638235 0.306863 0.132353 0.158824
0 0.749265 0.162745 0.163235 0.176471
0 0.821324 0.320588 0.169118 0.225490
0 0.727941 0.452941 0.220588 0.333333
0 0.830147 0.663725 0.175000 0.233333
0 0.845588 0.461765 0.067647 0.115686
0 0.902941 0.200000 0.161765 0.262745
0 0.958088 0.117647 0.060294 0.164706
0 0.949265 0.354902 0.080882 0.145098
0 0.936765 0.557843 0.102941 0.256863
0 0.929412 0.724510 0.120588 0.170588
0 0.930147 0.891176 0.116176 0.154902
0 0.912500 0.437255 0.072059 0.105882