0 0.263971 0.223529 0.233824 0.392157
0 0.451471 0.188235 0.226471 0.247059
0 0.636029 0.260784 0.189706 0.227451
0 0.823529 0.231373 0.126471 0.192157
0 0.363235 0.540196 0.197059 0.292157
0 0.274265 0.786275 0.104412 0.133333
0 0.424265 0.756863 0.125000 0.172549
0 0.495588 0.606863 0.138235 0.123529
0 0.616176 0.494118 0.176471 0.270588
0 0.770588 0.441176 0.132353 0.168627
0 0.784559 0.704902 0.239706 0.350980
0 0.615441 0.774510 0.157353 0.172549
0 0.935294 0.283333 0.111765 0.154902
0 0.925735 0.538235 0.127941 0.401961