0 0.246324 0.227451 0.239706 0.368627
0 0.433824 0.194118 0.229412 0.254902
0 0.618382 0.265686 0.186765 0.213725
0 0.808088 0.228431 0.125000 0.194118
0 0.341912 0.543137 0.189706 0.298039
0 0.255882 0.785294 0.111765 0.131373
0 0.402941 0.751961 0.126471 0.178431
0 0.480882 0.609804 0.138235 0.121569
0 0.599265 0.777451 0.163235 0.162745
0 0.600000 0.494118 0.164706 0.274510
0 0.751471 0.442157 0.135294 0.170588
0 0.767647 0.707843 0.241176 0.356863
0 0.927206 0.277451 0.125000 0.174510
0 0.918382 0.537255 0.139706 0.396078