0 0.140441 0.246078 0.180882 0.362745
0 0.311765 0.193137 0.235294 0.252941
0 0.500000 0.262745 0.200000 0.203922
0 0.694853 0.230392 0.122059 0.190196
0 0.831618 0.276471 0.163235 0.160784
0 0.221324 0.547059 0.210294 0.290196
0 0.121324 0.769608 0.125000 0.135294
0 0.287500 0.753922 0.136765 0.178431
0 0.366912 0.601961 0.133824 0.129412
0 0.485294 0.497059 0.158824 0.280392
0 0.636765 0.443137 0.138235 0.172549
0 0.865441 0.537255 0.257353 0.403922
0 0.655147 0.706863 0.230882 0.350980
0 0.483088 0.776471 0.160294 0.164706