0 0.283824 0.223529 0.226471 0.376471
0 0.467647 0.194118 0.226471 0.258824
0 0.675000 0.266667 0.167647 0.200000
0 0.841176 0.227451 0.120588 0.196078
0 0.383824 0.543137 0.191176 0.301961
0 0.294853 0.785294 0.101471 0.131373
0 0.444853 0.753922 0.133824 0.178431
0 0.515441 0.605882 0.136765 0.125490
0 0.637500 0.494118 0.169118 0.266667
0 0.787500 0.440196 0.130882 0.162745
0 0.943382 0.290196 0.089706 0.149020
0 0.802206 0.706863 0.239706 0.350980
0 0.626471 0.769608 0.147059 0.162745
0 0.938971 0.553922 0.101471 0.378431