0 0.841726 0.099234 0.140754 0.131331
0 0.702886 0.105271 0.141343 0.133981
0 0.585284 0.131037 0.093860 0.129564
0 0.490319 0.103062 0.089443 0.141343
0 0.395907 0.094965 0.092756 0.122203
0 0.299838 0.094965 0.088339 0.122203
0 0.189966 0.117786 0.122571 0.164900
0 0.813310 0.242197 0.114841 0.151649
0 0.712824 0.247350 0.117049 0.153121
0 0.627245 0.326855 0.124779 0.156066
0 0.376031 0.237044 0.132509 0.173734
0 0.265054 0.226737 0.109320 0.144287
0 0.127024 0.216431 0.160115 0.267962
0 0.544979 0.408569 0.112633 0.151649
0 0.425721 0.362191 0.125883 0.170789
0 0.309776 0.371761 0.121466 0.172261
0 0.204321 0.348204 0.109320 0.125147
0 0.810549 0.540342 0.093860 0.132509
0 0.712824 0.512367 0.090548 0.132509
0 0.616755 0.505006 0.083922 0.126620
0 0.538354 0.551384 0.106007 0.145760
0 0.448910 0.599971 0.110424 0.145760
0 0.372166 0.481449 0.122571 0.164900
0 0.196039 0.538133 0.256184 0.310660
0 0.087272 0.470406 0.080610 0.113369
0 0.729388 0.727326 0.181095 0.153121
0 0.588597 0.720701 0.096069 0.125147
0 0.490872 0.727326 0.092756 0.129564
0 0.397011 0.746466 0.103799 0.138398
0 0.342351 0.611749 0.107111 0.142815
0 0.251804 0.685365 0.131405 0.181095
0 0.125920 0.735424 0.133613 0.169317
0 0.276097 0.834806 0.160115 0.203180
0 0.723866 0.887809 0.068463 0.120730
0 0.649330 0.882656 0.071776 0.128092
0 0.564856 0.878239 0.088339 0.113369
0 0.473756 0.900324 0.091652 0.122203
0 0.378239 0.899588 0.092756 0.117786
0 0.140275 0.897379 0.107111 0.116313