0 0.841544 0.098039 0.140931 0.124183
0 0.702451 0.102124 0.137255 0.125817
0 0.584804 0.136438 0.090686 0.135621
0 0.490441 0.107026 0.085784 0.145425
0 0.394240 0.093137 0.091912 0.120915
0 0.298652 0.093954 0.089461 0.119281
0 0.188971 0.118464 0.120098 0.165033
0 0.812745 0.241013 0.117647 0.151961
0 0.714706 0.245915 0.112745 0.151961
0 0.626471 0.325163 0.127451 0.156863
0 0.376471 0.237745 0.137255 0.171569
0 0.263725 0.229575 0.107843 0.138889
0 0.127696 0.218954 0.161765 0.261438
0 0.809069 0.540033 0.100490 0.132353
0 0.712255 0.512255 0.090686 0.129085
0 0.545588 0.407680 0.112745 0.151961
0 0.427328 0.363562 0.126225 0.171569
0 0.310907 0.375817 0.123775 0.169935
0 0.203676 0.347222 0.110294 0.129085
0 0.616667 0.504902 0.083333 0.127451
0 0.538235 0.553105 0.107843 0.145425
0 0.448774 0.602941 0.110294 0.140523
0 0.373407 0.483660 0.121324 0.160131
0 0.198162 0.537582 0.258578 0.310458
0 0.090319 0.468954 0.084559 0.114379
0 0.732475 0.728758 0.180147 0.150327
0 0.587868 0.721405 0.096814 0.129085
0 0.492279 0.727124 0.094363 0.137255
0 0.342770 0.609477 0.109069 0.153595
0 0.396078 0.745915 0.102941 0.138889
0 0.249020 0.687745 0.137255 0.176144
0 0.724510 0.887745 0.068627 0.125817
0 0.649755 0.884477 0.071078 0.125817
0 0.565196 0.876307 0.085784 0.116013
0 0.474510 0.891013 0.088235 0.135621
0 0.377696 0.902451 0.090686 0.112745
0 0.275980 0.836275 0.159314 0.199346
0 0.128309 0.735784 0.133578 0.171569
0 0.141176 0.896732 0.107843 0.111111