0 0.184429 0.243243 0.367629 0.331695
0 0.418458 0.172604 0.102273 0.153563
0 0.517506 0.163391 0.099509 0.157248
0 0.678286 0.153563 0.152027 0.159705
0 0.687500 0.343980 0.122543 0.162162
0 0.519349 0.412776 0.175061 0.280098
0 0.619318 0.582924 0.177826 0.168305
0 0.763053 0.768428 0.098587 0.133907
0 0.472819 0.808354 0.135442 0.181818
0 0.399570 0.718059 0.123464 0.163391
0 0.356265 0.487715 0.199017 0.277641
0 0.293151 0.531327 0.100430 0.170762
0 0.179361 0.541769 0.138206 0.159705
0 0.044072 0.436118 0.088144 0.375921
0 0.126382 0.741400 0.190725 0.296069
0 0.279791 0.778256 0.164005 0.310811