0 0.609183 0.245086 0.430283 0.328010
0 0.877764 0.180590 0.108722 0.157248
0 0.966523 0.165848 0.066953 0.154791
0 0.933354 0.410319 0.133292 0.272727
0 0.459920 0.405405 0.181511 0.390663
0 0.421222 0.632678 0.085688 0.122850
0 0.647420 0.538084 0.123464 0.152334
0 0.739558 0.527641 0.086609 0.170762
0 0.804054 0.492629 0.180590 0.292383
0 0.594902 0.749386 0.206388 0.272727
0 0.738636 0.774570 0.176904 0.315725
0 0.841370 0.710688 0.115172 0.163391
0 0.982187 0.574324 0.035626 0.153563
0 0.920147 0.800983 0.152948 0.181818