0 0.359951 0.245086 0.445946 0.325553
0 0.635442 0.181818 0.099509 0.159705
0 0.730805 0.165848 0.104115 0.164619
0 0.884214 0.156020 0.158477 0.154791
0 0.892045 0.344595 0.142813 0.163391
0 0.717905 0.414005 0.177826 0.280098
0 0.819717 0.581695 0.191646 0.170762
0 0.956388 0.765356 0.087224 0.135135
0 0.558507 0.494472 0.194410 0.278870
0 0.602733 0.718673 0.124386 0.167076
0 0.680129 0.808354 0.142813 0.181818
0 0.493090 0.782555 0.174140 0.321867
0 0.344748 0.753071 0.201781 0.285012
0 0.394042 0.539926 0.116093 0.156020
0 0.497236 0.528870 0.101351 0.160934
0 0.218059 0.409091 0.184275 0.378378
0 0.174294 0.631450 0.102273 0.127764