0 0.397267 0.245700 0.443182 0.334152
0 0.673219 0.174447 0.095823 0.144963
0 0.769502 0.162162 0.093059 0.154791
0 0.917383 0.152948 0.164005 0.151106
0 0.927826 0.343980 0.144348 0.154791
0 0.753839 0.410319 0.174140 0.285012
0 0.596284 0.487715 0.198096 0.282555
0 0.532709 0.529484 0.096744 0.164619
0 0.433661 0.541769 0.117936 0.154791
0 0.254914 0.406634 0.182432 0.380835
0 0.215295 0.632064 0.095823 0.128993
0 0.381143 0.750000 0.199017 0.278870
0 0.533630 0.777027 0.170455 0.318182
0 0.640971 0.711916 0.121622 0.156020
0 0.719287 0.802211 0.140049 0.179361
0 0.859337 0.581081 0.189803 0.169533
0 0.972052 0.757371 0.055896 0.126536