0 0.568643 0.244472 0.430283 0.324324
0 0.839988 0.183047 0.105037 0.157248
0 0.940418 0.166462 0.092138 0.158477
0 0.916001 0.414005 0.163084 0.277641
0 0.766738 0.492015 0.183354 0.283784
0 0.702242 0.528256 0.089373 0.169533
0 0.611486 0.539312 0.114251 0.154791
0 0.420762 0.406634 0.175061 0.385749
0 0.384367 0.632678 0.089373 0.127764
0 0.557586 0.750614 0.203624 0.280098
0 0.701321 0.776413 0.177826 0.314496
0 0.804975 0.711916 0.117936 0.160934
0 0.883753 0.801597 0.146499 0.175676
0 0.964834 0.574939 0.069103 0.164619