0 0.446560 0.244472 0.440418 0.334152
0 0.718366 0.177518 0.099509 0.156020
0 0.819257 0.160934 0.093059 0.149877
0 0.939496 0.152948 0.117936 0.153563
0 0.949939 0.345823 0.100122 0.146192
0 0.798986 0.410319 0.174140 0.277641
0 0.642813 0.485872 0.195332 0.288698
0 0.582002 0.529484 0.097666 0.162162
0 0.482494 0.539926 0.116093 0.153563
0 0.303286 0.409705 0.188882 0.389435
0 0.260442 0.630221 0.092138 0.130221
0 0.431357 0.755528 0.199939 0.285012
0 0.578317 0.776413 0.171376 0.319410
0 0.685657 0.713145 0.117015 0.160934
0 0.766278 0.801597 0.136364 0.183047
0 0.904945 0.582924 0.187039 0.170762