0 0.316646 0.245086 0.444103 0.332924
0 0.594441 0.179975 0.096744 0.151106
0 0.693950 0.163391 0.098587 0.154791
0 0.846437 0.154177 0.162162 0.160934
0 0.856112 0.343980 0.137285 0.154791
0 0.683814 0.410319 0.179668 0.285012
0 0.521652 0.492629 0.201781 0.292383
0 0.461763 0.530098 0.098587 0.165848
0 0.354883 0.541155 0.120700 0.156020
0 0.180283 0.410934 0.186118 0.374693
0 0.129146 0.628993 0.105958 0.130221
0 0.302826 0.751843 0.189803 0.287469
0 0.454392 0.777027 0.170455 0.310811
0 0.568643 0.713759 0.118857 0.164619
0 0.647420 0.807125 0.138206 0.174447
0 0.785166 0.584152 0.190725 0.170762
0 0.927058 0.764128 0.100430 0.132678