0 0.124265 0.209804 0.154412 0.235294
0 0.253676 0.261765 0.166176 0.252941
0 0.421324 0.185294 0.222059 0.276471
0 0.527941 0.160784 0.102941 0.176471
0 0.619118 0.174510 0.102941 0.137255
0 0.752206 0.177451 0.157353 0.209804
0 0.108088 0.386275 0.122059 0.164706
0 0.232353 0.471569 0.105882 0.213725
0 0.366912 0.366667 0.122059 0.164706
0 0.502206 0.312745 0.110294 0.150980
0 0.623529 0.379412 0.161765 0.190196
0 0.727206 0.343137 0.086765 0.105882
0 0.511029 0.465686 0.104412 0.127451
0 0.351471 0.556863 0.132353 0.172549
0 0.119118 0.607843 0.126471 0.145098
0 0.774265 0.516667 0.110294 0.131373
0 0.898529 0.540196 0.120588 0.123529
0 0.294853 0.694118 0.136765 0.180392
0 0.122059 0.742157 0.144118 0.166667
0 0.230882 0.808824 0.132353 0.182353
0 0.372059 0.783333 0.126471 0.166667
0 0.483824 0.781373 0.114706 0.147059
0 0.726471 0.716667 0.141176 0.225490
0 0.849265 0.693137 0.145588 0.170588
0 0.950735 0.762745 0.075000 0.184314
0 0.879412 0.831373 0.158824 0.172549