0 0.131618 0.191176 0.163235 0.178431
0 0.237500 0.163725 0.116176 0.154902
0 0.348529 0.189216 0.158824 0.225490
0 0.479412 0.261765 0.158824 0.225490
0 0.644853 0.181373 0.213235 0.276471
0 0.755147 0.158824 0.083824 0.172549
0 0.840441 0.172549 0.098529 0.133333
0 0.938971 0.178431 0.110294 0.200000
0 0.737500 0.315686 0.110294 0.145098
0 0.856618 0.374510 0.160294 0.192157
0 0.944853 0.338235 0.086765 0.103922
0 0.600000 0.368627 0.120588 0.164706
0 0.339706 0.368627 0.132353 0.164706
0 0.236029 0.300980 0.083824 0.111765
0 0.127206 0.412745 0.151471 0.178431
0 0.250000 0.476471 0.217647 0.231373
0 0.471324 0.479412 0.101471 0.178431
0 0.586029 0.552941 0.125000 0.172549
0 0.737500 0.465686 0.122059 0.127451
0 0.964706 0.514706 0.061765 0.131373
0 0.088971 0.533333 0.086765 0.164706
0 0.150000 0.669608 0.114706 0.147059
0 0.267647 0.649020 0.088235 0.121569
0 0.357353 0.611765 0.108824 0.145098
0 0.534559 0.692157 0.133824 0.176471
0 0.351471 0.752941 0.138235 0.160784
0 0.475000 0.809804 0.135294 0.184314
0 0.605147 0.782353 0.125000 0.168627
0 0.719118 0.778431 0.111765 0.145098
0 0.922794 0.711765 0.133824 0.219608