0 0.127206 0.210784 0.148529 0.201961
0 0.303676 0.169608 0.172059 0.154902
0 0.438971 0.154902 0.116176 0.152941
0 0.550000 0.189216 0.158824 0.225490
0 0.669853 0.257843 0.166176 0.229412
0 0.422059 0.294118 0.079412 0.113725
0 0.833824 0.179412 0.208824 0.264706
0 0.945588 0.157843 0.073529 0.166667
0 0.931618 0.309804 0.113235 0.160784
0 0.794853 0.366667 0.125000 0.168627
0 0.097059 0.413725 0.100000 0.121569
0 0.080147 0.546078 0.066176 0.123529
0 0.266912 0.342157 0.113235 0.150980
0 0.183824 0.463725 0.097059 0.103922
0 0.336029 0.410784 0.127941 0.166667
0 0.277941 0.535294 0.120588 0.160784
0 0.536765 0.367647 0.123529 0.170588
0 0.456618 0.477451 0.180882 0.233333
0 0.666176 0.479412 0.100000 0.186275
0 0.554412 0.608824 0.108824 0.143137
0 0.783088 0.554902 0.127941 0.168627
0 0.927206 0.461765 0.127941 0.131373
0 0.172794 0.743137 0.133824 0.239216
0 0.357353 0.673529 0.102941 0.135294
0 0.263971 0.721569 0.092647 0.149020
0 0.458088 0.643137 0.080882 0.109804
0 0.729412 0.687255 0.152941 0.190196
0 0.534559 0.749020 0.139706 0.160784
0 0.673529 0.800980 0.141176 0.190196
0 0.805147 0.778431 0.119118 0.164706
0 0.909559 0.768627 0.125000 0.164706