0 0.200735 0.207843 0.236765 0.219608
0 0.394853 0.172549 0.166176 0.164706
0 0.536029 0.151961 0.113235 0.154902
0 0.644118 0.185294 0.158824 0.217647
0 0.762500 0.262745 0.163235 0.231373
0 0.902941 0.178431 0.170588 0.282353
0 0.170588 0.400000 0.129412 0.125490
0 0.286029 0.460784 0.101471 0.101961
0 0.352941 0.341176 0.117647 0.156863
0 0.427206 0.409804 0.125000 0.168627
0 0.508824 0.292157 0.088235 0.117647
0 0.628676 0.367647 0.125000 0.166667
0 0.547794 0.474510 0.183824 0.235294
0 0.752206 0.476471 0.116176 0.184314
0 0.880882 0.360784 0.138235 0.156863
0 0.877206 0.551961 0.127941 0.166667
0 0.150000 0.539216 0.123529 0.137255
0 0.370588 0.532353 0.117647 0.158824
0 0.120588 0.742157 0.150000 0.174510
0 0.272059 0.747059 0.120588 0.247059
0 0.366176 0.716667 0.085294 0.143137
0 0.450000 0.671569 0.102941 0.127451
0 0.544853 0.639216 0.080882 0.109804
0 0.648529 0.607843 0.108824 0.141176
0 0.622059 0.748039 0.144118 0.158824
0 0.819118 0.686275 0.161765 0.188235
0 0.767647 0.796078 0.147059 0.203922
0 0.900000 0.780392 0.117647 0.172549