0 0.158824 0.248039 0.223529 0.245098
0 0.390441 0.191176 0.227941 0.217647
0 0.588971 0.167647 0.169118 0.162745
0 0.100000 0.419608 0.108824 0.156863
0 0.177941 0.484314 0.126471 0.137255
0 0.161029 0.747059 0.160294 0.231373
0 0.375000 0.392157 0.111765 0.133333
0 0.353676 0.541176 0.098529 0.125490
0 0.540441 0.339216 0.119118 0.156863
0 0.477206 0.458824 0.092647 0.105882
0 0.475000 0.748039 0.126471 0.249020
0 0.314706 0.750000 0.164706 0.201961
0 0.730882 0.150000 0.117647 0.162745
0 0.836765 0.184314 0.179412 0.227451
0 0.690441 0.289216 0.077941 0.119608
0 0.625735 0.406863 0.127941 0.166667
0 0.564706 0.530392 0.117647 0.154902
0 0.817647 0.364706 0.138235 0.172549
0 0.738971 0.479412 0.172059 0.245098
0 0.939706 0.264706 0.108824 0.223529
0 0.933824 0.476471 0.117647 0.188235
0 0.838971 0.607843 0.122059 0.145098
0 0.728676 0.637255 0.089706 0.113725
0 0.638235 0.666667 0.097059 0.125490
0 0.570588 0.714706 0.085294 0.139216
0 0.803676 0.752941 0.142647 0.149020
0 0.933088 0.797059 0.119118 0.201961