0 0.193382 0.239216 0.275000 0.250980
0 0.143382 0.421569 0.157353 0.160784
0 0.072794 0.526471 0.054412 0.131373
0 0.253676 0.479412 0.107353 0.135294
0 0.457353 0.190196 0.226471 0.219608
0 0.655147 0.171569 0.166176 0.166667
0 0.797794 0.162745 0.113235 0.168627
0 0.898529 0.186275 0.185294 0.223529
0 0.443382 0.394118 0.116176 0.133333
0 0.419118 0.540196 0.100000 0.135294
0 0.602941 0.339216 0.120588 0.156863
0 0.751471 0.294118 0.079412 0.109804
0 0.685294 0.402941 0.135294 0.166667
0 0.794118 0.474510 0.176471 0.235294
0 0.889706 0.367647 0.132353 0.170588
0 0.541912 0.458824 0.092647 0.101961
0 0.633824 0.529412 0.120588 0.160784
0 0.964706 0.479412 0.058824 0.182353
0 0.901471 0.606863 0.132353 0.143137
0 0.791176 0.640196 0.088235 0.111765
0 0.096324 0.650000 0.101471 0.139216
0 0.233088 0.752941 0.157353 0.227451
0 0.095588 0.808824 0.102941 0.143137
0 0.381618 0.755882 0.142647 0.190196
0 0.541912 0.747059 0.122059 0.247059
0 0.638235 0.713725 0.079412 0.145098
0 0.699265 0.665686 0.098529 0.123529
0 0.864706 0.745098 0.144118 0.164706
0 0.964706 0.777451 0.058824 0.150980