0 0.095588 0.310784 0.097059 0.143137
0 0.118382 0.450000 0.136765 0.139216
0 0.216176 0.328431 0.129412 0.139216
0 0.128676 0.663725 0.119118 0.147059
0 0.125735 0.797059 0.157353 0.154902
0 0.380882 0.235294 0.273529 0.266667
0 0.332353 0.406863 0.152941 0.162745
0 0.241912 0.533333 0.107353 0.133333
0 0.280882 0.662745 0.120588 0.129412
0 0.287500 0.837255 0.113235 0.145098
0 0.645588 0.200000 0.217647 0.250980
0 0.433088 0.479412 0.104412 0.131373
0 0.416176 0.750980 0.152941 0.239216
0 0.632353 0.391176 0.114706 0.127451
0 0.605882 0.536275 0.094118 0.131373
0 0.569853 0.750000 0.151471 0.194118
0 0.837500 0.167647 0.166176 0.162745
0 0.780147 0.340196 0.125000 0.154902
0 0.723529 0.458824 0.088235 0.101961
0 0.733088 0.743137 0.127941 0.254902
0 0.957353 0.160784 0.067647 0.184314
0 0.927206 0.293137 0.086765 0.111765
0 0.866912 0.401961 0.148529 0.164706
0 0.808824 0.528431 0.135294 0.158824
0 0.873529 0.663725 0.100000 0.123529
0 0.828676 0.713725 0.083824 0.133333
0 0.947059 0.469608 0.085294 0.233333
0 0.959559 0.639216 0.066176 0.105882