0 0.218382 0.239216 0.283824 0.247059
0 0.164706 0.421569 0.152941 0.164706
0 0.086029 0.527451 0.077941 0.129412
0 0.273529 0.479412 0.111765 0.135294
0 0.108088 0.654902 0.122059 0.125490
0 0.105882 0.816667 0.117647 0.150980
0 0.477206 0.188235 0.222059 0.227451
0 0.464706 0.392157 0.120588 0.133333
0 0.439706 0.540196 0.097059 0.131373
0 0.251471 0.755882 0.155882 0.233333
0 0.400735 0.758824 0.142647 0.184314
0 0.672794 0.168627 0.166176 0.168627
0 0.621324 0.340196 0.122059 0.162745
0 0.561029 0.458824 0.089706 0.101961
0 0.815441 0.152941 0.113235 0.156863
0 0.769853 0.298039 0.077941 0.101961
0 0.905882 0.184314 0.167647 0.223529
0 0.901471 0.363725 0.144118 0.170588
0 0.711029 0.402941 0.125000 0.162745
0 0.653676 0.529412 0.119118 0.156863
0 0.561765 0.746078 0.123529 0.249020
0 0.820588 0.473529 0.170588 0.237255
0 0.809559 0.638235 0.080882 0.107843
0 0.716912 0.664706 0.095588 0.121569
0 0.658088 0.711765 0.083824 0.137255
0 0.919853 0.607843 0.125000 0.141176
0 0.881618 0.752941 0.142647 0.149020