0 0.149265 0.229412 0.204412 0.203922
0 0.294118 0.294118 0.114706 0.145098
0 0.149265 0.508824 0.080882 0.092157
0 0.226471 0.686275 0.276471 0.411765
0 0.315441 0.441176 0.125000 0.133333
0 0.407353 0.330392 0.108824 0.135294
0 0.566176 0.230392 0.279412 0.245098
0 0.511765 0.409804 0.158824 0.164706
0 0.438235 0.530392 0.100000 0.135294
0 0.347059 0.676471 0.085294 0.129412
0 0.344853 0.811765 0.136765 0.145098
0 0.479412 0.664706 0.100000 0.129412
0 0.624265 0.479412 0.104412 0.131373
0 0.477941 0.832353 0.094118 0.143137
0 0.602206 0.754902 0.148529 0.223529
0 0.838235 0.197059 0.229412 0.245098
0 0.823529 0.391176 0.141176 0.127451
0 0.793382 0.539216 0.116176 0.125490
0 0.764706 0.748039 0.158824 0.194118
0 0.946324 0.336275 0.089706 0.162745
0 0.908088 0.456863 0.107353 0.101961
0 0.914706 0.737255 0.150000 0.258824
0 0.955147 0.517647 0.069118 0.145098