0 0.183824 0.216667 0.132353 0.198039
0 0.165441 0.434314 0.236765 0.201961
0 0.349265 0.212745 0.192647 0.198039
0 0.492647 0.293137 0.100000 0.139216
0 0.348529 0.512745 0.073529 0.088235
0 0.131618 0.717647 0.057353 0.156863
0 0.216176 0.701961 0.158824 0.270588
0 0.510294 0.430392 0.117647 0.115686
0 0.430147 0.691176 0.275000 0.413725
0 0.597794 0.326471 0.101471 0.143137
0 0.753676 0.234314 0.275000 0.256863
0 0.693382 0.407843 0.157353 0.164706
0 0.622059 0.529412 0.102941 0.125490
0 0.552941 0.678431 0.082353 0.125490
0 0.553676 0.812745 0.130882 0.147059
0 0.673529 0.659804 0.100000 0.131373
0 0.675735 0.831373 0.095588 0.133333
0 0.817647 0.479412 0.117647 0.127451
0 0.789706 0.752941 0.147059 0.215686
0 0.944118 0.196078 0.091176 0.243137
0 0.965441 0.396078 0.051471 0.109804
0 0.954412 0.535294 0.067647 0.125490
0 0.930147 0.750000 0.122059 0.201961