0 0.101471 0.226471 0.108824 0.198039
0 0.255147 0.211765 0.192647 0.196078
0 0.400735 0.292157 0.107353 0.141176
0 0.114706 0.443137 0.138235 0.196078
0 0.258088 0.514706 0.075000 0.080392
0 0.130147 0.687255 0.163235 0.288235
0 0.508824 0.326471 0.100000 0.139216
0 0.420588 0.428431 0.123529 0.107843
0 0.336029 0.688235 0.286765 0.411765
0 0.535294 0.531373 0.097059 0.133333
0 0.459559 0.681373 0.086765 0.119608
0 0.460294 0.815686 0.132353 0.141176
0 0.582353 0.664706 0.094118 0.117647
0 0.664706 0.236275 0.282353 0.260784
0 0.905147 0.197059 0.177941 0.241176
0 0.608824 0.406863 0.155882 0.162745
0 0.730147 0.478431 0.110294 0.133333
0 0.700735 0.757843 0.145588 0.217647
0 0.581618 0.835294 0.095588 0.133333
0 0.919118 0.388235 0.144118 0.125490
0 0.894118 0.538235 0.123529 0.127451
0 0.865441 0.746078 0.175000 0.201961
0 0.962500 0.737255 0.060294 0.235294