0 0.169853 0.215686 0.186765 0.203922
0 0.083824 0.690196 0.079412 0.258824
0 0.070588 0.446078 0.050000 0.194118
0 0.319118 0.294118 0.108824 0.141176
0 0.175735 0.510784 0.069118 0.088235
0 0.349265 0.438235 0.125000 0.119608
0 0.260294 0.686275 0.270588 0.411765
0 0.436765 0.328431 0.111765 0.139216
0 0.593382 0.235294 0.283824 0.258824
0 0.538971 0.405882 0.157353 0.168627
0 0.461765 0.532353 0.100000 0.127451
0 0.376471 0.676471 0.088235 0.121569
0 0.376471 0.812745 0.138235 0.147059
0 0.505882 0.662745 0.100000 0.129412
0 0.508088 0.835294 0.098529 0.137255
0 0.630147 0.756863 0.148529 0.219608
0 0.653676 0.480392 0.113235 0.133333
0 0.868382 0.189216 0.242647 0.229412
0 0.850735 0.388235 0.142647 0.125490
0 0.821324 0.539216 0.122059 0.129412
0 0.792647 0.750980 0.167647 0.192157
0 0.937500 0.457843 0.101471 0.100000
0 0.928676 0.741176 0.125000 0.250980