0 0.305147 0.199020 0.136765 0.190196
0 0.472059 0.210784 0.185294 0.194118
0 0.288971 0.428431 0.227941 0.205882
0 0.608824 0.293137 0.108824 0.154902
0 0.716912 0.326471 0.107353 0.139216
0 0.467647 0.514706 0.076471 0.076471
0 0.338235 0.683333 0.158824 0.303922
0 0.252206 0.715686 0.060294 0.160784
0 0.636029 0.430392 0.122059 0.115686
0 0.804412 0.404902 0.155882 0.162745
0 0.860294 0.226471 0.267647 0.245098
0 0.552206 0.687255 0.295588 0.405882
0 0.932353 0.475490 0.123529 0.139216
0 0.738235 0.528431 0.097059 0.123529
0 0.679412 0.678431 0.076471 0.121569
0 0.797059 0.659804 0.100000 0.119608
0 0.679412 0.812745 0.129412 0.143137
0 0.904412 0.756863 0.150000 0.219608
0 0.797794 0.832353 0.101471 0.147059