0 0.231618 0.205882 0.139706 0.200000
0 0.213971 0.431373 0.239706 0.211765
0 0.397794 0.215686 0.192647 0.207843
0 0.537500 0.294118 0.101471 0.152941
0 0.394853 0.512745 0.069118 0.084314
0 0.265441 0.690196 0.151471 0.294118
0 0.182353 0.717647 0.070588 0.156863
0 0.560294 0.433333 0.120588 0.121569
0 0.477206 0.689216 0.286765 0.413725
0 0.648529 0.327451 0.105882 0.141176
0 0.669853 0.526471 0.095588 0.135294
0 0.602941 0.680392 0.076471 0.121569
0 0.606618 0.813725 0.122059 0.149020
0 0.713971 0.661765 0.113235 0.123529
0 0.803676 0.232353 0.286765 0.252941
0 0.967647 0.216667 0.041176 0.186275
0 0.738971 0.406863 0.157353 0.170588
0 0.861765 0.471569 0.123529 0.143137
0 0.833824 0.756863 0.150000 0.223529
0 0.725000 0.831373 0.097059 0.149020
0 0.952206 0.750980 0.080882 0.192157