0 0.440441 0.199020 0.157353 0.194118
0 0.613971 0.206863 0.189706 0.194118
0 0.437500 0.427451 0.225000 0.203922
0 0.741912 0.292157 0.116176 0.152941
0 0.853676 0.327451 0.107353 0.149020
0 0.384559 0.713725 0.072059 0.160784
0 0.470588 0.682353 0.164706 0.301961
0 0.604412 0.514706 0.073529 0.096078
0 0.763235 0.450000 0.126471 0.154902
0 0.922059 0.405882 0.132353 0.168627
0 0.874265 0.527451 0.092647 0.129412
0 0.694118 0.688235 0.305882 0.411765
0 0.824265 0.673529 0.069118 0.123529
0 0.827206 0.815686 0.116176 0.152941
0 0.925735 0.654902 0.119118 0.129412
0 0.936029 0.830392 0.098529 0.143137
0 0.922794 0.216667 0.136765 0.213725