0 0.074785 0.342752 0.148342 0.216216
0 0.341984 0.212531 0.109644 0.203931
0 0.465909 0.264128 0.191646 0.402948
0 0.626689 0.214988 0.129914 0.189189
0 0.769042 0.264128 0.184275 0.257985
0 0.893888 0.324939 0.137285 0.222359
0 0.955467 0.243857 0.089066 0.180590
0 0.229576 0.644963 0.222052 0.248157
0 0.412930 0.649263 0.212838 0.340295
0 0.582002 0.565111 0.128993 0.167076
0 0.655252 0.794840 0.185197 0.184275
0 0.859337 0.795455 0.234029 0.214988
0 0.839527 0.455774 0.139128 0.152334
0 0.928900 0.595823 0.104115 0.120393
0 0.975737 0.472973 0.048526 0.098280