0 0.144349 0.226044 0.145577 0.189189
0 0.314803 0.262285 0.187961 0.291155
0 0.462224 0.329238 0.128993 0.228501
0 0.543305 0.232801 0.128993 0.205160
0 0.684275 0.196560 0.156634 0.218673
0 0.747389 0.320025 0.137285 0.180590
0 0.909552 0.351966 0.140971 0.173219
0 0.932432 0.167690 0.135135 0.234644
0 0.941800 0.650491 0.115172 0.210074
0 0.923372 0.851351 0.115172 0.108108
0 0.733569 0.600123 0.142813 0.175676
0 0.597666 0.710074 0.105037 0.149877
0 0.690264 0.764742 0.093059 0.121622
0 0.564496 0.477273 0.086609 0.104423
0 0.479730 0.598280 0.090295 0.115479
0 0.373311 0.461302 0.117015 0.148649
0 0.093673 0.568796 0.158477 0.167076
0 0.180283 0.798526 0.171376 0.181818
0 0.381143 0.803440 0.222973 0.223587
0 0.037623 0.307740 0.075246 0.325553