0 0.079392 0.232801 0.152027 0.187961
0 0.247082 0.259828 0.190725 0.281327
0 0.402334 0.329853 0.141892 0.222359
0 0.483876 0.235872 0.131757 0.196560
0 0.625307 0.197789 0.162162 0.228501
0 0.690264 0.318182 0.129914 0.176904
0 0.851044 0.351351 0.149263 0.171990
0 0.910780 0.158477 0.178440 0.213759
0 0.054054 0.567568 0.106880 0.162162
0 0.320332 0.460074 0.127150 0.151106
0 0.508753 0.474201 0.087531 0.113022
0 0.680129 0.598280 0.140971 0.174447
0 0.910473 0.647420 0.153870 0.213759
0 0.427672 0.603194 0.085688 0.108108
0 0.539158 0.711302 0.105958 0.140049
0 0.634982 0.762899 0.096744 0.122850
0 0.874539 0.849509 0.107801 0.104423
0 0.122697 0.794840 0.164926 0.176904
0 0.323557 0.799754 0.236794 0.228501