0 0.829392 0.208845 0.152027 0.235872
0 0.886978 0.320025 0.151106 0.178133
0 0.872697 0.599509 0.150184 0.171990
0 0.701781 0.476658 0.081081 0.120393
0 0.682893 0.234029 0.142813 0.200246
0 0.594902 0.332310 0.128993 0.232187
0 0.458999 0.273342 0.187039 0.251843
0 0.517506 0.457002 0.114251 0.147420
0 0.296837 0.208845 0.126229 0.174447
0 0.144349 0.269042 0.182432 0.388206
0 0.025952 0.245700 0.050676 0.201474
0 0.091830 0.644349 0.176904 0.337838
0 0.250768 0.570025 0.131757 0.174447
0 0.330467 0.802826 0.175061 0.185504
0 0.532248 0.799754 0.222973 0.211302
0 0.622082 0.600123 0.085688 0.111794
0 0.739097 0.711302 0.107801 0.140049
0 0.822942 0.761057 0.098587 0.124079