0 0.084459 0.342752 0.167690 0.226044
0 0.360412 0.214988 0.109644 0.201474
0 0.482955 0.255528 0.183354 0.398034
0 0.646038 0.214988 0.128071 0.194103
0 0.787930 0.251843 0.181511 0.280098
0 0.914158 0.323710 0.133600 0.217445
0 0.964681 0.254300 0.070638 0.154791
0 0.601351 0.563268 0.128993 0.170762
0 0.253532 0.646806 0.222052 0.254300
0 0.434122 0.644963 0.220209 0.334152
0 0.673219 0.791769 0.186118 0.192875
0 0.883292 0.792383 0.226658 0.218673
0 0.854730 0.452703 0.132678 0.156020
0 0.944103 0.595823 0.095823 0.120393