0 0.071100 0.235258 0.140971 0.190418
0 0.241093 0.261671 0.189803 0.275184
0 0.394502 0.327396 0.142813 0.234644
0 0.473280 0.232801 0.134521 0.202703
0 0.616554 0.199017 0.159398 0.233415
0 0.685197 0.318182 0.127150 0.179361
0 0.842291 0.350123 0.144656 0.179361
0 0.900338 0.173833 0.198096 0.229730
0 0.309275 0.456388 0.125307 0.148649
0 0.501382 0.478501 0.091216 0.104423
0 0.673219 0.599509 0.132678 0.174447
0 0.899416 0.646806 0.157555 0.207617
0 0.862561 0.850123 0.111486 0.110565
0 0.418919 0.603194 0.088452 0.110565
0 0.531327 0.711916 0.101351 0.148649
0 0.627150 0.762899 0.093980 0.125307
0 0.048679 0.562039 0.097358 0.156020
0 0.111179 0.795455 0.164005 0.180590
0 0.312500 0.799754 0.229423 0.228501