0 0.123157 0.227887 0.147420 0.185504
0 0.295455 0.263514 0.182432 0.298526
0 0.441953 0.329238 0.136364 0.223587
0 0.523956 0.233415 0.134521 0.199017
0 0.662623 0.198403 0.157555 0.224816
0 0.730344 0.318796 0.128993 0.183047
0 0.890663 0.353808 0.143735 0.169533
0 0.922297 0.171376 0.155405 0.239558
0 0.927365 0.646806 0.145270 0.207617
0 0.906787 0.850123 0.113329 0.108108
0 0.719748 0.597666 0.142813 0.168305
0 0.547451 0.481572 0.082002 0.115479
0 0.464066 0.600737 0.092138 0.113022
0 0.577396 0.710688 0.103194 0.141278
0 0.674601 0.761057 0.093059 0.128993
0 0.353041 0.459459 0.115172 0.149877
0 0.359029 0.803440 0.224816 0.213759
0 0.161394 0.797297 0.161241 0.181818
0 0.076628 0.568182 0.152027 0.170762
0 0.027027 0.316953 0.054054 0.304668