0 0.073864 0.234029 0.113329 0.210074
0 0.218059 0.265356 0.189803 0.393120
0 0.365940 0.214373 0.124386 0.183047
0 0.508753 0.270270 0.212838 0.262899
0 0.656634 0.327396 0.127150 0.227273
0 0.750614 0.233415 0.152948 0.194103
0 0.892506 0.205160 0.151106 0.235872
0 0.933507 0.320639 0.129914 0.176904
0 0.584306 0.452703 0.113329 0.146192
0 0.762131 0.479115 0.082002 0.115479
0 0.684736 0.594595 0.087531 0.113022
0 0.318489 0.569410 0.130835 0.170762
0 0.145270 0.645577 0.206388 0.337838
0 0.400031 0.800369 0.177826 0.185504
0 0.598127 0.797297 0.225737 0.213759
0 0.803133 0.705774 0.114251 0.141278
0 0.888821 0.761671 0.090295 0.122850
0 0.931204 0.598280 0.134521 0.167076