0 0.619318 0.167076 0.216523 0.260442
0 0.310657 0.197174 0.164926 0.224816
0 0.375154 0.318796 0.126229 0.175676
0 0.551597 0.353808 0.140049 0.169533
0 0.622082 0.653563 0.168612 0.216216
0 0.577856 0.858722 0.098587 0.108108
0 0.376075 0.608722 0.135442 0.170762
0 0.217138 0.479730 0.093980 0.128993
0 0.163698 0.237101 0.162162 0.208845
0 0.086763 0.345209 0.153870 0.218673
0 0.031634 0.460074 0.063268 0.138821
0 0.114865 0.600737 0.105037 0.110565
0 0.241093 0.713145 0.110565 0.151106
0 0.341063 0.770270 0.104115 0.122850
0 0.074478 0.786241 0.148956 0.223587