0 0.094134 0.237101 0.115172 0.203931
0 0.239251 0.257985 0.182432 0.398034
0 0.384367 0.208231 0.126229 0.180590
0 0.543305 0.265356 0.173219 0.233415
0 0.669072 0.332310 0.144656 0.222359
0 0.770424 0.234029 0.148342 0.192875
0 0.912316 0.205774 0.155713 0.229730
0 0.945946 0.322482 0.106880 0.173219
0 0.336916 0.569410 0.130835 0.170762
0 0.604576 0.455774 0.117015 0.144963
0 0.705467 0.595823 0.092138 0.115479
0 0.784244 0.476658 0.089373 0.103194
0 0.937500 0.594595 0.125000 0.174447
0 0.826167 0.705160 0.106880 0.147420
0 0.168305 0.649877 0.202703 0.341523
0 0.419840 0.797912 0.178747 0.173219
0 0.617015 0.797297 0.230344 0.218673
0 0.907709 0.762899 0.093059 0.120393
0 0.042230 0.671990 0.084459 0.203931