0 0.117168 0.230344 0.117015 0.207617
0 0.251229 0.257985 0.184275 0.393120
0 0.401873 0.207002 0.131757 0.178133
0 0.555283 0.263514 0.180590 0.259214
0 0.692568 0.329238 0.132678 0.223587
0 0.788851 0.234029 0.150184 0.202703
0 0.929822 0.207002 0.135442 0.251843
0 0.953624 0.327396 0.092752 0.175676
0 0.798986 0.474201 0.085688 0.113022
0 0.623925 0.460074 0.117015 0.148649
0 0.357187 0.567568 0.132678 0.174447
0 0.195025 0.646806 0.202703 0.337838
0 0.054054 0.677518 0.106880 0.254300
0 0.440111 0.797297 0.176904 0.174447
0 0.639128 0.791769 0.224816 0.210074
0 0.723434 0.594595 0.091216 0.115479
0 0.842291 0.703931 0.115172 0.147420
0 0.946867 0.598894 0.101351 0.173219
0 0.925215 0.759214 0.102273 0.125307