0 0.103799 0.170495 0.108657 0.118375
0 0.233657 0.185512 0.100707 0.134276
0 0.356228 0.156360 0.112633 0.150177
0 0.545053 0.171378 0.185512 0.204947
0 0.071996 0.350707 0.050353 0.153710
0 0.166740 0.393993 0.149735 0.151943
0 0.437058 0.346290 0.125883 0.162544
0 0.698101 0.332155 0.147085 0.183746
0 0.078622 0.602473 0.068905 0.137809
0 0.298587 0.537102 0.106007 0.144876
0 0.410557 0.578622 0.117933 0.150177
0 0.609982 0.603357 0.135159 0.174912
0 0.156802 0.751767 0.148410 0.181979
0 0.077297 0.786219 0.060954 0.120141
0 0.303887 0.762367 0.106007 0.160777
0 0.442359 0.810954 0.131184 0.183746