0 0.103136 0.318021 0.112633 0.180212
0 0.287986 0.145760 0.103357 0.128975
0 0.223719 0.338339 0.117933 0.164311
0 0.407906 0.181095 0.096731 0.125442
0 0.529152 0.153710 0.100707 0.155477
0 0.715989 0.168728 0.188163 0.203180
0 0.344965 0.386926 0.124558 0.151943
0 0.602032 0.340989 0.124558 0.159011
0 0.871025 0.325088 0.159011 0.176678
0 0.101148 0.663428 0.108657 0.277385
0 0.237633 0.610424 0.121908 0.136042
0 0.472836 0.536219 0.107332 0.136042
0 0.588781 0.575972 0.119258 0.148410
0 0.779594 0.600707 0.156360 0.176678
0 0.234982 0.802120 0.095406 0.148410
0 0.336352 0.759717 0.125883 0.169611
0 0.478799 0.765901 0.111307 0.143110
0 0.617270 0.817138 0.128534 0.171378