0 0.154814 0.310954 0.160336 0.187279
0 0.356228 0.143993 0.099382 0.125442
0 0.478136 0.179329 0.096731 0.128975
0 0.604019 0.151943 0.107332 0.155477
0 0.786219 0.166961 0.196113 0.199647
0 0.302562 0.332155 0.116608 0.151943
0 0.417182 0.388693 0.123233 0.148410
0 0.674249 0.339223 0.125883 0.159011
0 0.926016 0.330389 0.131184 0.187279
0 0.142889 0.638693 0.197438 0.333922
0 0.318463 0.612191 0.108657 0.136042
0 0.549028 0.535336 0.103357 0.137809
0 0.662986 0.577739 0.116608 0.151943
0 0.850486 0.597173 0.152385 0.183746
0 0.309850 0.804770 0.086131 0.139576
0 0.413869 0.754417 0.129859 0.183746
0 0.554329 0.763251 0.113958 0.144876
0 0.691475 0.810071 0.136484 0.189046