0 0.601351 0.232813 0.206081 0.268750
0 0.717905 0.114062 0.077703 0.175000
0 0.803209 0.109375 0.089527 0.184375
0 0.894426 0.121875 0.086149 0.178125
0 0.896959 0.300000 0.097973 0.140625
0 0.779561 0.271875 0.106419 0.190625
0 0.824324 0.421875 0.108108 0.184375
0 0.727196 0.451562 0.065878 0.156250
0 0.605574 0.492188 0.113176 0.212500
0 0.704392 0.648438 0.091216 0.250000
0 0.803209 0.614062 0.146959 0.231250
0 0.918074 0.556250 0.157095 0.328125
0 0.928209 0.821875 0.123311 0.215625
0 0.804054 0.851563 0.135135 0.193750
0 0.713682 0.871875 0.059122 0.121875
0 0.607264 0.768750 0.190878 0.378125