0 0.614865 0.232813 0.206081 0.268750
0 0.742399 0.110937 0.072635 0.175000
0 0.822635 0.106250 0.084459 0.165625
0 0.911318 0.123438 0.089527 0.175000
0 0.918074 0.296875 0.099662 0.153125
0 0.795608 0.281250 0.108108 0.178125
0 0.845439 0.421875 0.109797 0.184375
0 0.747466 0.456250 0.069257 0.178125
0 0.621622 0.489063 0.111486 0.231250
0 0.619932 0.767188 0.185811 0.368750
0 0.733108 0.871875 0.067568 0.140625
0 0.712838 0.631250 0.101351 0.234375
0 0.822635 0.618750 0.152027 0.228125
0 0.924831 0.554688 0.143581 0.331250
0 0.940034 0.828125 0.109797 0.228125
0 0.822635 0.850000 0.125000 0.203125