0 0.486486 0.225000 0.216216 0.259375
0 0.624155 0.117188 0.096284 0.175000
0 0.701014 0.110937 0.057432 0.162500
0 0.773649 0.125000 0.087838 0.171875
0 0.487331 0.495312 0.119932 0.218750
0 0.625845 0.451562 0.079392 0.162500
0 0.669764 0.275000 0.103041 0.203125
0 0.783784 0.296875 0.087838 0.153125
0 0.716216 0.421875 0.087838 0.159375
0 0.820101 0.559375 0.187500 0.328125
0 0.697635 0.618750 0.131757 0.221875
0 0.590372 0.642188 0.116554 0.237500
0 0.491554 0.771875 0.192568 0.371875
0 0.604730 0.871875 0.081081 0.159375
0 0.699324 0.864062 0.108108 0.181250
0 0.815034 0.829688 0.123311 0.206250