0 0.563345 0.231250 0.211149 0.284375
0 0.685811 0.110937 0.067568 0.168750
0 0.766047 0.109375 0.086149 0.184375
0 0.851351 0.118750 0.091216 0.178125
0 0.858108 0.292187 0.101351 0.150000
0 0.745777 0.276562 0.096284 0.193750
0 0.786318 0.418750 0.106419 0.196875
0 0.896115 0.559375 0.187500 0.321875
0 0.566723 0.495312 0.119932 0.225000
0 0.687500 0.456250 0.060811 0.165625
0 0.670608 0.645312 0.111486 0.275000
0 0.768581 0.614062 0.138514 0.231250
0 0.891047 0.829688 0.116554 0.212500
0 0.771959 0.842187 0.111486 0.200000
0 0.683277 0.873437 0.082770 0.143750
0 0.570101 0.775000 0.194257 0.378125