0 0.500000 0.229687 0.212838 0.275000
0 0.635980 0.117188 0.096284 0.175000
0 0.711149 0.110937 0.054054 0.162500
0 0.784628 0.121875 0.089527 0.178125
0 0.793919 0.296875 0.094595 0.146875
0 0.679054 0.278125 0.087838 0.196875
0 0.722973 0.428125 0.091216 0.184375
0 0.502534 0.492188 0.116554 0.212500
0 0.501689 0.775000 0.192568 0.384375
0 0.601351 0.651563 0.114865 0.243750
0 0.635135 0.456250 0.081081 0.146875
0 0.708615 0.615625 0.126689 0.228125
0 0.828547 0.565625 0.194257 0.328125
0 0.825169 0.823438 0.123311 0.212500
0 0.710304 0.860938 0.116554 0.200000
0 0.615709 0.871875 0.082770 0.153125