0 0.514358 0.237500 0.217905 0.271875
0 0.655405 0.120313 0.101351 0.181250
0 0.726351 0.107813 0.054054 0.168750
0 0.803209 0.128125 0.089527 0.178125
0 0.813345 0.301563 0.092905 0.156250
0 0.696791 0.278125 0.092905 0.190625
0 0.743243 0.426563 0.094595 0.193750
0 0.846284 0.567187 0.199324 0.337500
0 0.651182 0.459375 0.086149 0.153125
0 0.519426 0.496875 0.123311 0.221875
0 0.523649 0.771875 0.202703 0.378125
0 0.620777 0.650000 0.123311 0.240625
0 0.635135 0.873437 0.081081 0.150000
0 0.728041 0.854688 0.108108 0.200000
0 0.725507 0.615625 0.133446 0.215625
0 0.844595 0.820313 0.121622 0.218750