0 0.033685 0.138109 0.062500 0.169683
0 0.109984 0.132853 0.085227 0.144156
0 0.197646 0.129850 0.093344 0.150162
0 0.208198 0.300284 0.091721 0.154667
0 0.091721 0.289022 0.113636 0.189205
0 0.026786 0.295779 0.053571 0.139651
0 0.133523 0.430925 0.112825 0.184700
0 0.253247 0.573580 0.180195 0.331859
0 0.127029 0.636648 0.148539 0.220739
0 0.055195 0.462459 0.077922 0.151664
0 0.255682 0.840869 0.118506 0.217735
0 0.126218 0.862642 0.130682 0.198214
0 0.033279 0.870150 0.066558 0.153166
0 0.038149 0.646408 0.073052 0.249269