0 0.228041 0.132813 0.091216 0.168750
0 0.135135 0.125000 0.094595 0.146875
0 0.054054 0.134375 0.087838 0.178125
0 0.042230 0.270313 0.084459 0.206250
0 0.118243 0.284375 0.114865 0.190625
0 0.237331 0.304688 0.099662 0.150000
0 0.166385 0.420312 0.113176 0.187500
0 0.154561 0.629687 0.153716 0.231250
0 0.281250 0.565625 0.177365 0.334375
0 0.076858 0.476563 0.082770 0.193750
0 0.049831 0.665625 0.096284 0.209375
0 0.153716 0.862500 0.131757 0.203125
0 0.279561 0.843750 0.116554 0.215625
0 0.055743 0.876563 0.074324 0.156250
0 0.025338 0.784375 0.050676 0.196875