0 0.304899 0.121875 0.092905 0.171875
0 0.215372 0.134375 0.082770 0.134375
0 0.138514 0.139063 0.094595 0.137500
0 0.075169 0.251563 0.143581 0.262500
0 0.193412 0.279687 0.113176 0.187500
0 0.316723 0.301563 0.089527 0.156250
0 0.239020 0.431250 0.103041 0.184375
0 0.152027 0.459375 0.081081 0.159375
0 0.047297 0.503125 0.094594 0.209375
0 0.062500 0.760938 0.125000 0.375000
0 0.108953 0.660937 0.116554 0.237500
0 0.229730 0.625000 0.148649 0.240625
0 0.362331 0.570313 0.173986 0.331250
0 0.357264 0.839063 0.116554 0.206250
0 0.228885 0.864062 0.143581 0.206250
0 0.127534 0.879687 0.076014 0.150000