0 0.424831 0.123438 0.092905 0.175000
0 0.333615 0.109375 0.086149 0.171875
0 0.246622 0.118750 0.081081 0.184375
0 0.123311 0.242188 0.229730 0.262500
0 0.311655 0.278125 0.109797 0.184375
0 0.437500 0.301563 0.084459 0.156250
0 0.363176 0.421875 0.097973 0.190625
0 0.260980 0.456250 0.079392 0.171875
0 0.136824 0.504687 0.125000 0.225000
0 0.124155 0.781250 0.204392 0.378125
0 0.221284 0.648438 0.125000 0.262500
0 0.343750 0.620313 0.143581 0.237500
0 0.476351 0.571875 0.182432 0.328125
0 0.476351 0.843750 0.114865 0.215625
0 0.344595 0.860938 0.125000 0.200000
0 0.239865 0.879687 0.081081 0.150000