0 0.365709 0.120313 0.086149 0.162500
0 0.272804 0.107813 0.092905 0.181250
0 0.190878 0.139063 0.084459 0.150000
0 0.376689 0.301563 0.084459 0.150000
0 0.250845 0.276562 0.106419 0.193750
0 0.095439 0.250000 0.190878 0.265625
0 0.204392 0.453125 0.084459 0.178125
0 0.300676 0.428125 0.101351 0.190625
0 0.420608 0.568750 0.179054 0.334375
0 0.286318 0.626563 0.150338 0.231250
0 0.166385 0.637500 0.123311 0.259375
0 0.085304 0.773438 0.170608 0.362500
0 0.181588 0.885938 0.079392 0.150000
0 0.281250 0.856250 0.140203 0.203125
0 0.419764 0.850000 0.119932 0.203125
0 0.089527 0.495312 0.128378 0.193750