0 0.210304 0.235937 0.238176 0.262500
0 0.350507 0.118750 0.086149 0.178125
0 0.437500 0.110937 0.084459 0.187500
0 0.527027 0.126562 0.087838 0.175000
0 0.538851 0.298438 0.084459 0.150000
0 0.411318 0.275000 0.103041 0.190625
0 0.463682 0.425000 0.103041 0.190625
0 0.354730 0.471875 0.074324 0.190625
0 0.222128 0.492188 0.130068 0.212500
0 0.217905 0.778125 0.202703 0.371875
0 0.342061 0.882813 0.086149 0.150000
0 0.320101 0.648438 0.119932 0.275000
0 0.440034 0.620313 0.150338 0.243750
0 0.566723 0.557813 0.194257 0.331250
0 0.571791 0.834375 0.116554 0.215625
0 0.446791 0.854688 0.116554 0.200000