0 0.187500 0.237500 0.246622 0.265625
0 0.332770 0.114062 0.091216 0.175000
0 0.413007 0.109375 0.086149 0.171875
0 0.506757 0.125000 0.087838 0.171875
0 0.517736 0.298438 0.082770 0.156250
0 0.392736 0.276562 0.106419 0.193750
0 0.442568 0.421875 0.101351 0.190625
0 0.338682 0.460938 0.079392 0.175000
0 0.206081 0.501563 0.131757 0.225000
0 0.198480 0.779687 0.197635 0.375000
0 0.298142 0.650000 0.123311 0.259375
0 0.423142 0.621875 0.153716 0.228125
0 0.547297 0.562500 0.195946 0.321875
0 0.550676 0.832812 0.121622 0.218750
0 0.423986 0.857812 0.118243 0.206250
0 0.320946 0.881250 0.081081 0.153125