0 0.173142 0.237500 0.228041 0.259375
0 0.309966 0.118750 0.082770 0.184375
0 0.395270 0.106250 0.087838 0.178125
0 0.487331 0.126562 0.082770 0.168750
0 0.502534 0.303125 0.086149 0.153125
0 0.375845 0.275000 0.106419 0.196875
0 0.423986 0.425000 0.101351 0.178125
0 0.314189 0.467187 0.081081 0.162500
0 0.186655 0.503125 0.123311 0.215625
0 0.180743 0.781250 0.199324 0.378125
0 0.283784 0.648438 0.114865 0.268750
0 0.302365 0.884375 0.084459 0.146875
0 0.402027 0.626563 0.148649 0.225000
0 0.535473 0.564063 0.185811 0.318750
0 0.533784 0.837500 0.118243 0.215625
0 0.402872 0.856250 0.126689 0.190625