0 0.253378 0.237500 0.233108 0.265625
0 0.391892 0.121875 0.077703 0.184375
0 0.476351 0.109375 0.081081 0.178125
0 0.565878 0.128125 0.084459 0.178125
0 0.581081 0.300000 0.084459 0.159375
0 0.456081 0.278125 0.101351 0.196875
0 0.503378 0.423438 0.104730 0.187500
0 0.396959 0.478125 0.084459 0.196875
0 0.260980 0.498437 0.130068 0.225000
0 0.258446 0.776563 0.199324 0.368750
0 0.360642 0.656250 0.113176 0.271875
0 0.477196 0.617188 0.153716 0.237500
0 0.611486 0.562500 0.192568 0.328125
0 0.608953 0.834375 0.119932 0.209375
0 0.479730 0.859375 0.128378 0.190625
0 0.375000 0.881250 0.081081 0.140625