0 0.385146 0.133428 0.151786 0.263826
0 0.238636 0.173864 0.128247 0.169697
0 0.119724 0.156629 0.094968 0.143182
0 0.040179 0.147348 0.080357 0.175000
0 0.530032 0.381345 0.079545 0.139205
0 0.281250 0.399905 0.168019 0.210795
0 0.135552 0.338920 0.113636 0.157765
0 0.042614 0.360795 0.083604 0.251894
0 0.140422 0.523864 0.175325 0.275758
0 0.303977 0.653125 0.189123 0.202841
0 0.044237 0.584848 0.086851 0.249242
0 0.081169 0.715436 0.058442 0.192235
0 0.150974 0.755208 0.079545 0.131250
0 0.020698 0.742614 0.039773 0.127273