0 0.071023 0.131439 0.142045 0.172348
0 0.188312 0.138068 0.100649 0.153788
0 0.368101 0.171212 0.132305 0.201515
0 0.553977 0.130114 0.124188 0.259848
0 0.691153 0.382670 0.081981 0.136553
0 0.426542 0.396591 0.158279 0.212121
0 0.481331 0.653788 0.170455 0.196212
0 0.204951 0.336932 0.114448 0.145833
0 0.103084 0.358144 0.152597 0.259848
0 0.038555 0.415814 0.075487 0.277083
0 0.225244 0.519886 0.177760 0.275758
0 0.080763 0.590152 0.161526 0.249242
0 0.149351 0.728693 0.064935 0.192235
0 0.242695 0.763163 0.099026 0.149811
0 0.055195 0.757197 0.095779 0.124621