0 0.470779 0.132765 0.136364 0.262500
0 0.609984 0.382008 0.078734 0.135227
0 0.295049 0.171212 0.137175 0.198864
0 0.351867 0.397254 0.169643 0.216098
0 0.158279 0.148674 0.103896 0.143182
0 0.170455 0.335606 0.118506 0.153788
0 0.394886 0.651799 0.176136 0.200189
0 0.053166 0.142708 0.104708 0.181629
0 0.060065 0.362784 0.116883 0.261174
0 0.175731 0.523864 0.169643 0.273106
0 0.062500 0.586837 0.125000 0.247917
0 0.021916 0.421117 0.043831 0.157765
0 0.115260 0.722727 0.061688 0.190909
0 0.188312 0.762500 0.079545 0.129924
0 0.035714 0.745265 0.071428 0.129924