0 0.592127 0.128125 0.124188 0.255871
0 0.723620 0.379356 0.083604 0.135227
0 0.462662 0.395265 0.157468 0.212121
0 0.400568 0.171875 0.132305 0.197538
0 0.201705 0.140057 0.099838 0.155114
0 0.081981 0.136080 0.160714 0.192235
0 0.107143 0.346212 0.133117 0.249242
0 0.225649 0.336269 0.123377 0.144508
0 0.260146 0.522538 0.176136 0.273106
0 0.516640 0.652462 0.168019 0.198864
0 0.038961 0.408523 0.077922 0.281061
0 0.095373 0.592803 0.161526 0.251894
0 0.163961 0.730019 0.064935 0.194886
0 0.069399 0.759186 0.094968 0.133902
0 0.269075 0.763826 0.106331 0.156439