0 0.050118 0.135967 0.097877 0.175275
0 0.328734 0.396591 0.173701 0.214773
0 0.150162 0.148674 0.090909 0.140530
0 0.276380 0.170549 0.135552 0.194886
0 0.447646 0.133428 0.138799 0.266477
0 0.588068 0.382008 0.081981 0.135227
0 0.163961 0.336932 0.113636 0.156439
0 0.058442 0.355492 0.115260 0.251894
0 0.168019 0.523201 0.165584 0.269129
0 0.375000 0.651799 0.181818 0.205492
0 0.059659 0.586837 0.117695 0.247917
0 0.110390 0.720739 0.061688 0.192235
0 0.033279 0.744602 0.064935 0.120644
0 0.181412 0.759848 0.068994 0.135227