0 0.152123 0.115743 0.179245 0.208019
0 0.294811 0.135004 0.101415 0.142531
0 0.562500 0.162932 0.125000 0.190684
0 0.777712 0.131152 0.159198 0.258097
0 0.379127 0.337244 0.116745 0.150236
0 0.631486 0.395991 0.156840 0.209945
0 0.882665 0.381545 0.095519 0.138679
0 0.410377 0.519261 0.172170 0.279285
0 0.185731 0.348801 0.119104 0.250393
0 0.077830 0.405621 0.155660 0.286989
0 0.165094 0.596305 0.158019 0.260024
0 0.139151 0.770617 0.089623 0.134827
0 0.276533 0.741726 0.093160 0.204167
0 0.426887 0.768691 0.091981 0.154088
0 0.692807 0.656014 0.168632 0.206093