0 0.494693 0.180267 0.126179 0.217649
0 0.799831 0.145467 0.167230 0.234516
0 0.667230 0.288936 0.135135 0.212444
0 0.498311 0.399296 0.084459 0.135191
0 0.610642 0.546903 0.136824 0.215203
0 0.837838 0.508277 0.104730 0.148986
0 0.233108 0.378604 0.182432 0.446959
0 0.059122 0.193750 0.118243 0.187613
0 0.081926 0.517934 0.103041 0.129673
0 0.130912 0.742793 0.113176 0.137950
0 0.269426 0.731757 0.143581 0.193131
0 0.785473 0.791075 0.118243 0.129673
0 0.752534 0.637950 0.099662 0.148986
0 0.952703 0.639330 0.091216 0.195890
0 0.023649 0.733136 0.047297 0.173818