0 0.178656 0.111891 0.187500 0.200314
0 0.360259 0.146561 0.107311 0.177201
0 0.650943 0.167748 0.132075 0.200314
0 0.866156 0.128263 0.166274 0.256171
0 0.961085 0.382508 0.075472 0.129049
0 0.722877 0.396954 0.158019 0.215723
0 0.464623 0.336281 0.117925 0.152162
0 0.257665 0.352653 0.109670 0.261950
0 0.120873 0.408510 0.192217 0.292767
0 0.214623 0.600157 0.160377 0.252319
0 0.502948 0.523113 0.166274 0.283137
0 0.788915 0.655051 0.183962 0.204167
0 0.517689 0.764839 0.084906 0.157940
0 0.362618 0.743652 0.086085 0.200314
0 0.175118 0.779285 0.095519 0.132901