0 0.915684 0.130189 0.168632 0.256171
0 0.984670 0.389249 0.030660 0.119418
0 0.693986 0.164858 0.133255 0.198388
0 0.405071 0.146561 0.104953 0.177201
0 0.192217 0.115743 0.181604 0.200314
0 0.508255 0.336281 0.117925 0.156014
0 0.770637 0.395028 0.163915 0.211871
0 0.836085 0.651199 0.181604 0.204167
0 0.550118 0.521187 0.163915 0.279285
0 0.290684 0.354579 0.128538 0.246541
0 0.146226 0.404658 0.188679 0.285063
0 0.263561 0.598231 0.152123 0.263876
0 0.198113 0.782174 0.082547 0.123270
0 0.405071 0.743652 0.083726 0.200314
0 0.560142 0.766765 0.075472 0.157940