0 0.879127 0.131063 0.163915 0.262126
0 0.966981 0.386360 0.063679 0.132901
0 0.736439 0.395991 0.161557 0.213797
0 0.660967 0.162932 0.130896 0.194536
0 0.371462 0.149450 0.108491 0.182980
0 0.181604 0.116706 0.181604 0.206093
0 0.264151 0.354579 0.122642 0.254245
0 0.129127 0.408510 0.192217 0.285063
0 0.475825 0.340134 0.116745 0.156014
0 0.514151 0.521187 0.165094 0.279285
0 0.799528 0.649273 0.183962 0.211871
0 0.526533 0.764839 0.081368 0.154088
0 0.374410 0.743652 0.090802 0.200314
0 0.230542 0.601120 0.152123 0.254245
0 0.184552 0.780248 0.081368 0.127123