0 0.267689 0.389249 0.172170 0.439151
0 0.526533 0.181230 0.119104 0.231132
0 0.704599 0.289092 0.137972 0.215723
0 0.837854 0.146561 0.173349 0.234984
0 0.533019 0.400806 0.084906 0.146384
0 0.648585 0.543337 0.136792 0.215723
0 0.787146 0.648310 0.102594 0.156014
0 0.870873 0.510594 0.109670 0.157940
0 0.969340 0.648310 0.061320 0.186832
0 0.821934 0.795656 0.117925 0.123270
0 0.287146 0.734984 0.161557 0.182980
0 0.145637 0.749430 0.112028 0.134827
0 0.028302 0.732095 0.056604 0.165645
0 0.097877 0.522150 0.106132 0.134827
0 0.020047 0.461478 0.040094 0.163719
0 0.068396 0.197602 0.136792 0.194536