0 0.825472 0.149450 0.172170 0.229206
0 0.693986 0.294870 0.137972 0.227280
0 0.517689 0.184119 0.122642 0.233058
0 0.249410 0.383471 0.194575 0.446855
0 0.520047 0.399843 0.082547 0.144458
0 0.636792 0.540448 0.139151 0.213797
0 0.862028 0.503852 0.110849 0.144458
0 0.281250 0.730169 0.154481 0.184906
0 0.138561 0.743652 0.116745 0.138679
0 0.083726 0.518298 0.101415 0.130975
0 0.064269 0.195676 0.128538 0.182980
0 0.774764 0.640605 0.101415 0.152162
0 0.810142 0.793730 0.120283 0.130975
0 0.962264 0.634827 0.075472 0.190684
0 0.024175 0.732095 0.048349 0.161792
0 0.017099 0.466293 0.034198 0.138679