0 0.400943 0.389249 0.188679 0.435299
0 0.682783 0.182193 0.120283 0.229206
0 0.856722 0.291018 0.149764 0.223428
0 0.948703 0.155228 0.102594 0.221502
0 0.678066 0.399843 0.087264 0.144458
0 0.802476 0.543337 0.140330 0.215723
0 0.933373 0.639642 0.109670 0.161792
0 0.948703 0.793730 0.093160 0.127123
0 0.988208 0.486517 0.023584 0.117492
0 0.432193 0.734021 0.145047 0.196462
0 0.214033 0.758097 0.116745 0.140605
0 0.156250 0.524076 0.104953 0.130975
0 0.116745 0.179304 0.167453 0.204167
0 0.053066 0.437402 0.106132 0.277358
0 0.061910 0.739800 0.123820 0.181053