0 0.093160 0.183156 0.167453 0.192610
0 0.355542 0.388286 0.204009 0.448781
0 0.636203 0.180267 0.121462 0.225354
0 0.808962 0.291018 0.146226 0.227280
0 0.926887 0.146561 0.146226 0.227280
0 0.632075 0.400806 0.087264 0.146384
0 0.755307 0.544300 0.142689 0.217649
0 0.888561 0.643494 0.112028 0.165645
0 0.959316 0.505778 0.081368 0.148310
0 0.924528 0.793730 0.129717 0.127123
0 0.388561 0.734021 0.149764 0.188758
0 0.191627 0.758097 0.116745 0.148310
0 0.132075 0.523113 0.103774 0.132901
0 0.040094 0.445106 0.080188 0.269654
0 0.051297 0.733058 0.102594 0.186832