0 0.364976 0.392138 0.192217 0.441077
0 0.648585 0.181230 0.117925 0.231132
0 0.820165 0.290055 0.152123 0.233058
0 0.931604 0.145597 0.136792 0.229206
0 0.964623 0.505778 0.070754 0.140605
0 0.767689 0.543337 0.143868 0.215723
0 0.642689 0.398880 0.087264 0.146384
0 0.900354 0.644458 0.114387 0.156014
0 0.932783 0.793730 0.125000 0.130975
0 0.399175 0.736910 0.154481 0.186832
0 0.197524 0.760024 0.114387 0.140605
0 0.141509 0.524076 0.103774 0.130975
0 0.102594 0.181230 0.167453 0.192610
0 0.043632 0.445106 0.087264 0.277358
0 0.056014 0.736910 0.112028 0.182980