0 0.928656 0.415252 0.137972 0.252319
0 0.679835 0.506741 0.095519 0.157940
0 0.642099 0.149450 0.152123 0.233058
0 0.505896 0.290055 0.139151 0.213797
0 0.330778 0.185083 0.135613 0.223428
0 0.349057 0.400806 0.084906 0.142531
0 0.448113 0.542374 0.139151 0.213797
0 0.588443 0.638679 0.096698 0.159866
0 0.626179 0.790841 0.106132 0.129049
0 0.814858 0.634827 0.134434 0.198388
0 0.181014 0.732095 0.161557 0.192610
0 0.051887 0.732095 0.103774 0.130975
0 0.134434 0.371914 0.202830 0.435299
0 0.018868 0.221678 0.037736 0.142531
0 0.023585 0.511557 0.047170 0.186832