0 0.138561 0.176415 0.163915 0.206093
0 0.447524 0.383471 0.180425 0.446855
0 0.730542 0.178341 0.126179 0.236910
0 0.903302 0.290055 0.148585 0.229206
0 0.970519 0.162932 0.058962 0.194536
0 0.718750 0.399843 0.086085 0.140605
0 0.847288 0.540448 0.147406 0.225354
0 0.963443 0.636753 0.073113 0.159866
0 0.974057 0.793730 0.051886 0.130975
0 0.478774 0.734984 0.143868 0.186832
0 0.238797 0.760024 0.104953 0.136753
0 0.175118 0.527928 0.104953 0.134827
0 0.070755 0.745578 0.141509 0.181053
0 0.061910 0.437402 0.123820 0.273506