0 0.903302 0.129137 0.172170 0.258274
0 0.682193 0.165822 0.130896 0.200314
0 0.978184 0.388286 0.041274 0.129049
0 0.759434 0.396954 0.169811 0.215723
0 0.395047 0.148487 0.106132 0.181053
0 0.186321 0.115743 0.188679 0.200314
0 0.137382 0.404658 0.192217 0.285063
0 0.281840 0.348801 0.125000 0.246541
0 0.245873 0.604009 0.161557 0.252319
0 0.191627 0.784100 0.088443 0.127123
0 0.393278 0.745578 0.083726 0.204167
0 0.497052 0.337244 0.116745 0.150236
0 0.538325 0.520224 0.163915 0.281211
0 0.551297 0.767728 0.079009 0.152162
0 0.824882 0.650236 0.180425 0.209945