0 0.123231 0.175452 0.168632 0.196462
0 0.419811 0.388286 0.181604 0.441077
0 0.705189 0.178341 0.127358 0.225354
0 0.876769 0.291018 0.156840 0.227280
0 0.958137 0.156191 0.083726 0.204167
0 0.698113 0.398880 0.089623 0.142531
0 0.822524 0.541411 0.147406 0.219575
0 0.950472 0.640605 0.099056 0.159866
0 0.961675 0.789878 0.074292 0.134827
0 0.454599 0.735947 0.152123 0.188758
0 0.224057 0.761950 0.117925 0.132901
0 0.162736 0.522150 0.108491 0.134827
0 0.054835 0.444143 0.109670 0.286989
0 0.064858 0.738836 0.129716 0.179127