0 0.403302 0.181230 0.132075 0.231132
0 0.713443 0.146561 0.158019 0.227280
0 0.964033 0.408510 0.069575 0.238836
0 0.747642 0.507704 0.108491 0.156014
0 0.573703 0.290055 0.137972 0.217649
0 0.412736 0.400806 0.080189 0.142531
0 0.508844 0.545263 0.140330 0.223428
0 0.646226 0.642531 0.094340 0.148310
0 0.685731 0.786989 0.109670 0.132901
0 0.873821 0.635790 0.141509 0.200314
0 0.212264 0.736910 0.150943 0.182980
0 0.084316 0.728243 0.102594 0.138679
0 0.038325 0.506741 0.076650 0.157940
0 0.160377 0.376730 0.195755 0.425668
0 0.030660 0.214937 0.061320 0.159866