0 0.937500 0.380582 0.096698 0.136753
0 0.831368 0.130189 0.153302 0.260024
0 0.615566 0.167748 0.127358 0.196462
0 0.328420 0.146561 0.109670 0.177201
0 0.174528 0.115743 0.188679 0.215723
0 0.093160 0.406584 0.172170 0.288915
0 0.221108 0.341097 0.123821 0.273506
0 0.187500 0.599194 0.160377 0.258097
0 0.159788 0.777358 0.083726 0.132901
0 0.326651 0.743652 0.084906 0.200314
0 0.431604 0.337244 0.117925 0.154088
0 0.466981 0.520224 0.162736 0.277358
0 0.688090 0.395991 0.159198 0.213797
0 0.482901 0.767728 0.083726 0.152162
0 0.754717 0.652162 0.176887 0.217649