0 0.134434 0.177378 0.165094 0.204167
0 0.435142 0.390212 0.188679 0.448781
0 0.716392 0.177378 0.121462 0.227280
0 0.711085 0.397917 0.087264 0.136753
0 0.889151 0.292944 0.155660 0.223428
0 0.965212 0.159080 0.069575 0.198388
0 0.833726 0.542374 0.153302 0.217649
0 0.954009 0.640605 0.091981 0.156014
0 0.968160 0.792767 0.063679 0.129049
0 0.469929 0.733058 0.149764 0.194536
0 0.231132 0.760024 0.108491 0.136753
0 0.068396 0.739800 0.136792 0.181053
0 0.170401 0.525039 0.102594 0.132901
0 0.058962 0.439328 0.117924 0.285063