0 0.212854 0.112854 0.180425 0.194536
0 0.460495 0.145597 0.100236 0.179127
0 0.750000 0.164858 0.132075 0.198388
0 0.941627 0.126248 0.116745 0.252496
0 0.826061 0.397917 0.170991 0.217649
0 0.561321 0.337244 0.113208 0.150236
0 0.610849 0.520224 0.165094 0.285063
0 0.893278 0.654088 0.194575 0.209945
0 0.349057 0.346875 0.122642 0.238836
0 0.166863 0.402732 0.192217 0.285063
0 0.313679 0.600157 0.155660 0.256171
0 0.241745 0.781211 0.096698 0.140605
0 0.461675 0.746541 0.083726 0.198388
0 0.619693 0.766765 0.076651 0.154088