0 0.221108 0.114780 0.175708 0.202241
0 0.470519 0.146561 0.096698 0.177201
0 0.760024 0.166785 0.135613 0.202241
0 0.357311 0.351690 0.120283 0.233058
0 0.174528 0.406584 0.186321 0.285063
0 0.324882 0.599194 0.159198 0.261950
0 0.572524 0.338208 0.114387 0.152162
0 0.622052 0.516372 0.163915 0.285063
0 0.471698 0.747504 0.084906 0.196462
0 0.252358 0.782174 0.096698 0.142531
0 0.631486 0.764839 0.074292 0.157940
0 0.836675 0.395028 0.175708 0.211871
0 0.946344 0.133078 0.107311 0.250393
0 0.901533 0.649273 0.189858 0.204167