0 0.084399 0.180078 0.158964 0.179340
0 0.218781 0.141934 0.131105 0.135174
0 0.086447 0.344696 0.130285 0.149896
0 0.028679 0.396223 0.057358 0.121791
0 0.233940 0.287815 0.145034 0.153911
0 0.045067 0.602999 0.090134 0.152573
0 0.127827 0.508645 0.113078 0.178002
0 0.242953 0.439719 0.133563 0.115099
0 0.266306 0.615713 0.178630 0.199415
0 0.130695 0.659210 0.090954 0.117776
0 0.038102 0.732820 0.076204 0.109745
0 0.114307 0.765610 0.102425 0.119114
0 0.198296 0.784347 0.088496 0.119114
0 0.331039 0.772971 0.083579 0.128482