0 0.053175 0.204200 0.106350 0.262459
0 0.068701 0.388682 0.137401 0.134399
0 0.046577 0.548440 0.093153 0.177509
0 0.040755 0.726582 0.081509 0.176241
0 0.116053 0.742431 0.089272 0.109041
0 0.124981 0.606130 0.124204 0.148347
0 0.167676 0.344939 0.125757 0.153418
0 0.174662 0.184547 0.156808 0.207939
0 0.288387 0.139536 0.123428 0.150882
0 0.380799 0.289141 0.126039 0.156588
0 0.240346 0.520191 0.090507 0.176298
0 0.231966 0.676231 0.083132 0.129212
0 0.199785 0.779163 0.091177 0.113882
0 0.389850 0.438612 0.114642 0.124832
0 0.329847 0.782448 0.073746 0.118262
0 0.414320 0.616553 0.158219 0.196009
0 0.471306 0.775878 0.079110 0.131403