0 0.032366 0.202830 0.064732 0.267672
0 0.049984 0.390200 0.099967 0.139189
0 0.027450 0.548126 0.054900 0.176663
0 0.024582 0.724790 0.049164 0.173987
0 0.082350 0.602999 0.120452 0.152573
0 0.078663 0.738173 0.091773 0.112422
0 0.138889 0.189446 0.167978 0.203431
0 0.129875 0.346703 0.128646 0.153911
0 0.182727 0.510652 0.119633 0.176663
0 0.178220 0.660548 0.092593 0.125806
0 0.162652 0.769625 0.100787 0.116437
0 0.263438 0.145949 0.115536 0.148558
0 0.315061 0.290492 0.135202 0.156588
0 0.324484 0.441058 0.121272 0.120452
0 0.266306 0.780332 0.078663 0.119114
0 0.406424 0.774309 0.078663 0.131159
0 0.346198 0.614375 0.166339 0.188709