0 0.077065 0.200615 0.154130 0.262586
0 0.088496 0.387316 0.176991 0.134907
0 0.066740 0.546313 0.133480 0.178269
0 0.065634 0.727593 0.131268 0.177065
0 0.238201 0.180740 0.162242 0.201155
0 0.219395 0.346362 0.127581 0.158997
0 0.172566 0.606539 0.131268 0.149361
0 0.161873 0.743854 0.095133 0.110816
0 0.354720 0.137979 0.119469 0.134907
0 0.337389 0.522824 0.111357 0.172247
0 0.330752 0.672788 0.101032 0.137316
0 0.276549 0.781195 0.098820 0.113225
0 0.494100 0.287340 0.117994 0.154179
0 0.500369 0.440315 0.103982 0.122861
0 0.526549 0.617982 0.148968 0.193928
0 0.437316 0.784206 0.070796 0.121657
0 0.581490 0.775172 0.078909 0.130088