0 0.099558 0.205433 0.199115 0.272222
0 0.020280 0.389122 0.040560 0.126475
0 0.126844 0.390929 0.175516 0.139725
0 0.082227 0.548119 0.164454 0.181883
0 0.081490 0.731809 0.162979 0.178269
0 0.300885 0.184956 0.162242 0.190315
0 0.281711 0.352987 0.128319 0.155383
0 0.206121 0.608346 0.126106 0.148156
0 0.193953 0.749275 0.091445 0.124066
0 0.419248 0.135570 0.111357 0.137316
0 0.340339 0.781195 0.096608 0.115634
0 0.402286 0.520415 0.102507 0.174656
0 0.395280 0.673992 0.095870 0.142134
0 0.560472 0.288545 0.113569 0.163815
0 0.568215 0.439712 0.103982 0.119248
0 0.598083 0.617380 0.148968 0.199951
0 0.503687 0.785411 0.072271 0.114430
0 0.648599 0.778786 0.078909 0.127679