0 0.076614 0.202160 0.153228 0.260980
0 0.087676 0.386854 0.175352 0.135174
0 0.068420 0.547457 0.136840 0.180678
0 0.067191 0.727466 0.134382 0.179340
0 0.237217 0.182085 0.161422 0.207446
0 0.218781 0.346703 0.127827 0.159265
0 0.173714 0.605676 0.127827 0.144543
0 0.162652 0.740850 0.092593 0.107069
0 0.354392 0.135912 0.117175 0.131159
0 0.335955 0.522028 0.109800 0.172648
0 0.330629 0.674601 0.102425 0.143204
0 0.278187 0.781670 0.102425 0.108407
0 0.494920 0.285808 0.119633 0.152573
0 0.501475 0.441058 0.109800 0.123129
0 0.437971 0.783008 0.071288 0.121791
0 0.527696 0.615044 0.149131 0.195400
0 0.580957 0.777655 0.077024 0.129821