0 0.110324 0.204818 0.220648 0.273668
0 0.029204 0.389833 0.058407 0.125270
0 0.143658 0.389833 0.171681 0.144543
0 0.097345 0.547866 0.165192 0.179233
0 0.094193 0.737250 0.157336 0.180263
0 0.011644 0.703126 0.023288 0.245976
0 0.334575 0.185815 0.159913 0.190188
0 0.453346 0.135732 0.110231 0.133132
0 0.313616 0.351278 0.124204 0.150882
0 0.224344 0.607398 0.130415 0.150882
0 0.211147 0.752575 0.090048 0.124256
0 0.437432 0.520545 0.100140 0.177509
0 0.429669 0.675866 0.097035 0.138203
0 0.371837 0.781103 0.093153 0.115381
0 0.596957 0.286614 0.113336 0.161026
0 0.603555 0.440033 0.103245 0.120452
0 0.634218 0.616907 0.150598 0.195260
0 0.536019 0.785541 0.069089 0.121720
0 0.680795 0.777299 0.080733 0.125524