0 0.156032 0.200396 0.293433 0.282746
0 0.038038 0.447640 0.076075 0.226958
0 0.103633 0.386146 0.166900 0.121720
0 0.280624 0.400093 0.152927 0.162294
0 0.190188 0.554145 0.163018 0.173705
0 0.059385 0.708197 0.118770 0.253584
0 0.189800 0.748137 0.160689 0.181312
0 0.514283 0.185181 0.145164 0.193992
0 0.632666 0.134464 0.104021 0.130596
0 0.493324 0.353814 0.109455 0.158490
0 0.393184 0.610568 0.124981 0.162294
0 0.374554 0.755110 0.084614 0.124256
0 0.621798 0.520545 0.091601 0.172437
0 0.612483 0.677133 0.088496 0.138203
0 0.549604 0.783639 0.096258 0.115381
0 0.782099 0.289784 0.124981 0.159758
0 0.784816 0.433693 0.114889 0.122988
0 0.821689 0.617541 0.163794 0.199063
0 0.712234 0.784907 0.075299 0.122988
0 0.858950 0.781103 0.084614 0.130596