0 0.013615 0.193745 0.027229 0.192724
0 0.165078 0.198378 0.273429 0.283526
0 0.045950 0.445768 0.091899 0.222373
0 0.118561 0.385542 0.169049 0.124159
0 0.279101 0.401293 0.154300 0.163074
0 0.064670 0.711690 0.129340 0.257583
0 0.200817 0.555102 0.147493 0.177899
0 0.196846 0.744119 0.141820 0.185311
0 0.513388 0.183553 0.146358 0.201989
0 0.634218 0.135372 0.104379 0.127865
0 0.496937 0.351259 0.111187 0.148249
0 0.391423 0.613475 0.127071 0.164927
0 0.374972 0.757091 0.082823 0.122305
0 0.622873 0.518039 0.090765 0.174193
0 0.610960 0.674627 0.089630 0.146396
0 0.550828 0.784888 0.096437 0.114893
0 0.780009 0.287327 0.128205 0.153808
0 0.783980 0.438356 0.117994 0.122305
0 0.715907 0.789520 0.077150 0.120452
0 0.820286 0.616254 0.163376 0.200136
0 0.861697 0.780255 0.087361 0.131571