0 0.070059 0.190438 0.140118 0.195133
0 0.246313 0.191642 0.277286 0.298722
0 0.082596 0.444592 0.144543 0.226450
0 0.197640 0.385570 0.179941 0.127679
0 0.108407 0.715610 0.216814 0.267404
0 0.442478 0.394182 0.150442 0.164176
0 0.300147 0.562635 0.163717 0.178269
0 0.283186 0.754154 0.159292 0.199951
0 0.688791 0.179597 0.141593 0.197542
0 0.670108 0.354212 0.109145 0.154179
0 0.563422 0.611980 0.112094 0.165421
0 0.542773 0.755719 0.074730 0.125270
0 0.807276 0.132579 0.104228 0.134907
0 0.792527 0.519633 0.106195 0.176663
0 0.781301 0.676609 0.097509 0.147219
0 0.718617 0.781670 0.098328 0.124467
0 0.940429 0.290492 0.119141 0.161941
0 0.945755 0.440388 0.108489 0.119114
0 0.953540 0.607683 0.092920 0.180678
0 0.879220 0.785016 0.078663 0.120452