0 0.023599 0.166347 0.047198 0.127679
0 0.034661 0.288004 0.069322 0.115634
0 0.115782 0.184415 0.163717 0.187906
0 0.033186 0.434956 0.066372 0.168633
0 0.123894 0.718019 0.247788 0.277040
0 0.129794 0.444592 0.132743 0.221632
0 0.320796 0.200074 0.234513 0.277040
0 0.261799 0.390388 0.134218 0.127679
0 0.368732 0.563840 0.156342 0.180678
0 0.349558 0.754154 0.156342 0.195133
0 0.511799 0.394002 0.129794 0.168633
0 0.758604 0.181563 0.148476 0.197542
0 0.739430 0.349394 0.114061 0.147755
0 0.876598 0.134186 0.103245 0.134907
0 0.635202 0.609571 0.114061 0.160603
0 0.612586 0.757325 0.074730 0.125270
0 0.862832 0.521239 0.113078 0.173451
0 0.974435 0.290774 0.051130 0.158997
0 0.979351 0.437725 0.041298 0.115634
0 0.986234 0.602343 0.027532 0.165421
0 0.849465 0.673857 0.107854 0.144543
0 0.785859 0.783770 0.100479 0.120452
0 0.947179 0.788287 0.082043 0.123464