0 0.033713 0.161838 0.067425 0.122173
0 0.154867 0.186789 0.170670 0.203048
0 0.048989 0.284011 0.097977 0.122173
0 0.014749 0.433716 0.029498 0.166912
0 0.062684 0.435437 0.068479 0.170354
0 0.165929 0.448342 0.135904 0.230580
0 0.036873 0.583421 0.073746 0.115290
0 0.150126 0.729685 0.293932 0.297689
0 0.406658 0.197974 0.273915 0.287365
0 0.346081 0.389837 0.175938 0.130777
0 0.479878 0.563633 0.140118 0.189282
0 0.463021 0.759798 0.146439 0.192724
0 0.870733 0.175604 0.163295 0.194444
0 0.969343 0.132585 0.061314 0.132498
0 0.642120 0.397580 0.131690 0.166912
0 0.851243 0.349399 0.126422 0.149705
0 0.751686 0.608372 0.121155 0.161750
0 0.957227 0.518033 0.085546 0.166912
0 0.724294 0.755496 0.083228 0.125615
0 0.951433 0.675481 0.097134 0.144543
0 0.897071 0.783888 0.102191 0.123894