0 0.029499 0.163094 0.058997 0.128482
0 0.114061 0.150246 0.114061 0.131695
0 0.238446 0.179154 0.138643 0.211996
0 0.103245 0.274713 0.125860 0.120452
0 0.022616 0.346182 0.045231 0.231268
0 0.017207 0.524451 0.034414 0.115634
0 0.018682 0.701917 0.037364 0.232874
0 0.071288 0.433710 0.073746 0.168633
0 0.154376 0.439331 0.086529 0.163815
0 0.089479 0.581465 0.119961 0.117240
0 0.065880 0.738856 0.086529 0.175057
0 0.231072 0.737250 0.257620 0.287480
0 0.258112 0.448165 0.111111 0.232874
0 0.549656 0.199230 0.267453 0.293904
0 0.482301 0.391953 0.154376 0.133301
0 0.620452 0.565405 0.141593 0.184694
0 0.599312 0.757325 0.142576 0.195936
0 0.788102 0.395969 0.154376 0.170239
0 0.959194 0.178351 0.081612 0.203966
0 0.960177 0.348591 0.079646 0.155785
0 0.888397 0.608768 0.136676 0.165421
0 0.860865 0.759735 0.091445 0.130088