0 0.049164 0.161488 0.098328 0.131695
0 0.042773 0.342970 0.085546 0.234480
0 0.138151 0.271501 0.122911 0.120452
0 0.147984 0.129367 0.109145 0.118846
0 0.040315 0.524451 0.080629 0.122058
0 0.037365 0.705932 0.074730 0.231268
0 0.109636 0.434513 0.077679 0.170239
0 0.180924 0.438528 0.076696 0.171845
0 0.123894 0.583071 0.117994 0.110816
0 0.107424 0.741085 0.100787 0.193084
0 0.284384 0.182261 0.163164 0.200252
0 0.311117 0.449515 0.135509 0.234882
0 0.275627 0.737847 0.234145 0.272523
0 0.625461 0.190542 0.264565 0.283063
0 0.553097 0.390794 0.147493 0.138520
0 0.859145 0.389288 0.167773 0.162611
0 0.693676 0.564697 0.144727 0.182184
0 0.671552 0.758926 0.141040 0.197241
0 0.943400 0.612125 0.113200 0.162611
0 0.929664 0.758926 0.091261 0.124969