0 0.034415 0.162010 0.068830 0.129821
0 0.109390 0.146619 0.120452 0.133836
0 0.216732 0.137919 0.127008 0.140528
0 0.022124 0.398899 0.044248 0.226183
0 0.082760 0.338673 0.137660 0.231536
0 0.209767 0.270417 0.127827 0.124467
0 0.081121 0.522028 0.121272 0.129821
0 0.071288 0.714752 0.140937 0.242243
0 0.177401 0.434366 0.090954 0.168633
0 0.188053 0.596307 0.122091 0.120452
0 0.176172 0.754234 0.113078 0.176663
0 0.462553 0.182085 0.146673 0.202092
0 0.309735 0.454441 0.117994 0.190047
0 0.490413 0.450426 0.123730 0.232874
0 0.421583 0.736835 0.269584 0.273025
0 0.825959 0.192123 0.278597 0.283732
0 0.748525 0.391538 0.159784 0.133836
0 0.875533 0.566863 0.164700 0.187370
0 0.857096 0.760256 0.158964 0.202092
0 0.976401 0.404843 0.047198 0.127679