0 0.025442 0.163877 0.050884 0.128884
0 0.088496 0.147616 0.109145 0.122861
0 0.200959 0.141593 0.127581 0.142134
0 0.067847 0.340339 0.135693 0.228859
0 0.189159 0.270477 0.129056 0.132498
0 0.428466 0.181944 0.151917 0.198746
0 0.161873 0.430678 0.095133 0.168633
0 0.067847 0.525234 0.122419 0.131293
0 0.063053 0.710730 0.126106 0.239700
0 0.173304 0.589676 0.123894 0.113225
0 0.159292 0.750479 0.115044 0.177065
0 0.276917 0.456576 0.118732 0.189110
0 0.452434 0.449349 0.117257 0.234882
0 0.386799 0.737832 0.279499 0.272222
0 0.788717 0.194592 0.276549 0.296313
0 0.712471 0.397323 0.153228 0.135650
0 0.959808 0.396350 0.080383 0.160202
0 0.842183 0.564983 0.159292 0.181883
0 0.822640 0.760116 0.155605 0.196337