0 0.047935 0.157536 0.095870 0.130777
0 0.156448 0.144631 0.125369 0.149705
0 0.040560 0.342517 0.081120 0.235742
0 0.138538 0.271966 0.127476 0.122173
0 0.038453 0.523195 0.076906 0.125615
0 0.034766 0.703013 0.069532 0.230580
0 0.107459 0.434576 0.073746 0.168633
0 0.190160 0.440599 0.091656 0.177237
0 0.124315 0.583421 0.117994 0.115290
0 0.105352 0.740009 0.096924 0.180678
0 0.316582 0.181627 0.156974 0.196165
0 0.344501 0.449203 0.132743 0.235742
0 0.284977 0.735707 0.256005 0.271878
0 0.663717 0.192811 0.267594 0.290806
0 0.592604 0.392418 0.150653 0.135939
0 0.898125 0.389837 0.173831 0.168633
0 0.726401 0.564493 0.148546 0.187561
0 0.706384 0.762379 0.144332 0.191003
0 0.959861 0.608372 0.080278 0.168633
0 0.957227 0.758937 0.085546 0.125615