0 0.012906 0.164479 0.025811 0.115634
0 0.074853 0.153036 0.106932 0.124066
0 0.188053 0.144604 0.125369 0.145747
0 0.061209 0.342146 0.122418 0.232473
0 0.171460 0.269272 0.129056 0.132498
0 0.056785 0.522824 0.113569 0.126475
0 0.049410 0.709526 0.098820 0.239700
0 0.143805 0.434894 0.089971 0.172247
0 0.158923 0.593891 0.124631 0.112021
0 0.142330 0.746866 0.107670 0.181883
0 0.243732 0.455371 0.123156 0.191519
0 0.393805 0.180740 0.153392 0.201155
0 0.420723 0.449951 0.124631 0.236087
0 0.348451 0.736627 0.276549 0.274631
0 0.752950 0.193990 0.268437 0.292699
0 0.677360 0.392134 0.146755 0.122861
0 0.943953 0.393941 0.112094 0.167429
0 0.806416 0.564983 0.157080 0.184292
0 0.786873 0.760116 0.153392 0.196337