0 0.013274 0.165081 0.026548 0.119248
0 0.071903 0.153036 0.109882 0.126475
0 0.178097 0.145206 0.108407 0.154179
0 0.060841 0.343351 0.121681 0.230064
0 0.162611 0.268670 0.111357 0.128884
0 0.056416 0.524631 0.112832 0.132498
0 0.144543 0.433088 0.091445 0.168633
0 0.220501 0.454167 0.076696 0.169838
0 0.049410 0.710128 0.098820 0.236087
0 0.149705 0.593891 0.109145 0.114430
0 0.143068 0.748070 0.109145 0.177065
0 0.349189 0.181944 0.157080 0.198746
0 0.376475 0.447542 0.129056 0.236087
0 0.323746 0.739639 0.238938 0.275836
0 0.702434 0.192785 0.267699 0.297517
0 0.628687 0.393338 0.148230 0.127679
0 0.762168 0.562574 0.151180 0.184292
0 0.741150 0.759513 0.147493 0.199951
0 0.922198 0.393941 0.155604 0.169838
0 0.975664 0.612561 0.048672 0.161406
0 0.974189 0.758911 0.051622 0.128884