0 0.027170 0.190253 0.054339 0.173705
0 0.071417 0.153483 0.099363 0.133132
0 0.146716 0.137000 0.110231 0.138203
0 0.272473 0.123687 0.124204 0.152150
0 0.044248 0.397557 0.088496 0.233297
0 0.125757 0.337965 0.130415 0.235833
0 0.347772 0.274569 0.121099 0.126792
0 0.042695 0.608032 0.085390 0.182580
0 0.025617 0.756378 0.051234 0.116649
0 0.126921 0.524349 0.117218 0.126792
0 0.112560 0.721511 0.130415 0.242173
0 0.292268 0.445104 0.115665 0.188920
0 0.280236 0.601692 0.121099 0.119184
0 0.276743 0.760816 0.131191 0.199063
0 0.452181 0.453346 0.109455 0.192724
0 0.579709 0.735880 0.262042 0.273447
0 0.611633 0.177744 0.139196 0.200252
0 0.640671 0.450267 0.119838 0.239399
0 0.912518 0.204846 0.174963 0.317693
0 0.899705 0.393052 0.184366 0.130992
0 0.970133 0.561686 0.059734 0.176162
0 0.959993 0.757421 0.080014 0.197241