0 0.034704 0.188545 0.069408 0.174302
0 0.052056 0.396148 0.104112 0.232402
0 0.049887 0.606585 0.099774 0.179970
0 0.032101 0.760339 0.064202 0.121869
0 0.084158 0.150992 0.093701 0.136040
0 0.180895 0.136821 0.144890 0.144543
0 0.283706 0.123359 0.128405 0.145960
0 0.152698 0.340173 0.152698 0.242322
0 0.151831 0.525103 0.138817 0.133206
0 0.140118 0.722786 0.158771 0.239488
0 0.370467 0.272861 0.123200 0.121869
0 0.315374 0.447163 0.110186 0.187055
0 0.303661 0.601625 0.121465 0.116201
0 0.298889 0.759630 0.129273 0.199809
0 0.474145 0.452123 0.099774 0.188472
0 0.632917 0.176500 0.139684 0.201226
0 0.922523 0.185002 0.154954 0.277749
0 0.664151 0.448580 0.115391 0.238070
0 0.604720 0.736957 0.263752 0.276332
0 0.915582 0.390479 0.168836 0.130372
0 0.980219 0.561947 0.039562 0.172884
0 0.969374 0.754671 0.061252 0.201226