0 0.019777 0.192232 0.039554 0.175203
0 0.055310 0.159929 0.094529 0.141258
0 0.141124 0.140766 0.124028 0.131403
0 0.243698 0.132553 0.122687 0.147828
0 0.036873 0.400834 0.073746 0.237620
0 0.113301 0.335680 0.132743 0.234334
0 0.096541 0.523476 0.124698 0.132498
0 0.024135 0.606150 0.048270 0.170823
0 0.085143 0.714557 0.135425 0.236525
0 0.270180 0.273811 0.124698 0.125927
0 0.219228 0.442444 0.115312 0.191629
0 0.208836 0.597390 0.133414 0.113882
0 0.202467 0.751788 0.134084 0.190534
0 0.529633 0.179639 0.139448 0.204769
0 0.377112 0.455585 0.110619 0.193819
0 0.557790 0.449562 0.116653 0.234334
0 0.492089 0.738648 0.261464 0.280325
0 0.873089 0.190042 0.253821 0.291276
0 0.817243 0.390431 0.171628 0.135783
0 0.930746 0.565634 0.138508 0.181773
0 0.920689 0.758358 0.158622 0.197104