0 0.042199 0.187439 0.084398 0.183355
0 0.096690 0.147957 0.095051 0.133836
0 0.186005 0.137919 0.129466 0.143204
0 0.299082 0.117844 0.119633 0.143204
0 0.059407 0.395553 0.118814 0.227521
0 0.167158 0.338673 0.147493 0.242243
0 0.056539 0.609022 0.113078 0.183355
0 0.040151 0.763602 0.080302 0.133836
0 0.166339 0.528720 0.139299 0.135174
0 0.155277 0.726797 0.154867 0.239566
0 0.402327 0.275101 0.114716 0.125806
0 0.347427 0.445742 0.109800 0.188709
0 0.336775 0.602330 0.119633 0.113761
0 0.335546 0.760256 0.125369 0.196739
0 0.669043 0.180078 0.140118 0.203431
0 0.509669 0.455110 0.101606 0.188709
0 0.698951 0.448419 0.117994 0.239566
0 0.644871 0.736166 0.262209 0.271687
0 0.938791 0.186100 0.122418 0.279717
0 0.932645 0.391538 0.134710 0.131159