0 0.082043 0.176991 0.105088 0.183690
0 0.149797 0.133327 0.089417 0.132498
0 0.237832 0.130316 0.119838 0.138520
0 0.338772 0.121282 0.117072 0.135509
0 0.103706 0.390794 0.133665 0.222837
0 0.229074 0.327557 0.148414 0.237893
0 0.083426 0.611372 0.166851 0.194229
0 0.215708 0.530067 0.119838 0.127981
0 0.092644 0.771724 0.124447 0.138520
0 0.224004 0.731825 0.167773 0.275535
0 0.490874 0.273353 0.111541 0.123464
0 0.436025 0.448009 0.105088 0.186701
0 0.424502 0.603091 0.115229 0.114430
0 0.421737 0.762691 0.118916 0.195735
0 0.761431 0.174733 0.149336 0.197241
0 0.601954 0.453279 0.103245 0.191218
0 0.789546 0.451020 0.133665 0.237893
0 0.745299 0.739353 0.262721 0.275535
0 0.981563 0.194051 0.036873 0.240905
0 0.975664 0.396411 0.048672 0.130088