0 0.081121 0.176062 0.104884 0.182017
0 0.150361 0.135912 0.090954 0.133836
0 0.236808 0.129220 0.121272 0.141866
0 0.339643 0.121859 0.117175 0.135174
0 0.103655 0.389531 0.131924 0.231536
0 0.231072 0.325290 0.150770 0.239566
0 0.081531 0.611029 0.163061 0.190047
0 0.215093 0.528720 0.117175 0.129821
0 0.090544 0.773640 0.120452 0.143204
0 0.223697 0.730143 0.168797 0.275702
0 0.489184 0.274432 0.106522 0.132498
0 0.435513 0.445073 0.100787 0.190047
0 0.424861 0.600322 0.115536 0.112422
0 0.421173 0.760925 0.117994 0.198077
0 0.761226 0.174055 0.150770 0.202092
0 0.599803 0.453103 0.101606 0.192724
0 0.789905 0.451095 0.134382 0.239566
0 0.745247 0.739512 0.264667 0.278379
0 0.981400 0.208183 0.037200 0.227521
0 0.976483 0.394215 0.047034 0.125806