0 0.051162 0.183767 0.102323 0.185195
0 0.116611 0.143114 0.091261 0.134003
0 0.200959 0.134080 0.116150 0.140026
0 0.311578 0.122788 0.121681 0.141531
0 0.069598 0.392300 0.135509 0.228859
0 0.185749 0.334332 0.142883 0.233376
0 0.066372 0.610619 0.132743 0.189712
0 0.182983 0.530067 0.131822 0.130992
0 0.050240 0.764196 0.100479 0.135509
0 0.175147 0.729566 0.156711 0.246927
0 0.436486 0.274106 0.115229 0.130992
0 0.380715 0.444998 0.106932 0.189712
0 0.541574 0.454031 0.102323 0.189712
0 0.369192 0.598574 0.117072 0.114430
0 0.366888 0.758174 0.121681 0.204769
0 0.704738 0.178497 0.144727 0.204769
0 0.733315 0.448762 0.122603 0.239399
0 0.681692 0.740106 0.262721 0.283063
0 0.956305 0.180755 0.087389 0.269512
0 0.948009 0.389288 0.103982 0.129486