0 0.050803 0.182754 0.101606 0.184694
0 0.117175 0.140596 0.095051 0.135174
0 0.202393 0.135243 0.117994 0.140528
0 0.313422 0.120521 0.120452 0.137851
0 0.068420 0.393546 0.136840 0.228859
0 0.185185 0.333320 0.142576 0.234213
0 0.065552 0.609691 0.131104 0.184694
0 0.183546 0.529389 0.132743 0.128482
0 0.051213 0.762264 0.102425 0.136513
0 0.176581 0.728805 0.156506 0.246258
0 0.435513 0.275770 0.113897 0.129821
0 0.381023 0.445742 0.109800 0.188709
0 0.369551 0.600322 0.117994 0.112422
0 0.366683 0.760256 0.122091 0.196739
0 0.705097 0.177401 0.141757 0.203431
0 0.542445 0.455110 0.099967 0.194062
0 0.733776 0.450426 0.123730 0.240905
0 0.681744 0.738842 0.262209 0.279717
0 0.954277 0.182359 0.091445 0.275338
0 0.947640 0.395206 0.104720 0.132498