0 0.062467 0.183585 0.105848 0.187055
0 0.132743 0.140364 0.095436 0.131789
0 0.224276 0.132570 0.132743 0.141709
0 0.328822 0.122650 0.117994 0.141709
0 0.084158 0.392605 0.133611 0.230985
0 0.205622 0.329545 0.154433 0.232402
0 0.072879 0.612253 0.145757 0.191307
0 0.199115 0.529354 0.132743 0.130372
0 0.067239 0.768133 0.111921 0.134623
0 0.199983 0.734123 0.170918 0.264995
0 0.465469 0.272153 0.104980 0.126121
0 0.413847 0.445746 0.105848 0.189890
0 0.402134 0.603751 0.115391 0.114784
0 0.399965 0.762465 0.119729 0.196975
0 0.738765 0.175082 0.148360 0.198392
0 0.576523 0.452123 0.099774 0.191307
0 0.767829 0.450706 0.128405 0.242322
0 0.720111 0.741208 0.263752 0.276332
0 0.970993 0.194412 0.058014 0.258571
0 0.965585 0.393559 0.068830 0.133301