0 0.142330 0.165143 0.104720 0.183088
0 0.210177 0.129007 0.087021 0.149361
0 0.283186 0.120575 0.123894 0.142134
0 0.434050 0.127423 0.111673 0.139381
0 0.162769 0.389837 0.123262 0.237463
0 0.140645 0.617836 0.161188 0.194444
0 0.153287 0.785609 0.116941 0.137660
0 0.339760 0.330471 0.142225 0.242625
0 0.312895 0.534380 0.120101 0.123894
0 0.331858 0.734847 0.162242 0.273599
0 0.602613 0.271966 0.105352 0.125615
0 0.548883 0.447482 0.101138 0.191003
0 0.534661 0.603210 0.104298 0.113569
0 0.534661 0.760658 0.104298 0.197886
0 0.875474 0.174744 0.160135 0.203048
0 0.716393 0.453505 0.103245 0.192724
0 0.905499 0.448342 0.140118 0.244346
0 0.861357 0.738288 0.277286 0.273599