0 0.157501 0.162698 0.100084 0.189282
0 0.221766 0.140329 0.087442 0.154867
0 0.296566 0.116238 0.123262 0.134218
0 0.175938 0.388977 0.115887 0.246067
0 0.153814 0.619557 0.149600 0.187561
0 0.164349 0.787330 0.107459 0.144543
0 0.455647 0.124842 0.110619 0.137660
0 0.361357 0.331332 0.136957 0.244346
0 0.333965 0.532659 0.117994 0.123894
0 0.355036 0.731405 0.160135 0.280482
0 0.626317 0.271966 0.106405 0.122173
0 0.899178 0.175604 0.163295 0.204769
0 0.571007 0.444041 0.099031 0.191003
0 0.556785 0.602349 0.104298 0.108407
0 0.557311 0.761518 0.105352 0.199607
0 0.738517 0.449203 0.103245 0.194444
0 0.928255 0.447482 0.143489 0.242625
0 0.872419 0.736568 0.255162 0.277040