0 0.095870 0.174287 0.103245 0.183458
0 0.165078 0.135372 0.091899 0.135277
0 0.252439 0.127033 0.125936 0.137130
0 0.357386 0.125180 0.113456 0.133424
0 0.117427 0.392028 0.135012 0.229786
0 0.263218 0.329022 0.145224 0.244611
0 0.093601 0.616254 0.164511 0.192724
0 0.235421 0.530085 0.121398 0.127865
0 0.109485 0.774696 0.128205 0.135277
0 0.256978 0.733001 0.162242 0.274261
0 0.521897 0.269722 0.106649 0.126012
0 0.469140 0.442988 0.105514 0.190871
0 0.455525 0.602356 0.110052 0.116746
0 0.453823 0.762650 0.111187 0.192724
0 0.638189 0.455034 0.103245 0.196430
0 0.795326 0.174287 0.156569 0.201989
0 0.823690 0.449474 0.133878 0.240905
0 0.780576 0.739486 0.272294 0.279820