0 0.162242 0.162698 0.107459 0.203048
0 0.234935 0.134306 0.096924 0.170354
0 0.329751 0.118819 0.117994 0.139381
0 0.498314 0.126563 0.103245 0.141101
0 0.197535 0.400162 0.156974 0.261554
0 0.162769 0.619557 0.171724 0.194444
0 0.175411 0.789911 0.129583 0.139381
0 0.405605 0.328751 0.136957 0.246067
0 0.378213 0.530078 0.115887 0.125615
0 0.398757 0.731405 0.159081 0.280482
0 0.670565 0.275407 0.106405 0.135939
0 0.616835 0.444901 0.097977 0.192724
0 0.603139 0.602349 0.104298 0.115290
0 0.607880 0.760658 0.107459 0.197886
0 0.930362 0.174744 0.139275 0.199607
0 0.781184 0.453505 0.110619 0.192724
0 0.949326 0.452644 0.101348 0.232301
0 0.894016 0.736568 0.211968 0.277040