0 0.175857 0.163168 0.108918 0.198283
0 0.252439 0.137225 0.103245 0.168633
0 0.355684 0.114988 0.116860 0.131571
0 0.533810 0.125180 0.107783 0.133424
0 0.218403 0.402220 0.166780 0.276114
0 0.439074 0.330875 0.131609 0.248317
0 0.706263 0.271576 0.110052 0.126012
0 0.178126 0.621814 0.165646 0.192724
0 0.187769 0.793227 0.128205 0.142690
0 0.411845 0.533791 0.111187 0.124159
0 0.431700 0.733001 0.155435 0.274261
0 0.652939 0.447621 0.098707 0.192724
0 0.641026 0.602356 0.108918 0.113040
0 0.640458 0.765430 0.107783 0.194577
0 0.817450 0.451327 0.114590 0.196430
0 0.911278 0.734854 0.177444 0.270554
0 0.945882 0.175214 0.108236 0.203842
0 0.965736 0.451327 0.068527 0.229786