0 0.189107 0.158397 0.112727 0.194444
0 0.267067 0.134306 0.108512 0.160029
0 0.249157 0.405324 0.169617 0.264995
0 0.194374 0.620417 0.167509 0.192724
0 0.203856 0.789911 0.125369 0.139381
0 0.388748 0.117099 0.117994 0.139381
0 0.565740 0.126563 0.103245 0.141101
0 0.471450 0.327890 0.127476 0.244346
0 0.444585 0.531799 0.109566 0.129056
0 0.468816 0.735707 0.151707 0.278761
0 0.963021 0.173023 0.073957 0.203048
0 0.739043 0.268524 0.112727 0.129056
0 0.685841 0.443180 0.099031 0.192724
0 0.673198 0.601489 0.103245 0.113569
0 0.676886 0.761518 0.110619 0.196165
0 0.848609 0.453505 0.116941 0.192724
0 0.926148 0.734847 0.147703 0.266716