0 0.199853 0.161529 0.107670 0.199951
0 0.275811 0.136234 0.106195 0.163815
0 0.420354 0.116962 0.115044 0.134907
0 0.600295 0.126598 0.103245 0.134907
0 0.282448 0.408456 0.163717 0.269813
0 0.505900 0.327753 0.123894 0.248132
0 0.774336 0.274754 0.112094 0.127679
0 0.978614 0.173574 0.042772 0.195133
0 0.207227 0.619248 0.166667 0.190315
0 0.218289 0.786676 0.117994 0.134907
0 0.475664 0.531318 0.104720 0.125270
0 0.503687 0.737291 0.146018 0.281858
0 0.719764 0.444592 0.103245 0.192724
0 0.709440 0.603589 0.109145 0.110816
0 0.712389 0.762586 0.112094 0.202360
0 0.882743 0.457842 0.122419 0.195133
0 0.942478 0.732473 0.115044 0.272222