0 0.200695 0.167000 0.104298 0.194444
0 0.276022 0.136027 0.105352 0.163471
0 0.456700 0.116238 0.112727 0.141101
0 0.635272 0.123121 0.103245 0.130777
0 0.311842 0.406184 0.164349 0.270157
0 0.230194 0.623859 0.140118 0.185841
0 0.250211 0.784749 0.093763 0.129056
0 0.539402 0.327030 0.124315 0.246067
0 0.508850 0.534380 0.101138 0.127335
0 0.532554 0.734847 0.146439 0.280482
0 0.804888 0.269385 0.117994 0.123894
0 0.754319 0.443180 0.103245 0.189282
0 0.919195 0.451784 0.121155 0.196165
0 0.742731 0.599768 0.111673 0.117011
0 0.745891 0.764960 0.117994 0.199607
0 0.958807 0.733126 0.082385 0.283923