0 0.199682 0.162242 0.102110 0.200136
0 0.276265 0.135372 0.107783 0.161221
0 0.422056 0.112208 0.113456 0.137130
0 0.600749 0.126106 0.100976 0.138983
0 0.281938 0.405000 0.164511 0.266848
0 0.207057 0.621814 0.162242 0.192724
0 0.220104 0.792300 0.122532 0.137130
0 0.504311 0.328095 0.125936 0.250170
0 0.479918 0.531938 0.108918 0.124159
0 0.503744 0.736707 0.147493 0.270554
0 0.773769 0.273429 0.113456 0.118599
0 0.722147 0.443915 0.100976 0.192724
0 0.707965 0.600503 0.111187 0.116746
0 0.701157 0.763577 0.127071 0.201989
0 0.978298 0.173023 0.043404 0.203048
0 0.884956 0.455225 0.120101 0.196165
0 0.931943 0.728824 0.136114 0.275320