0 0.201749 0.172163 0.112727 0.208210
0 0.276022 0.135166 0.109566 0.158309
0 0.491466 0.408765 0.150653 0.271878
0 0.371892 0.624719 0.160135 0.184120
0 0.410346 0.787330 0.114834 0.130777
0 0.633165 0.115378 0.101138 0.129056
0 0.815950 0.120540 0.112727 0.139381
0 0.729562 0.327890 0.127476 0.247788
0 0.960388 0.271105 0.079224 0.127335
0 0.694796 0.533519 0.102191 0.122173
0 0.934471 0.446622 0.122208 0.189282
0 0.723241 0.741730 0.150653 0.283923
0 0.923936 0.603210 0.126422 0.120452
0 0.929204 0.764100 0.134850 0.201327