0 0.201327 0.168756 0.110619 0.199951
0 0.277286 0.135029 0.109145 0.161406
0 0.600295 0.114553 0.100295 0.134907
0 0.778024 0.121780 0.113569 0.139725
0 0.457227 0.406047 0.147493 0.269813
0 0.339971 0.626475 0.157817 0.185497
0 0.376844 0.787881 0.116519 0.137316
0 0.693953 0.325344 0.125369 0.248132
0 0.943953 0.261504 0.112094 0.120452
0 0.660029 0.530113 0.101770 0.122861
0 0.901917 0.443387 0.116519 0.190315
0 0.691003 0.740905 0.148968 0.279449
0 0.888643 0.599975 0.125369 0.122861
0 0.894543 0.766200 0.134218 0.199951