0 0.201327 0.168756 0.104720 0.190315
0 0.275698 0.132592 0.106649 0.163074
0 0.263218 0.623667 0.161107 0.189017
0 0.298956 0.788594 0.119129 0.140837
0 0.378375 0.407779 0.155435 0.276114
0 0.520762 0.112208 0.104379 0.140837
0 0.702859 0.121473 0.100976 0.133424
0 0.613796 0.330875 0.122532 0.252023
0 0.578058 0.532864 0.100976 0.126012
0 0.611527 0.738560 0.147493 0.281673
0 0.874745 0.266016 0.122532 0.126012
0 0.820853 0.442988 0.110052 0.194577
0 0.961765 0.450401 0.076469 0.194577
0 0.809508 0.601430 0.116860 0.118599
0 0.814613 0.763577 0.120263 0.198283