0 0.202802 0.167861 0.104298 0.199607
0 0.274968 0.136027 0.109566 0.166912
0 0.488306 0.114517 0.108512 0.137660
0 0.670038 0.124842 0.103245 0.137660
0 0.348188 0.406184 0.161188 0.266716
0 0.239676 0.624719 0.156974 0.184120
0 0.266013 0.784749 0.121155 0.132498
0 0.574694 0.327890 0.125369 0.247788
0 0.544142 0.536961 0.102191 0.129056
0 0.572061 0.737428 0.145386 0.278761
0 0.840708 0.270245 0.122208 0.132498
0 0.789086 0.448342 0.109566 0.192724
0 0.946165 0.451784 0.107670 0.192724
0 0.776443 0.600629 0.117994 0.118732
0 0.779077 0.762379 0.123262 0.197886
0 0.975137 0.708175 0.049726 0.227139