0 0.201327 0.169961 0.107670 0.202360
0 0.275811 0.136234 0.106195 0.163815
0 0.381023 0.406629 0.159784 0.264995
0 0.261799 0.624447 0.159784 0.190716
0 0.298673 0.788061 0.122911 0.132498
0 0.519297 0.115536 0.109390 0.132498
0 0.704277 0.122562 0.105703 0.130490
0 0.611480 0.329339 0.126598 0.246927
0 0.873894 0.272124 0.122911 0.128482
0 0.580138 0.536115 0.100787 0.126475
0 0.819813 0.443768 0.108161 0.194731
0 0.610251 0.738877 0.146264 0.279048
0 0.811209 0.599353 0.120452 0.124467
0 0.814897 0.764975 0.122911 0.198746
0 0.962144 0.454810 0.075712 0.192724