0 0.203048 0.177548 0.113078 0.211996
0 0.276303 0.136595 0.108161 0.165421
0 0.407571 0.626434 0.154376 0.191118
0 0.443953 0.791855 0.111111 0.130088
0 0.526549 0.407211 0.148476 0.269813
0 0.668142 0.116519 0.103245 0.134907
0 0.762045 0.331727 0.137660 0.253753
0 0.726647 0.534087 0.106195 0.128482
0 0.760079 0.739659 0.157325 0.282661
0 0.846116 0.122943 0.117011 0.141331
0 0.977384 0.270698 0.045231 0.128482
0 0.954277 0.450574 0.091445 0.192724
0 0.945919 0.602343 0.108161 0.117240
0 0.946411 0.766962 0.107178 0.199148