0 0.052365 0.459994 0.104730 0.223480
0 0.038851 0.686233 0.077702 0.256588
0 0.214527 0.239274 0.175676 0.251070
0 0.408784 0.524831 0.162162 0.204167
0 0.389358 0.771762 0.160473 0.206926
0 0.518581 0.226858 0.168919 0.270383
0 0.609797 0.115118 0.094595 0.151745
0 0.799831 0.268243 0.096284 0.143468
0 0.750845 0.556560 0.136824 0.262106
0 0.807432 0.122016 0.111486 0.182095
0 0.955236 0.530349 0.089527 0.253829
0 0.945946 0.775901 0.108108 0.220721
0 0.951014 0.268243 0.097972 0.160023
0 0.955236 0.122016 0.089527 0.176577