0 0.421453 0.766244 0.160473 0.217962
0 0.782939 0.551042 0.140203 0.267624
0 0.441723 0.526211 0.153716 0.212444
0 0.228041 0.236515 0.172297 0.256588
0 0.554899 0.222720 0.180743 0.273142
0 0.639358 0.113739 0.089527 0.160023
0 0.840372 0.119257 0.113176 0.176577
0 0.834459 0.264105 0.101351 0.140709
0 0.973818 0.130293 0.052364 0.160023
0 0.974662 0.282038 0.050676 0.143468
0 0.970439 0.530349 0.059122 0.242793
0 0.961993 0.767624 0.076014 0.209685
0 0.059966 0.458615 0.119932 0.204167
0 0.045608 0.684854 0.091216 0.248311