0 0.641892 0.751070 0.155405 0.220721
0 0.919764 0.724859 0.160472 0.295214
0 0.956926 0.482066 0.086148 0.190372
0 0.766047 0.330321 0.143581 0.195890
0 0.674831 0.541385 0.173986 0.215203
0 0.486486 0.156503 0.135135 0.206926
0 0.358953 0.356532 0.197635 0.297973
0 0.401182 0.635191 0.133446 0.148986
0 0.185811 0.586909 0.179054 0.195890
0 0.245777 0.773142 0.130068 0.165541
0 0.119088 0.781419 0.126689 0.165541
0 0.164696 0.150985 0.197635 0.245552
0 0.105574 0.388260 0.167230 0.223480
0 0.053209 0.522072 0.106418 0.226239