0 0.724662 0.752449 0.162162 0.212444
0 0.956926 0.713823 0.086148 0.262106
0 0.848818 0.330321 0.140203 0.195890
0 0.759291 0.541385 0.170608 0.215203
0 0.566723 0.145467 0.126689 0.201408
0 0.436655 0.357911 0.180743 0.289696
0 0.472128 0.636571 0.116554 0.157264
0 0.318412 0.782798 0.133446 0.151745
0 0.220439 0.586909 0.177365 0.201408
0 0.199324 0.153744 0.182432 0.228998
0 0.163007 0.785557 0.143581 0.162782
0 0.042230 0.746931 0.084459 0.146227
0 0.139358 0.384122 0.146959 0.231757
0 0.086993 0.530349 0.109797 0.220721