0 0.460304 0.774521 0.126689 0.157264
0 0.878378 0.755208 0.172297 0.217962
0 0.904561 0.537247 0.187500 0.223480
0 0.957770 0.328941 0.084459 0.204167
0 0.722128 0.146847 0.133446 0.204167
0 0.585304 0.355152 0.180743 0.295214
0 0.623311 0.637950 0.114865 0.148986
0 0.342061 0.588288 0.170608 0.209685
0 0.286318 0.155124 0.173986 0.253829
0 0.228041 0.792455 0.121622 0.143468
0 0.079392 0.764865 0.138514 0.143468
0 0.222973 0.408953 0.148649 0.231757
0 0.164696 0.534488 0.146959 0.206926
0 0.117399 0.345495 0.234797 0.513176