0 0.542230 0.781419 0.118243 0.143468
0 0.705236 0.637950 0.119932 0.143468
0 0.947635 0.548283 0.104730 0.201408
0 0.928209 0.748311 0.143581 0.220721
0 0.803209 0.144088 0.140203 0.198649
0 0.671453 0.356532 0.173986 0.292455
0 0.353885 0.146847 0.180743 0.242793
0 0.412162 0.591047 0.158784 0.204167
0 0.287162 0.792455 0.131757 0.143468
0 0.288851 0.403435 0.162162 0.231757
0 0.201014 0.538626 0.138514 0.193131
0 0.119088 0.769003 0.130068 0.151745
0 0.048142 0.706926 0.096284 0.209685
0 0.135980 0.327562 0.271959 0.538007