0 0.906250 0.752449 0.177365 0.223480
0 0.923142 0.533108 0.153716 0.226239
0 0.753378 0.149606 0.131757 0.198649
0 0.620777 0.353773 0.177365 0.292455
0 0.659628 0.635191 0.123311 0.143468
0 0.494932 0.781419 0.125000 0.148986
0 0.373311 0.588288 0.165541 0.204167
0 0.309966 0.145467 0.184122 0.234516
0 0.250000 0.408953 0.155405 0.237275
0 0.181588 0.538626 0.140203 0.209685
0 0.254223 0.782798 0.126689 0.151745
0 0.097973 0.769003 0.128378 0.146227
0 0.034628 0.700028 0.069256 0.201408
0 0.118243 0.345495 0.236486 0.513176