0 0.712838 0.786937 0.111486 0.171059
0 0.951014 0.786937 0.097972 0.154505
0 0.854730 0.591047 0.172297 0.209685
0 0.780405 0.139949 0.179054 0.245552
0 0.712838 0.406194 0.152027 0.226239
0 0.592905 0.537247 0.128378 0.190372
0 0.380068 0.793834 0.131757 0.151745
0 0.374155 0.391019 0.319257 0.449718
0 0.227196 0.753829 0.123311 0.209685
0 0.143581 0.742793 0.114865 0.215203
0 0.082770 0.603463 0.141892 0.245552
0 0.173142 0.519313 0.119932 0.171059
0 0.130912 0.335839 0.136824 0.179336
0 0.178209 0.139949 0.173986 0.195890