0 0.725507 0.791075 0.116554 0.151745
0 0.955236 0.782798 0.089527 0.162782
0 0.864865 0.589668 0.179054 0.212444
0 0.793074 0.141329 0.180743 0.242793
0 0.727196 0.406194 0.146959 0.226239
0 0.606419 0.534488 0.131757 0.201408
0 0.391892 0.799352 0.125000 0.162782
0 0.388514 0.395158 0.314189 0.452477
0 0.240709 0.748311 0.126689 0.226239
0 0.146959 0.740034 0.118243 0.209685
0 0.077703 0.613119 0.128378 0.215203
0 0.179899 0.522072 0.113176 0.160023
0 0.140203 0.338598 0.135135 0.168300
0 0.183277 0.141329 0.170608 0.193131
0 0.044764 0.288936 0.089527 0.135191
0 0.073480 0.146847 0.086149 0.137950