0 0.735642 0.793834 0.113176 0.140709
0 0.964527 0.788316 0.070946 0.151745
0 0.885135 0.592427 0.179054 0.201408
0 0.820101 0.141329 0.177365 0.231757
0 0.751689 0.404814 0.148649 0.223480
0 0.630912 0.527590 0.130068 0.187613
0 0.398649 0.793834 0.121622 0.173818
0 0.410473 0.392399 0.314189 0.441441
0 0.260980 0.749690 0.119932 0.212444
0 0.162162 0.738654 0.131757 0.212444
0 0.191723 0.138570 0.170608 0.198649
0 0.088682 0.611740 0.123311 0.234516
0 0.190878 0.516554 0.111486 0.160023
0 0.152872 0.342736 0.140203 0.171059
0 0.082770 0.144088 0.077703 0.148986
0 0.050676 0.288936 0.094595 0.151745