0 0.487331 0.803491 0.113176 0.143468
0 0.825169 0.789696 0.126689 0.148986
0 0.939189 0.592427 0.121622 0.201408
0 0.895270 0.146847 0.189189 0.242793
0 0.833615 0.411712 0.153716 0.226239
0 0.711149 0.533108 0.131757 0.198649
0 0.498311 0.386881 0.314189 0.452477
0 0.333615 0.756588 0.116554 0.215203
0 0.224662 0.127534 0.168919 0.204167
0 0.195946 0.742793 0.138514 0.209685
0 0.095439 0.760726 0.096284 0.162782
0 0.123311 0.618637 0.121622 0.220721
0 0.240709 0.516554 0.116554 0.176577
0 0.190034 0.338598 0.130068 0.184854
0 0.094595 0.284797 0.094595 0.148986
0 0.119932 0.139949 0.077703 0.151745
0 0.045608 0.155124 0.084459 0.137950
0 0.418074 0.277900 0.065878 0.118637