0 0.426520 0.799352 0.119932 0.151745
0 0.753378 0.792455 0.118243 0.154505
0 0.970439 0.785557 0.059122 0.173818
0 0.895270 0.588288 0.175676 0.215203
0 0.829392 0.146847 0.179054 0.253829
0 0.761824 0.408953 0.152027 0.226239
0 0.643581 0.534488 0.128378 0.184854
0 0.420608 0.392399 0.314189 0.463514
0 0.266892 0.755208 0.131757 0.201408
0 0.195946 0.134431 0.175676 0.195890
0 0.070101 0.755208 0.103041 0.146227
0 0.093750 0.614499 0.123311 0.234516
0 0.195946 0.512416 0.111486 0.184854
0 0.156250 0.339977 0.140203 0.171059
0 0.087838 0.138570 0.084459 0.148986
0 0.059122 0.291695 0.097973 0.162782
0 0.166385 0.748311 0.116554 0.204167