0 0.948480 0.792455 0.103040 0.143468
0 0.849662 0.531729 0.135135 0.195890
0 0.941723 0.388260 0.116554 0.262106
0 0.963682 0.159262 0.072635 0.212444
0 0.625000 0.802111 0.114865 0.146227
0 0.651182 0.393778 0.315878 0.455236
0 0.467905 0.752449 0.108108 0.206926
0 0.290541 0.775901 0.141892 0.198649
0 0.362331 0.517934 0.103041 0.162782
0 0.275338 0.345495 0.135135 0.165541
0 0.255068 0.458615 0.084459 0.132432
0 0.286318 0.135811 0.177365 0.220721
0 0.153716 0.781419 0.091216 0.143468
0 0.196791 0.629673 0.146959 0.220721
0 0.152872 0.279279 0.092905 0.143468
0 0.155405 0.130293 0.084459 0.143468
0 0.082770 0.149606 0.084459 0.132432
0 0.063345 0.259966 0.126689 0.110360
0 0.422297 0.131672 0.064189 0.107601
0 0.543919 0.282038 0.074324 0.115878