0 0.720439 0.796593 0.113176 0.162782
0 0.934122 0.530349 0.131756 0.198649
0 0.747466 0.389640 0.322635 0.463514
0 0.632601 0.279279 0.069257 0.099324
0 0.506757 0.133052 0.060811 0.104842
0 0.371622 0.133052 0.165541 0.209685
0 0.556588 0.759347 0.113176 0.209685
0 0.375000 0.774521 0.128378 0.201408
0 0.451014 0.519313 0.104730 0.171059
0 0.363176 0.341357 0.152027 0.168300
0 0.342061 0.459994 0.092905 0.151745
0 0.271115 0.644848 0.136824 0.234516
0 0.203547 0.781419 0.099662 0.154505
0 0.161318 0.130293 0.082770 0.137950
0 0.216216 0.282038 0.094595 0.160023
0 0.081926 0.145467 0.092905 0.124155
0 0.104730 0.258587 0.128378 0.113119
0 0.121622 0.534488 0.243243 0.471791