0 0.706926 0.800732 0.116554 0.165541
0 0.922297 0.535867 0.141892 0.204167
0 0.738176 0.389640 0.324324 0.446959
0 0.622466 0.277900 0.062500 0.102083
0 0.498311 0.130293 0.057432 0.104842
0 0.362331 0.133052 0.163851 0.215203
0 0.440878 0.520693 0.094595 0.157264
0 0.331081 0.464133 0.081081 0.137950
0 0.353041 0.344116 0.131757 0.151745
0 0.546453 0.753829 0.113176 0.209685
0 0.359797 0.766244 0.128378 0.201408
0 0.260135 0.644848 0.141892 0.217962
0 0.195101 0.781419 0.106419 0.143468
0 0.201014 0.284797 0.101351 0.160023
0 0.157095 0.131672 0.091216 0.140709
0 0.079392 0.152365 0.084459 0.132432
0 0.089527 0.257207 0.138514 0.110360
0 0.118243 0.527590 0.233108 0.496622