0 0.952703 0.159262 0.094594 0.223480
0 0.926520 0.411712 0.143581 0.242793
0 0.814189 0.533108 0.141892 0.182095
0 0.930743 0.788316 0.121622 0.135191
0 0.590372 0.803491 0.113176 0.154505
0 0.603041 0.396537 0.331081 0.460755
0 0.431588 0.755208 0.123311 0.212444
0 0.333615 0.517934 0.113176 0.168300
0 0.274493 0.133052 0.157095 0.209685
0 0.245777 0.339977 0.130068 0.176577
0 0.223818 0.462753 0.099662 0.151745
0 0.258446 0.759347 0.135135 0.209685
0 0.140203 0.778660 0.104730 0.148986
0 0.180743 0.626914 0.145270 0.220721
0 0.141892 0.286177 0.101351 0.157264
0 0.156250 0.127534 0.082770 0.143468
0 0.081081 0.148226 0.084459 0.135191
0 0.512669 0.290315 0.069257 0.115878