0 0.823480 0.793834 0.123311 0.146227
0 0.661318 0.753829 0.113176 0.215203
0 0.477196 0.773142 0.123311 0.209685
0 0.843750 0.392399 0.312500 0.469032
0 0.603885 0.135811 0.059122 0.104842
0 0.736486 0.279279 0.064189 0.110360
0 0.474662 0.135811 0.155405 0.226239
0 0.554899 0.523452 0.096284 0.168300
0 0.461149 0.337218 0.131757 0.148986
0 0.440878 0.465512 0.084459 0.146227
0 0.366554 0.639330 0.158784 0.228998
0 0.288007 0.789696 0.123311 0.176577
0 0.305743 0.280659 0.114865 0.151745
0 0.162162 0.535867 0.243243 0.485586
0 0.032095 0.530349 0.006757 0.000000
0 0.156250 0.131672 0.086149 0.135191
0 0.140203 0.250310 0.138514 0.107601
0 0.080236 0.156503 0.086149 0.135191