0 0.963682 0.789696 0.072635 0.165541
0 0.925676 0.421368 0.148648 0.416610
0 0.896959 0.275141 0.070946 0.107601
0 0.765203 0.127534 0.057432 0.115878
0 0.831081 0.756588 0.128378 0.226239
0 0.723818 0.520693 0.106419 0.162782
0 0.630912 0.337218 0.123311 0.165541
0 0.646115 0.134431 0.157095 0.223480
0 0.602196 0.465512 0.089527 0.146227
0 0.652872 0.771762 0.130068 0.206926
0 0.532939 0.654505 0.140203 0.242793
0 0.455236 0.789696 0.103041 0.165541
0 0.472128 0.286177 0.092905 0.162782
0 0.261824 0.574493 0.266892 0.496622
0 0.247466 0.264105 0.136824 0.129673
0 0.156250 0.134431 0.089527 0.140709
0 0.092905 0.167539 0.104730 0.146227
0 0.086993 0.520693 0.106419 0.146227
0 0.108953 0.628294 0.099662 0.168300
0 0.126689 0.777280 0.091216 0.129673
0 0.030405 0.298592 0.060810 0.154505