0 0.614865 0.775901 0.121622 0.215203
0 0.798986 0.762106 0.114865 0.237275
0 0.945101 0.793834 0.109797 0.157264
0 0.911318 0.413091 0.177364 0.416610
0 0.867399 0.276520 0.069257 0.126914
0 0.614020 0.133052 0.153716 0.226239
0 0.735642 0.131672 0.062500 0.118637
0 0.695101 0.509657 0.099662 0.184854
0 0.569257 0.465512 0.081081 0.151745
0 0.598818 0.344116 0.113176 0.151745
0 0.501689 0.651745 0.135135 0.237275
0 0.438345 0.288936 0.092905 0.146227
0 0.419764 0.792455 0.109797 0.171059
0 0.219595 0.261346 0.141892 0.135191
0 0.160473 0.133052 0.097973 0.148986
0 0.091216 0.163401 0.101351 0.165541
0 0.239020 0.578632 0.271959 0.488345
0 0.069257 0.519313 0.101351 0.137950
0 0.109797 0.778660 0.111486 0.143468