0 0.902872 0.804870 0.133446 0.162782
0 0.884291 0.392399 0.231418 0.463514
0 0.740709 0.753829 0.119932 0.226239
0 0.637669 0.522072 0.096284 0.165541
0 0.539696 0.339977 0.119932 0.148986
0 0.684122 0.134431 0.064189 0.102083
0 0.552365 0.133052 0.158784 0.220721
0 0.382601 0.287556 0.099662 0.160023
0 0.555743 0.770383 0.131757 0.209685
0 0.439189 0.647607 0.131757 0.234516
0 0.514358 0.459994 0.086149 0.151745
0 0.366554 0.786937 0.118243 0.165541
0 0.195101 0.258587 0.136824 0.140709
0 0.163007 0.131672 0.106419 0.151745
0 0.084459 0.159262 0.087838 0.162782
0 0.207770 0.542765 0.250000 0.493863
0 0.094595 0.769003 0.108108 0.118637
0 0.056588 0.511036 0.096284 0.148986