0 0.580236 0.775901 0.126689 0.204167
0 0.765203 0.757967 0.118243 0.223480
0 0.924831 0.795214 0.126689 0.148986
0 0.888514 0.406194 0.222972 0.419369
0 0.828547 0.283418 0.065878 0.107601
0 0.704392 0.127534 0.060811 0.104842
0 0.570946 0.135811 0.162162 0.209685
0 0.659628 0.520693 0.096284 0.157264
0 0.560811 0.339977 0.118243 0.143468
0 0.537162 0.455856 0.087838 0.160023
0 0.464527 0.644848 0.145270 0.223480
0 0.390203 0.791075 0.118243 0.162782
0 0.406250 0.287556 0.099662 0.148986
0 0.160473 0.131672 0.087838 0.135191
0 0.086149 0.163401 0.094595 0.148986
0 0.200169 0.257207 0.136824 0.132432
0 0.104730 0.774521 0.108108 0.135191
0 0.214527 0.551042 0.260135 0.477309
0 0.059122 0.511036 0.091216 0.143468