0 0.763514 0.766244 0.128378 0.217962
0 0.941723 0.752449 0.116554 0.223480
0 0.841216 0.520693 0.104730 0.168300
0 0.765203 0.133052 0.162162 0.226239
0 0.881757 0.134431 0.067568 0.113119
0 0.746622 0.341357 0.125000 0.168300
0 0.712838 0.464133 0.091216 0.148986
0 0.653716 0.650366 0.135135 0.245552
0 0.570946 0.795214 0.108108 0.165541
0 0.586149 0.282038 0.084459 0.148986
0 0.357264 0.264105 0.133446 0.129673
0 0.358953 0.582770 0.271959 0.491104
0 0.179899 0.786937 0.096284 0.132432
0 0.054054 0.655884 0.101351 0.234516
0 0.107264 0.759347 0.076014 0.132432
0 0.167230 0.631053 0.125000 0.157264
0 0.242399 0.344116 0.109797 0.151745
0 0.201858 0.447579 0.116554 0.154505
0 0.132601 0.523452 0.103041 0.146227
0 0.163851 0.137190 0.091216 0.168300
0 0.091216 0.166160 0.108108 0.154505
0 0.054899 0.286177 0.109797 0.146227
0 0.050676 0.447579 0.101351 0.209685