0 0.945101 0.749690 0.109797 0.223480
0 0.851351 0.523452 0.114865 0.157264
0 0.778716 0.130293 0.155405 0.220721
0 0.757601 0.338598 0.133446 0.168300
0 0.725507 0.462753 0.089527 0.151745
0 0.776182 0.764865 0.136824 0.220721
0 0.664696 0.648986 0.133446 0.248311
0 0.890203 0.117877 0.057432 0.102083
0 0.600507 0.280659 0.086149 0.146227
0 0.579392 0.785557 0.101351 0.157264
0 0.368243 0.259966 0.131757 0.121396
0 0.373311 0.581391 0.270270 0.488345
0 0.162162 0.135811 0.094595 0.160023
0 0.088682 0.167539 0.092905 0.140709
0 0.253378 0.352393 0.101351 0.146227
0 0.217905 0.454476 0.104730 0.151745
0 0.144426 0.522072 0.099662 0.148986
0 0.172297 0.637950 0.111486 0.160023
0 0.189189 0.785557 0.094595 0.135191
0 0.124155 0.763485 0.079392 0.118637
0 0.057432 0.291695 0.114864 0.146227
0 0.059966 0.657264 0.119932 0.231757
0 0.054899 0.451717 0.109797 0.195890