0 0.981419 0.752449 0.037162 0.179336
0 0.850507 0.128913 0.153716 0.217962
0 0.954392 0.120636 0.060811 0.102083
0 0.920608 0.522072 0.118243 0.160023
0 0.824324 0.342736 0.128378 0.160023
0 0.791385 0.457235 0.089527 0.135191
0 0.846284 0.769003 0.131757 0.217962
0 0.738176 0.646227 0.138514 0.237275
0 0.651182 0.791075 0.106419 0.168300
0 0.668074 0.276520 0.082770 0.148986
0 0.443412 0.573114 0.271959 0.499381
0 0.430743 0.253069 0.114865 0.113119
0 0.319257 0.348255 0.114865 0.143468
0 0.277872 0.448958 0.109797 0.135191
0 0.171453 0.523452 0.109797 0.157264
0 0.206081 0.624155 0.111486 0.160023
0 0.222128 0.792455 0.092905 0.132432
0 0.154561 0.769003 0.092905 0.135191
0 0.163007 0.138570 0.099662 0.165541
0 0.097128 0.164780 0.103041 0.146227
0 0.071791 0.301351 0.136824 0.160023
0 0.077703 0.444820 0.118243 0.204167
0 0.071791 0.651745 0.143581 0.248311