0 0.843750 0.577252 0.282095 0.496622
0 0.981419 0.788316 0.037162 0.146227
0 0.816723 0.250310 0.119932 0.113119
0 0.690034 0.344116 0.092905 0.129673
0 0.630912 0.450338 0.092905 0.143468
0 0.549831 0.637950 0.092905 0.154505
0 0.562500 0.796593 0.087838 0.129673
0 0.411318 0.802111 0.089527 0.140709
0 0.467061 0.523452 0.092905 0.151745
0 0.348818 0.127534 0.096284 0.176577
0 0.277027 0.160642 0.111486 0.160023
0 0.199324 0.189611 0.111486 0.151745
0 0.135980 0.229617 0.082770 0.132432
0 0.060811 0.244792 0.104730 0.206926
0 0.248311 0.306869 0.138514 0.148986
0 0.265203 0.454476 0.135135 0.201408
0 0.154561 0.436543 0.123311 0.193131
0 0.205236 0.679336 0.180743 0.253829
0 0.050676 0.673818 0.101351 0.171059
0 0.059122 0.459994 0.118243 0.300732