0 0.822635 0.581391 0.277027 0.521453
0 0.977196 0.293074 0.045608 0.143468
0 0.967905 0.789696 0.064189 0.165541
0 0.780405 0.257207 0.118243 0.099324
0 0.659628 0.339977 0.092905 0.132432
0 0.606419 0.442061 0.091216 0.143468
0 0.526182 0.633812 0.096284 0.162782
0 0.544764 0.797973 0.086149 0.121396
0 0.391047 0.803491 0.092905 0.137950
0 0.322635 0.133052 0.101351 0.165541
0 0.257601 0.160642 0.103041 0.160023
0 0.178209 0.184093 0.086149 0.140709
0 0.119932 0.233756 0.077703 0.124155
0 0.046453 0.240653 0.089527 0.193131
0 0.222973 0.299972 0.131757 0.151745
0 0.244088 0.453097 0.123311 0.226239
0 0.146959 0.439302 0.128378 0.204167
0 0.194257 0.668300 0.182432 0.253829
0 0.038851 0.671059 0.077702 0.154505
0 0.051520 0.468271 0.103040 0.289696