0 0.760135 0.574493 0.277027 0.502140
0 0.945946 0.284797 0.097973 0.154505
0 0.969595 0.650366 0.060810 0.184854
0 0.934122 0.792455 0.121622 0.171059
0 0.723818 0.248930 0.109797 0.110360
0 0.599662 0.344116 0.091216 0.140709
0 0.552365 0.451717 0.087838 0.140709
0 0.470439 0.632432 0.103041 0.154505
0 0.486486 0.795214 0.081081 0.126914
0 0.335304 0.802111 0.089527 0.140709
0 0.394426 0.523452 0.096284 0.157264
0 0.282095 0.123395 0.101351 0.179336
0 0.225507 0.160642 0.099662 0.148986
0 0.154561 0.182714 0.092905 0.148986
0 0.198480 0.297213 0.126689 0.146227
0 0.197635 0.454476 0.114865 0.201408
0 0.172297 0.664161 0.189189 0.240034
0 0.109797 0.437922 0.108108 0.195890
0 0.041385 0.253069 0.082770 0.228998
0 0.042230 0.476548 0.084459 0.234516