0 0.932432 0.248930 0.135135 0.115878
0 0.912162 0.581391 0.175676 0.510417
0 0.809122 0.337218 0.094595 0.143468
0 0.758446 0.444820 0.091216 0.137950
0 0.675676 0.633812 0.097973 0.157264
0 0.690878 0.803491 0.084459 0.126914
0 0.533784 0.804870 0.094595 0.135191
0 0.591216 0.522072 0.091216 0.154505
0 0.458615 0.123395 0.092905 0.162782
0 0.376689 0.153744 0.108108 0.168300
0 0.289696 0.196509 0.082770 0.160023
0 0.353885 0.308249 0.123311 0.151745
0 0.381757 0.451717 0.111486 0.212444
0 0.272804 0.679336 0.180743 0.264865
0 0.212838 0.435163 0.131757 0.206926
0 0.193412 0.217202 0.099662 0.146227
0 0.110642 0.228238 0.099662 0.201408
0 0.088682 0.455856 0.177364 0.303491
0 0.075169 0.691751 0.150338 0.168300