0 0.885980 0.581391 0.221284 0.499381
0 0.870777 0.253069 0.126689 0.113119
0 0.747466 0.342736 0.103041 0.132432
0 0.701858 0.446199 0.092905 0.140709
0 0.618243 0.633812 0.104730 0.162782
0 0.638514 0.800732 0.087838 0.121396
0 0.478885 0.800732 0.086149 0.137950
0 0.532939 0.524831 0.099662 0.160023
0 0.401182 0.123395 0.092905 0.168300
0 0.318412 0.159262 0.109797 0.173818
0 0.241554 0.197889 0.094595 0.157264
0 0.167230 0.222720 0.081081 0.135191
0 0.087838 0.237894 0.101351 0.193131
0 0.326014 0.455856 0.135135 0.215203
0 0.299831 0.305490 0.133446 0.140709
0 0.233108 0.680715 0.179054 0.245552
0 0.181588 0.437922 0.119932 0.190372
0 0.062500 0.682095 0.125000 0.160023
0 0.070101 0.458615 0.140202 0.292455