0 0.931588 0.577252 0.136824 0.480068
0 0.948480 0.255828 0.103040 0.124155
0 0.838682 0.339977 0.103041 0.137950
0 0.792230 0.448958 0.097973 0.146227
0 0.709459 0.636571 0.101351 0.157264
0 0.729730 0.797973 0.091216 0.132432
0 0.565034 0.800732 0.092905 0.137950
0 0.625845 0.523452 0.099662 0.157264
0 0.494088 0.119257 0.089527 0.160023
0 0.407095 0.156503 0.104730 0.157264
0 0.323480 0.190991 0.086149 0.137950
0 0.386824 0.304110 0.148649 0.154505
0 0.416385 0.451717 0.116554 0.212444
0 0.304054 0.676577 0.182432 0.259347
0 0.245777 0.437922 0.130068 0.201408
0 0.216216 0.219961 0.101351 0.140709
0 0.131757 0.233756 0.101351 0.195890
0 0.093750 0.461374 0.177365 0.286937
0 0.085304 0.700028 0.170608 0.157264
0 0.041385 0.208925 0.082770 0.300732