0 0.863176 0.581391 0.270270 0.510417
0 0.827703 0.247551 0.121622 0.107601
0 0.703547 0.344116 0.096284 0.135191
0 0.655405 0.450338 0.091216 0.126914
0 0.570101 0.639330 0.096284 0.157264
0 0.591216 0.793834 0.091216 0.124155
0 0.433277 0.799352 0.089527 0.140709
0 0.492399 0.528970 0.092905 0.151745
0 0.362331 0.126154 0.099662 0.162782
0 0.284628 0.162021 0.109797 0.162782
0 0.207770 0.189611 0.101351 0.146227
0 0.140203 0.230997 0.081081 0.118637
0 0.268581 0.306869 0.165541 0.143468
0 0.288851 0.455856 0.131757 0.198649
0 0.216216 0.677956 0.189189 0.251070
0 0.155405 0.442061 0.104730 0.209685
0 0.068412 0.239274 0.116554 0.212444
0 0.051520 0.675197 0.103040 0.162782
0 0.063345 0.458615 0.126689 0.292455