0 0.954392 0.333080 0.091216 0.129673
0 0.916385 0.446199 0.109797 0.146227
0 0.836149 0.631053 0.108108 0.168300
0 0.853041 0.803491 0.094595 0.132432
0 0.686655 0.806250 0.092905 0.137950
0 0.745777 0.523452 0.096284 0.157264
0 0.622466 0.119257 0.092905 0.165541
0 0.525338 0.153744 0.104730 0.157264
0 0.449324 0.190991 0.084459 0.154505
0 0.516047 0.311008 0.103041 0.151745
0 0.540541 0.450338 0.111486 0.220721
0 0.358953 0.436543 0.123311 0.198649
0 0.427365 0.682095 0.172297 0.242793
0 0.329392 0.217202 0.087838 0.151745
0 0.200169 0.219961 0.113176 0.201408
0 0.159628 0.450338 0.197635 0.297973
0 0.124155 0.709685 0.190878 0.154505
0 0.081926 0.196509 0.163851 0.309009
0 0.061655 0.488964 0.123310 0.270383