0 0.950169 0.342736 0.099662 0.143468
0 0.904561 0.448958 0.099662 0.157264
0 0.827703 0.635191 0.108108 0.160023
0 0.847128 0.800732 0.096284 0.132432
0 0.678209 0.803491 0.092905 0.143468
0 0.734797 0.522072 0.097973 0.143468
0 0.607264 0.117877 0.096284 0.157264
0 0.520270 0.156503 0.101351 0.151745
0 0.440878 0.196509 0.084459 0.143468
0 0.502534 0.308249 0.123311 0.151745
0 0.531250 0.457235 0.113176 0.206926
0 0.320946 0.218581 0.087838 0.154505
0 0.351351 0.436543 0.135135 0.204167
0 0.416385 0.684854 0.167230 0.248311
0 0.183277 0.222720 0.116554 0.201408
0 0.159628 0.451717 0.201014 0.278660
0 0.077703 0.200648 0.155405 0.317286
0 0.123311 0.713823 0.202703 0.146227
0 0.059122 0.505518 0.118243 0.297973