0 0.964527 0.444820 0.070946 0.143468
0 0.903716 0.633812 0.111486 0.168300
0 0.929054 0.804870 0.101351 0.146227
0 0.751689 0.804870 0.091216 0.146227
0 0.813345 0.520693 0.092905 0.157264
0 0.686655 0.122016 0.092905 0.143468
0 0.596284 0.150985 0.094595 0.157264
0 0.519426 0.190991 0.086149 0.143468
0 0.582770 0.309628 0.125000 0.154505
0 0.611486 0.459994 0.114865 0.212444
0 0.492399 0.680715 0.173986 0.256588
0 0.423142 0.433784 0.113176 0.198649
0 0.397804 0.217202 0.089527 0.151745
0 0.244088 0.226858 0.119932 0.198649
0 0.198480 0.439302 0.187500 0.275901
0 0.088682 0.193750 0.177364 0.336599
0 0.155405 0.712444 0.182432 0.165541
0 0.083615 0.493102 0.167230 0.267624