0 0.950169 0.633812 0.099662 0.179336
0 0.967905 0.803491 0.064189 0.121396
0 0.810811 0.803491 0.091216 0.137950
0 0.865709 0.527590 0.099662 0.148986
0 0.744088 0.120636 0.092905 0.168300
0 0.654561 0.155124 0.092905 0.160023
0 0.576014 0.186852 0.084459 0.146227
0 0.639358 0.306869 0.116554 0.148986
0 0.665541 0.461374 0.114865 0.204167
0 0.450169 0.214443 0.086149 0.146227
0 0.481419 0.433784 0.125000 0.209685
0 0.556588 0.684854 0.170608 0.242793
0 0.298142 0.221340 0.126689 0.209685
0 0.226351 0.442061 0.189189 0.281419
0 0.103885 0.490343 0.184122 0.256588
0 0.100507 0.193750 0.197635 0.342117
0 0.186655 0.709685 0.173986 0.148986
0 0.055743 0.706926 0.111486 0.281419