0 0.133446 0.186852 0.263514 0.355912
0 0.146959 0.487584 0.202703 0.262106
0 0.084459 0.708305 0.168918 0.278660
0 0.220439 0.712444 0.177365 0.160023
0 0.291385 0.437922 0.184122 0.284178
0 0.374155 0.224099 0.119932 0.209685
0 0.526182 0.217202 0.099662 0.151745
0 0.560811 0.437922 0.128378 0.206926
0 0.637669 0.688992 0.173986 0.251070
0 0.657095 0.196509 0.094595 0.165541
0 0.734797 0.148226 0.104730 0.173818
0 0.825169 0.124775 0.096284 0.176577
0 0.744088 0.458615 0.123311 0.209685
0 0.714527 0.308249 0.125000 0.162782
0 0.942568 0.524831 0.101351 0.165541
0 0.885980 0.799352 0.103041 0.157264