0 0.890203 0.526211 0.091216 0.162782
0 0.972973 0.792455 0.054054 0.148986
0 0.957770 0.631053 0.084459 0.190372
0 0.828547 0.800732 0.096284 0.148986
0 0.782095 0.122016 0.087838 0.160023
0 0.693412 0.150985 0.092905 0.151745
0 0.610642 0.186852 0.096284 0.146227
0 0.659628 0.304110 0.130068 0.154505
0 0.690878 0.454476 0.114865 0.223480
0 0.579392 0.687613 0.182432 0.253829
0 0.508446 0.440681 0.125000 0.195890
0 0.481419 0.213063 0.087838 0.137950
0 0.326858 0.224099 0.119932 0.193131
0 0.249155 0.439302 0.177365 0.264865
0 0.112331 0.494482 0.180743 0.248311
0 0.197635 0.716582 0.172297 0.168300
0 0.058277 0.702787 0.116554 0.273142
0 0.120777 0.188232 0.241554 0.353153