0 0.173986 0.171678 0.310811 0.331081
0 0.130912 0.711064 0.261824 0.278660
0 0.234797 0.511036 0.185811 0.226239
0 0.456926 0.437922 0.184122 0.284178
0 0.373311 0.720721 0.179054 0.165541
0 0.812500 0.680715 0.185811 0.267624
0 0.543919 0.226858 0.108108 0.215203
0 0.689189 0.215822 0.097973 0.154505
0 0.824324 0.195130 0.101351 0.162782
0 0.735642 0.440681 0.126689 0.206926
0 0.914696 0.453097 0.133446 0.204167
0 0.907939 0.157883 0.106419 0.171059
0 0.883446 0.311008 0.135135 0.162782
0 0.971284 0.135811 0.057432 0.148986