0 0.139358 0.189611 0.278716 0.344876
0 0.079392 0.705546 0.158784 0.278660
0 0.245777 0.722100 0.173986 0.157264
0 0.155405 0.497241 0.199324 0.253829
0 0.315878 0.437922 0.182432 0.284178
0 0.407095 0.218581 0.114865 0.209685
0 0.673986 0.687613 0.172297 0.259347
0 0.558277 0.214443 0.092905 0.146227
0 0.598818 0.437922 0.126689 0.201408
0 0.690878 0.197889 0.091216 0.168300
0 0.782095 0.451717 0.121622 0.212444
0 0.773649 0.150985 0.097973 0.168300
0 0.858108 0.119257 0.097973 0.171059
0 0.752534 0.311008 0.123311 0.162782
0 0.964527 0.524831 0.070946 0.160023
0 0.920608 0.800732 0.097973 0.148986