0 0.141047 0.184093 0.282094 0.344876
0 0.087838 0.705546 0.175676 0.267624
0 0.257601 0.723480 0.177365 0.165541
0 0.168919 0.498620 0.195946 0.251070
0 0.328547 0.433784 0.180743 0.281419
0 0.416385 0.225479 0.113176 0.206926
0 0.608953 0.433784 0.123311 0.209685
0 0.566723 0.215822 0.099662 0.143468
0 0.702703 0.196509 0.091216 0.165541
0 0.686655 0.687613 0.173986 0.253829
0 0.788007 0.453097 0.130068 0.204167
0 0.768581 0.311008 0.135135 0.162782
0 0.870777 0.124775 0.106419 0.171059
0 0.783784 0.149606 0.101351 0.160023
0 0.968750 0.512416 0.062500 0.184854
0 0.934966 0.799352 0.092905 0.157264