0 0.841210 0.098940 0.144435 0.144876
0 0.704064 0.105124 0.143110 0.136042
0 0.586131 0.136926 0.098057 0.150177
0 0.492049 0.111307 0.090106 0.162544
0 0.395981 0.091873 0.091431 0.130742
0 0.299912 0.094523 0.098057 0.132509
0 0.189267 0.116608 0.120583 0.169611
0 0.125000 0.218198 0.161661 0.263251
0 0.814046 0.242933 0.111307 0.160777
0 0.711352 0.247350 0.112633 0.155477
0 0.625221 0.326855 0.131184 0.159011
0 0.375442 0.238516 0.132509 0.180212
0 0.263472 0.228799 0.107332 0.150177
0 0.808746 0.534452 0.100707 0.143110
0 0.709364 0.507951 0.100707 0.143110
0 0.543728 0.406360 0.113958 0.155477
0 0.613958 0.506184 0.090106 0.136042
0 0.422482 0.361307 0.131184 0.178445
0 0.538428 0.552120 0.103357 0.150177
0 0.309187 0.374558 0.116608 0.180212
0 0.370804 0.478799 0.131184 0.173145
0 0.733878 0.727032 0.181537 0.164311
0 0.588118 0.719081 0.102032 0.141343
0 0.448322 0.601590 0.113958 0.146643
0 0.493375 0.727915 0.098057 0.141343
0 0.723277 0.886042 0.075530 0.136042
0 0.647747 0.886042 0.078180 0.128975
0 0.565592 0.878092 0.088781 0.123675
0 0.474161 0.885159 0.099382 0.148410
0 0.378754 0.889576 0.102032 0.132509
0 0.342314 0.612191 0.108657 0.150177
0 0.396643 0.743816 0.111307 0.148410
0 0.205168 0.346290 0.109982 0.134276
0 0.202518 0.537986 0.261042 0.316254
0 0.260159 0.686396 0.151060 0.185512
0 0.088560 0.471731 0.080830 0.120141
0 0.128313 0.735866 0.139134 0.181979
0 0.272747 0.832155 0.157686 0.219081
0 0.140901 0.893110 0.113958 0.118375
0 0.812058 0.840106 0.001325 0.005300
0 0.935292 0.826855 0.001325 0.000000