0 0.841873 0.098057 0.148410 0.139576
0 0.698763 0.107774 0.143110 0.137809
0 0.585468 0.136926 0.094081 0.153710
0 0.490062 0.113074 0.088781 0.166078
0 0.395318 0.087456 0.098057 0.125442
0 0.301899 0.095406 0.096731 0.134276
0 0.342314 0.377208 0.000000 0.001767
0 0.191254 0.119258 0.116608 0.178445
0 0.126988 0.218198 0.160336 0.273852
0 0.264797 0.227032 0.109982 0.150177
0 0.376031 0.229976 0.136926 0.198469
0 0.811653 0.243816 0.118154 0.159011
0 0.711720 0.248233 0.117049 0.161955
0 0.626141 0.328475 0.129196 0.163428
0 0.808893 0.539753 0.106007 0.141343
0 0.710063 0.511042 0.098277 0.139870
0 0.546636 0.411661 0.118154 0.153121
0 0.615099 0.505889 0.089443 0.129564
0 0.536145 0.553004 0.114841 0.150177
0 0.425169 0.363074 0.131405 0.176678
0 0.308120 0.376325 0.120362 0.176678
0 0.207082 0.348351 0.108216 0.129564
0 0.372166 0.477179 0.131405 0.166372
0 0.448910 0.601590 0.110424 0.144287
0 0.728835 0.725265 0.182200 0.161955
0 0.589701 0.719376 0.102694 0.138398
0 0.490319 0.731154 0.096069 0.135453
0 0.344560 0.614841 0.109320 0.159011
0 0.394803 0.749558 0.099382 0.136926
0 0.722762 0.886484 0.070671 0.119258
0 0.648778 0.879859 0.075088 0.132509
0 0.564856 0.873969 0.090548 0.126620
0 0.473756 0.886484 0.093860 0.119258
0 0.376031 0.894582 0.094965 0.103062
0 0.091689 0.472762 0.091652 0.116313
0 0.198248 0.538280 0.253975 0.312132
0 0.256773 0.686985 0.143551 0.185512
0 0.277201 0.834217 0.162323 0.209069
0 0.127577 0.734835 0.134717 0.178151
0 0.139723 0.893846 0.110424 0.107479