0 0.340989 0.120141 0.151060 0.151943
0 0.201855 0.147527 0.151060 0.150177
0 0.339002 0.311837 0.099382 0.143110
0 0.236307 0.287986 0.098057 0.134276
0 0.138251 0.327739 0.100707 0.136042
0 0.342314 0.536219 0.108657 0.139576
0 0.241608 0.508834 0.098057 0.130742
0 0.161440 0.497350 0.064929 0.128975
0 0.285998 0.693463 0.194788 0.153710
0 0.145539 0.684629 0.088781 0.136042
0 0.348277 0.836572 0.078180 0.125442
0 0.271422 0.827739 0.075530 0.121908
0 0.191254 0.813604 0.079505 0.121908
0 0.092535 0.186396 0.094081 0.128975
0 0.087235 0.516784 0.075530 0.136042