0 0.380080 0.111307 0.149735 0.155477
0 0.242933 0.142226 0.153710 0.150177
0 0.382730 0.306537 0.099382 0.136042
0 0.280035 0.285336 0.100707 0.132509
0 0.126988 0.182862 0.107332 0.139576
0 0.186617 0.323322 0.107332 0.137809
0 0.385380 0.532686 0.102032 0.136042
0 0.285336 0.513251 0.090106 0.136042
0 0.206493 0.494700 0.064929 0.134276
0 0.117049 0.515901 0.103357 0.141343
0 0.324426 0.696113 0.186837 0.162544
0 0.183966 0.686396 0.086131 0.136042
0 0.097173 0.681095 0.090106 0.143110
0 0.388030 0.841873 0.075530 0.121908
0 0.312500 0.835689 0.075530 0.123675
0 0.234982 0.821555 0.076855 0.109541
0 0.128975 0.828622 0.106007 0.130742
0 0.110424 0.363958 0.092756 0.123675