0 0.401943 0.107774 0.153710 0.159011
0 0.262809 0.141343 0.151060 0.148410
0 0.148189 0.181095 0.107332 0.139576
0 0.405919 0.302120 0.098057 0.130742
0 0.306537 0.283569 0.103357 0.128975
0 0.206493 0.325972 0.107332 0.132509
0 0.403931 0.530919 0.104682 0.136042
0 0.307016 0.514723 0.093860 0.135453
0 0.226406 0.495583 0.069567 0.126620
0 0.132546 0.363074 0.096069 0.123675
0 0.138619 0.516196 0.099382 0.144287
0 0.345112 0.700972 0.185512 0.163428
0 0.213155 0.686985 0.085027 0.138398
0 0.116534 0.682568 0.094965 0.141343
0 0.407501 0.845995 0.071776 0.123675
0 0.331861 0.837898 0.070671 0.119258
0 0.252908 0.822438 0.082818 0.103062
0 0.152974 0.831272 0.106007 0.132509