0 0.515901 0.098057 0.148410 0.136042
0 0.370804 0.121025 0.147085 0.157244
0 0.256846 0.163428 0.107332 0.146643
0 0.157465 0.154594 0.102032 0.136042
0 0.522527 0.285336 0.103357 0.139576
0 0.417845 0.267668 0.103357 0.136042
0 0.323763 0.312721 0.103357 0.137809
0 0.242270 0.353357 0.091431 0.127208
0 0.134938 0.356890 0.107332 0.141343
0 0.519214 0.523852 0.102032 0.136042
0 0.419170 0.506184 0.095406 0.132509
0 0.336352 0.492933 0.064929 0.130742
0 0.250221 0.517668 0.096731 0.137809
0 0.152164 0.537986 0.094081 0.132509
0 0.427783 0.708481 0.178887 0.166078
0 0.516564 0.854240 0.070230 0.125442
0 0.443021 0.848940 0.076855 0.121908
0 0.362191 0.833922 0.084806 0.116608
0 0.291961 0.689929 0.092756 0.132509
0 0.197217 0.687279 0.094081 0.127208
0 0.104461 0.685512 0.091431 0.134276
0 0.264134 0.841873 0.100707 0.132509
0 0.166078 0.832155 0.095406 0.130742