0 0.551310 0.097468 0.138545 0.130153
0 0.406103 0.116313 0.150692 0.159011
0 0.293213 0.163428 0.110424 0.147232
0 0.194935 0.158274 0.106007 0.151649
0 0.103835 0.180359 0.111528 0.145760
0 0.654299 0.265754 0.103799 0.136926
0 0.553261 0.252503 0.104903 0.136926
0 0.457744 0.297409 0.108216 0.141343
0 0.371614 0.339370 0.097173 0.131037
0 0.268919 0.345259 0.101590 0.139870
0 0.161256 0.329800 0.107111 0.135453
0 0.608473 0.522674 0.098277 0.132509
0 0.509644 0.507214 0.092756 0.133981
0 0.426826 0.495436 0.066254 0.122203
0 0.340143 0.515312 0.098277 0.132509
0 0.242418 0.533716 0.094965 0.131037
0 0.146349 0.481449 0.114841 0.126620
0 0.521790 0.716284 0.176678 0.172261
0 0.383208 0.696408 0.091652 0.135453
0 0.287691 0.689782 0.092756 0.136926
0 0.192727 0.689046 0.094965 0.135453
0 0.129233 0.601443 0.115945 0.145760
0 0.538354 0.856154 0.070671 0.119258
0 0.464370 0.845848 0.070671 0.122203
0 0.384312 0.830389 0.082818 0.123675
0 0.283827 0.842903 0.098277 0.133981
0 0.186101 0.834806 0.094965 0.126620
0 0.093897 0.781802 0.096069 0.197291