0 0.553666 0.108657 0.139134 0.146643
0 0.408569 0.117491 0.153710 0.160777
0 0.294611 0.162544 0.108657 0.144876
0 0.197880 0.157244 0.106007 0.151943
0 0.105124 0.181095 0.111307 0.146643
0 0.674249 0.263251 0.104682 0.137809
0 0.570892 0.250000 0.104682 0.136042
0 0.475964 0.299764 0.104903 0.141343
0 0.389282 0.340989 0.097173 0.129564
0 0.286587 0.346143 0.103799 0.133981
0 0.176715 0.329947 0.104903 0.139870
0 0.620620 0.526502 0.102694 0.135453
0 0.520686 0.509570 0.092756 0.131037
0 0.437316 0.496319 0.067359 0.122203
0 0.352289 0.516196 0.091652 0.132509
0 0.254564 0.533127 0.097173 0.133981
0 0.160152 0.474971 0.109320 0.120730
0 0.537250 0.717903 0.181095 0.167845
0 0.396459 0.702444 0.098277 0.133981
0 0.303703 0.692874 0.093860 0.132509
0 0.208738 0.693610 0.091652 0.136926
0 0.141380 0.600854 0.113737 0.142815
0 0.545532 0.859246 0.073984 0.126620
0 0.472652 0.854093 0.073984 0.116313
0 0.393146 0.837161 0.082818 0.120730
0 0.292660 0.851148 0.098277 0.133981
0 0.194935 0.840842 0.094965 0.131037
0 0.104388 0.784894 0.112633 0.195819
0 0.078622 0.475265 0.068905 0.137809