0 0.610736 0.103186 0.137186 0.140749
0 0.464976 0.111723 0.149657 0.156932
0 0.352344 0.155373 0.106787 0.142382
0 0.254521 0.147578 0.102889 0.149657
0 0.705830 0.262939 0.104448 0.139264
0 0.606059 0.248909 0.104448 0.136146
0 0.507847 0.297236 0.107566 0.141343
0 0.419377 0.342444 0.097433 0.129911
0 0.318827 0.343484 0.098992 0.131989
0 0.212820 0.318541 0.100551 0.125753
0 0.689462 0.533361 0.101330 0.137186
0 0.591249 0.511536 0.098212 0.135107
0 0.504729 0.493868 0.070152 0.120557
0 0.419767 0.509457 0.098212 0.133028
0 0.323503 0.522449 0.100551 0.138225
0 0.228409 0.466639 0.109904 0.124714
0 0.654776 0.728227 0.180056 0.159011
0 0.513693 0.708481 0.098992 0.138225
0 0.420157 0.703804 0.097433 0.135107
0 0.324673 0.705882 0.093536 0.128871
0 0.234255 0.590002 0.093536 0.129911
0 0.656724 0.889316 0.070152 0.121596
0 0.581896 0.881002 0.076387 0.121596
0 0.500442 0.862814 0.095874 0.122636
0 0.401450 0.871648 0.100551 0.129911
0 0.308304 0.853980 0.106007 0.138225
0 0.217496 0.794222 0.114581 0.205778
0 0.162185 0.169501 0.113461 0.149072
0 0.086407 0.223609 0.079505 0.155698
0 0.127816 0.454395 0.109320 0.151281
0 0.076883 0.386484 0.058801 0.145760
0 0.126988 0.703953 0.114289 0.157906
0 0.083094 0.558193 0.074536 0.129196