0 0.622276 0.103799 0.139134 0.142815
0 0.477069 0.110424 0.149072 0.156066
0 0.363884 0.155330 0.110424 0.139870
0 0.267263 0.146496 0.102694 0.148704
0 0.173403 0.167108 0.113737 0.148704
0 0.705646 0.261337 0.102694 0.139870
0 0.605713 0.248086 0.106007 0.136926
0 0.509092 0.295936 0.107111 0.141343
0 0.420200 0.340106 0.097173 0.129564
0 0.319714 0.344523 0.099382 0.129564
0 0.212603 0.315813 0.108216 0.128092
0 0.701782 0.536661 0.101590 0.131037
0 0.604056 0.511631 0.096069 0.136926
0 0.517925 0.494700 0.069567 0.120730
0 0.431243 0.507951 0.094965 0.126620
0 0.337382 0.524882 0.101590 0.133981
0 0.241865 0.465989 0.109320 0.131037
0 0.141932 0.454947 0.114841 0.150177
0 0.094449 0.221584 0.090548 0.151649
0 0.085615 0.378386 0.075088 0.156066
0 0.673623 0.728062 0.179991 0.163428
0 0.531729 0.711131 0.099382 0.138398
0 0.437868 0.705978 0.094965 0.131037
0 0.341799 0.710395 0.090548 0.128092
0 0.246282 0.585984 0.091652 0.129564
0 0.670863 0.892962 0.070671 0.119258
0 0.597983 0.878975 0.070671 0.135453
0 0.512956 0.860571 0.092756 0.136926
0 0.416335 0.870878 0.096069 0.157538
0 0.323579 0.862044 0.104903 0.133981
0 0.230823 0.795053 0.120362 0.206125
0 0.144692 0.704505 0.118154 0.160483