0 0.668949 0.103357 0.139134 0.136042
0 0.521201 0.106890 0.151060 0.157244
0 0.410557 0.148410 0.107332 0.141343
0 0.311837 0.138693 0.103357 0.139576
0 0.217094 0.157244 0.112633 0.144876
0 0.128313 0.211131 0.107332 0.146643
0 0.717793 0.260748 0.100486 0.139870
0 0.616755 0.246761 0.106007 0.138398
0 0.522342 0.298292 0.104903 0.141343
0 0.431795 0.347615 0.093860 0.133981
0 0.328548 0.346143 0.099382 0.131037
0 0.221437 0.312279 0.110424 0.136926
0 0.103835 0.363810 0.118154 0.163428
0 0.738774 0.538280 0.100486 0.135453
0 0.638288 0.513987 0.093860 0.136926
0 0.552709 0.500736 0.070671 0.119258
0 0.467683 0.515459 0.097173 0.128092
0 0.372166 0.527238 0.100486 0.136926
0 0.278305 0.469081 0.109320 0.126620
0 0.177819 0.452150 0.113737 0.157538
0 0.713928 0.730713 0.176678 0.155183
0 0.571481 0.720701 0.094965 0.131037
0 0.475412 0.722909 0.092756 0.129564
0 0.382104 0.732479 0.093860 0.128092
0 0.276649 0.588928 0.099382 0.135453
0 0.192727 0.708186 0.128092 0.167845
0 0.115982 0.627208 0.138030 0.326855
0 0.708407 0.889282 0.072880 0.120730
0 0.633319 0.891490 0.072880 0.116313
0 0.549948 0.878975 0.085027 0.111896
0 0.454984 0.895907 0.098277 0.128092
0 0.357259 0.883392 0.106007 0.138398
0 0.267815 0.809040 0.125883 0.210542