0 0.672924 0.098940 0.141784 0.134276
0 0.531140 0.106007 0.149735 0.148410
0 0.417845 0.146643 0.103357 0.134276
0 0.320266 0.134865 0.098277 0.141343
0 0.227510 0.154005 0.111528 0.144287
0 0.136963 0.206272 0.107111 0.151649
0 0.072365 0.223204 0.050795 0.153121
0 0.728283 0.259276 0.103799 0.136926
0 0.626693 0.247497 0.108216 0.139870
0 0.532281 0.301237 0.109320 0.144287
0 0.442837 0.350559 0.102694 0.133981
0 0.335174 0.346879 0.108216 0.138398
0 0.231375 0.306390 0.106007 0.133981
0 0.113221 0.359246 0.119258 0.161955
0 0.744295 0.537397 0.100486 0.132509
0 0.646017 0.515312 0.098277 0.138398
0 0.560439 0.501325 0.072880 0.119258
0 0.473204 0.515312 0.097173 0.129564
0 0.378239 0.529299 0.099382 0.136926
0 0.284379 0.465989 0.114841 0.128092
0 0.186101 0.443168 0.114841 0.159011
0 0.286035 0.588928 0.100486 0.135453
0 0.718345 0.730271 0.174470 0.156066
0 0.577002 0.723645 0.094965 0.125147
0 0.480933 0.725118 0.090548 0.131037
0 0.387625 0.734688 0.091652 0.129564
0 0.195487 0.708922 0.124779 0.166372
0 0.119847 0.625000 0.150177 0.334217
0 0.712272 0.887073 0.071776 0.131037
0 0.639392 0.886337 0.071776 0.129564
0 0.554365 0.874558 0.082818 0.120730
0 0.459401 0.895171 0.089443 0.129564
0 0.360571 0.886337 0.103799 0.141343
0 0.271128 0.811985 0.130300 0.216431