0 0.682200 0.096290 0.144435 0.132509
0 0.536440 0.105124 0.144435 0.150177
0 0.425133 0.142226 0.104682 0.132509
0 0.327076 0.128975 0.104682 0.144876
0 0.233657 0.148410 0.111307 0.148410
0 0.143551 0.201413 0.108657 0.151943
0 0.731890 0.256184 0.108657 0.144876
0 0.632509 0.247350 0.106007 0.141343
0 0.538428 0.300942 0.108657 0.143698
0 0.447806 0.352768 0.099382 0.135453
0 0.340695 0.343934 0.106007 0.138398
0 0.242418 0.297556 0.110424 0.136926
0 0.118743 0.354976 0.119258 0.160483
0 0.752024 0.539753 0.096069 0.138398
0 0.651539 0.518404 0.091652 0.131037
0 0.565408 0.506625 0.069567 0.119258
0 0.479829 0.519140 0.092756 0.132509
0 0.383208 0.529446 0.102694 0.141343
0 0.292108 0.463928 0.114841 0.133981
0 0.192727 0.439635 0.119258 0.161955
0 0.717241 0.730418 0.183304 0.154594
0 0.579763 0.726737 0.098277 0.123675
0 0.480933 0.729682 0.092756 0.129564
0 0.388729 0.742933 0.096069 0.129564
0 0.285483 0.587603 0.092756 0.136926
0 0.212051 0.709069 0.155698 0.170789
0 0.713928 0.888545 0.075088 0.125147
0 0.639392 0.884865 0.073984 0.132509
0 0.554918 0.876031 0.083922 0.123675
0 0.462161 0.898852 0.097173 0.125147
0 0.362780 0.887809 0.106007 0.141343
0 0.272784 0.820082 0.131405 0.212014
0 0.127024 0.615430 0.164532 0.341578