0 0.696260 0.098645 0.143551 0.132509
0 0.552709 0.104535 0.141343 0.150177
0 0.441181 0.136926 0.103799 0.141343
0 0.344008 0.119994 0.097173 0.145760
0 0.247939 0.132509 0.106007 0.141343
0 0.154630 0.186249 0.109320 0.151649
0 0.086168 0.210542 0.073984 0.150177
0 0.738774 0.256184 0.104903 0.141343
0 0.639392 0.246614 0.109320 0.145760
0 0.542771 0.301826 0.112633 0.144287
0 0.456088 0.354829 0.098277 0.138398
0 0.345112 0.343051 0.112633 0.144287
0 0.247387 0.282686 0.120362 0.153121
0 0.130889 0.340106 0.112633 0.156066
0 0.758098 0.541814 0.101590 0.132509
0 0.657060 0.518257 0.091652 0.126620
0 0.574242 0.505742 0.071776 0.125147
0 0.487559 0.525618 0.097173 0.135453
0 0.388177 0.531508 0.103799 0.144287
0 0.299838 0.459364 0.117049 0.141343
0 0.202665 0.427709 0.119258 0.166372
0 0.718345 0.727326 0.181095 0.153121
0 0.579211 0.724382 0.092756 0.135453
0 0.482590 0.727326 0.096069 0.132509
0 0.387073 0.742049 0.092756 0.132509
0 0.287139 0.580830 0.096069 0.148704
0 0.131441 0.598498 0.173366 0.340106
0 0.215364 0.703769 0.155698 0.176678
0 0.266159 0.817138 0.151281 0.220848
0 0.712824 0.888545 0.068463 0.128092
0 0.639944 0.883392 0.072880 0.132509
0 0.557678 0.881920 0.085027 0.111896
0 0.461609 0.901796 0.093860 0.125147
0 0.363884 0.886337 0.106007 0.138398