0 0.702076 0.099823 0.141784 0.132509
0 0.564929 0.103357 0.143110 0.132509
0 0.447659 0.130742 0.096731 0.127208
0 0.353578 0.107774 0.088781 0.137809
0 0.259496 0.108657 0.099382 0.132509
0 0.162102 0.163428 0.113958 0.157244
0 0.743154 0.255300 0.107332 0.146643
0 0.642447 0.246466 0.109982 0.146643
0 0.548366 0.303887 0.112633 0.148410
0 0.459585 0.356890 0.104682 0.137809
0 0.346290 0.336572 0.116608 0.157244
0 0.250883 0.265018 0.116608 0.155477
0 0.761705 0.541519 0.094081 0.132509
0 0.662986 0.520318 0.092756 0.128975
0 0.577518 0.507067 0.070230 0.120141
0 0.490062 0.522085 0.096731 0.132509
0 0.389355 0.530035 0.107332 0.148410
0 0.303224 0.451413 0.120583 0.146643
0 0.209806 0.410777 0.119258 0.167845
0 0.135601 0.319788 0.119258 0.162544
0 0.090548 0.196996 0.082155 0.160777
0 0.721290 0.728799 0.177562 0.150177
0 0.580168 0.723498 0.094081 0.125442
0 0.484761 0.727915 0.091431 0.134276
0 0.388693 0.742933 0.095406 0.132509
0 0.291299 0.576855 0.094081 0.143110
0 0.140239 0.586572 0.189488 0.335689
0 0.714664 0.888693 0.071555 0.123675
0 0.639134 0.882509 0.076855 0.132509
0 0.556979 0.873675 0.084806 0.136042
0 0.460247 0.893993 0.098057 0.134276
0 0.364178 0.889576 0.096731 0.132509
0 0.210468 0.694346 0.141784 0.176678
0 0.272085 0.813604 0.148410 0.217314