0 0.714002 0.098940 0.147085 0.137809
0 0.570892 0.100707 0.141784 0.137809
0 0.454947 0.125442 0.095406 0.137809
0 0.359541 0.106890 0.090106 0.150177
0 0.268772 0.100707 0.096731 0.130742
0 0.168065 0.143993 0.112633 0.153710
0 0.091210 0.181095 0.088781 0.164311
0 0.749779 0.252650 0.104682 0.144876
0 0.648410 0.247350 0.111307 0.148410
0 0.554329 0.305654 0.116608 0.148410
0 0.467535 0.363074 0.107332 0.139576
0 0.348940 0.333922 0.124558 0.159011
0 0.265459 0.252650 0.132509 0.166078
0 0.144214 0.297703 0.131184 0.167845
0 0.763693 0.538869 0.098057 0.130742
0 0.664973 0.520318 0.094081 0.128975
0 0.577518 0.507067 0.072880 0.120141
0 0.490724 0.521201 0.095406 0.137809
0 0.397306 0.529152 0.102032 0.143110
0 0.305875 0.449647 0.123233 0.153710
0 0.299912 0.577739 0.100707 0.144876
0 0.216431 0.394876 0.124558 0.167845
0 0.719965 0.729682 0.174912 0.148410
0 0.580168 0.723498 0.094081 0.132509
0 0.482111 0.727032 0.091431 0.128975
0 0.388030 0.744700 0.096731 0.128975
0 0.091873 0.399293 0.092756 0.130742
0 0.227032 0.695230 0.159011 0.178445
0 0.144876 0.581272 0.196113 0.342756
0 0.714002 0.890459 0.075530 0.120141
0 0.639134 0.890459 0.074205 0.120141
0 0.556979 0.875442 0.090106 0.121908
0 0.463560 0.891343 0.094081 0.136042
0 0.365504 0.895760 0.096731 0.123675
0 0.264797 0.820671 0.152385 0.213781
0 0.084585 0.796820 0.080830 0.159011