0 0.713339 0.098940 0.137809 0.134276
0 0.576855 0.103357 0.145760 0.128975
0 0.460247 0.131625 0.090106 0.139576
0 0.364841 0.113958 0.087456 0.164311
0 0.269435 0.097173 0.095406 0.127208
0 0.178666 0.126325 0.091431 0.128975
0 0.089885 0.159011 0.083481 0.162544
0 0.752429 0.253534 0.109982 0.146643
0 0.649735 0.246466 0.111307 0.146643
0 0.556316 0.305654 0.115283 0.151943
0 0.466873 0.360424 0.103357 0.148410
0 0.351590 0.333922 0.127208 0.166078
0 0.267447 0.243816 0.125883 0.166078
0 0.158127 0.265901 0.108657 0.143110
0 0.229019 0.375442 0.120583 0.167845
0 0.315150 0.446996 0.123233 0.159011
0 0.776281 0.539753 0.096731 0.132509
0 0.676237 0.520318 0.098057 0.139576
0 0.590106 0.500883 0.071555 0.125442
0 0.507288 0.518551 0.091431 0.132509
0 0.409894 0.535336 0.095406 0.130742
0 0.308525 0.579505 0.096731 0.144876
0 0.111087 0.378092 0.109982 0.137809
0 0.159452 0.558304 0.209364 0.346290
0 0.233657 0.694346 0.151060 0.180212
0 0.722615 0.727032 0.174912 0.157244
0 0.580830 0.722615 0.098057 0.130742
0 0.483436 0.727915 0.094081 0.134276
0 0.389355 0.744700 0.094081 0.128975
0 0.714664 0.891343 0.074205 0.121908
0 0.638472 0.884276 0.075530 0.136042
0 0.558304 0.876325 0.084806 0.127208
0 0.463560 0.892226 0.096731 0.137809
0 0.364841 0.892226 0.095406 0.134276
0 0.262809 0.825972 0.156360 0.217314
0 0.104412 0.763725 0.120588 0.166667