0 0.720378 0.099440 0.140756 0.137255
0 0.580147 0.101541 0.133403 0.130252
0 0.463025 0.124650 0.092437 0.120448
0 0.369013 0.102941 0.089286 0.135854
0 0.275000 0.093838 0.094538 0.123249
0 0.179412 0.107143 0.096639 0.130252
0 0.091702 0.145658 0.087185 0.165266
0 0.752941 0.251401 0.105042 0.141457
0 0.652626 0.247199 0.108193 0.147059
0 0.558613 0.306022 0.111345 0.147059
0 0.471954 0.364846 0.101891 0.138655
0 0.354832 0.324930 0.126050 0.170868
0 0.271324 0.232493 0.129202 0.168067
0 0.165756 0.246499 0.111345 0.145658
0 0.779727 0.540616 0.099790 0.128852
0 0.682563 0.519608 0.094538 0.134454
0 0.594853 0.503501 0.068277 0.116246
0 0.513971 0.521008 0.085084 0.126050
0 0.415756 0.539496 0.094538 0.126050
0 0.318592 0.446359 0.127101 0.152661
0 0.235609 0.365126 0.125000 0.163866
0 0.126891 0.359524 0.113445 0.138655
0 0.719853 0.729272 0.177521 0.152661
0 0.579622 0.725070 0.092437 0.124650