0 0.112500 0.130392 0.119118 0.170588
0 0.219118 0.099020 0.094118 0.127451
0 0.313235 0.092157 0.091176 0.117647
0 0.408088 0.117647 0.083824 0.164706
0 0.501471 0.136275 0.091176 0.147059
0 0.620588 0.102941 0.138235 0.131373
0 0.758824 0.101961 0.141176 0.133333
0 0.669853 0.245098 0.113235 0.149020
0 0.769118 0.244118 0.114706 0.147059
0 0.580147 0.309804 0.116176 0.152941
0 0.299265 0.230392 0.130882 0.174510
0 0.190441 0.238235 0.113235 0.143137
0 0.094118 0.239216 0.094118 0.266667
0 0.147059 0.361765 0.105882 0.139216
0 0.250735 0.368627 0.119118 0.168627
0 0.375735 0.333333 0.127941 0.180392
0 0.491912 0.372549 0.101471 0.141176
0 0.330882 0.451961 0.126471 0.158824
0 0.417647 0.544118 0.094118 0.123529
0 0.514706 0.522549 0.088235 0.123529
0 0.597794 0.498039 0.066176 0.109804
0 0.686029 0.514706 0.098529 0.127451
0 0.783824 0.540196 0.105882 0.135294
0 0.164706 0.552941 0.235294 0.329412
0 0.316912 0.583333 0.101471 0.154902
0 0.234559 0.685294 0.136765 0.178431
0 0.387500 0.743137 0.101471 0.133333
0 0.483824 0.727451 0.091176 0.133333
0 0.576471 0.719608 0.094118 0.125490
0 0.720588 0.726471 0.176471 0.154902
0 0.111029 0.748039 0.127941 0.166667
0 0.266912 0.825490 0.157353 0.215686
0 0.366912 0.900980 0.089706 0.107843
0 0.461765 0.897059 0.091176 0.119608
0 0.556618 0.876471 0.080882 0.117647
0 0.638971 0.886275 0.066176 0.117647
0 0.711765 0.891176 0.070588 0.119608