0 0.166176 0.118627 0.126471 0.166667
0 0.274265 0.096078 0.089706 0.125490
0 0.369853 0.090196 0.092647 0.117647
0 0.462500 0.107843 0.086765 0.149020
0 0.556618 0.125490 0.089706 0.121569
0 0.672794 0.105882 0.136765 0.125490
0 0.813971 0.099020 0.142647 0.131373
0 0.700735 0.245098 0.119118 0.152941
0 0.802941 0.236275 0.111765 0.147059
0 0.358824 0.233333 0.135294 0.168627
0 0.247794 0.231373 0.107353 0.137255
0 0.121324 0.232353 0.148529 0.256863
0 0.192647 0.354902 0.102941 0.125490
0 0.293382 0.378431 0.122059 0.168627
0 0.413971 0.354902 0.127941 0.176471
0 0.534559 0.404902 0.113235 0.150980
0 0.617647 0.324510 0.126471 0.162745
0 0.363235 0.480392 0.126471 0.160784
0 0.535294 0.550980 0.105882 0.137255
0 0.613235 0.505882 0.082353 0.125490
0 0.707353 0.506863 0.097059 0.127451
0 0.808088 0.538235 0.101471 0.131373
0 0.084559 0.488235 0.075000 0.113725
0 0.183824 0.548039 0.258824 0.319608
0 0.123529 0.745098 0.129412 0.164706
0 0.080882 0.844118 0.070588 0.111765
0 0.442647 0.593137 0.108824 0.139216
0 0.341176 0.606863 0.105882 0.154902
0 0.244118 0.694118 0.135294 0.172549
0 0.269853 0.837255 0.157353 0.203922
0 0.388235 0.748039 0.108824 0.139216
0 0.482353 0.725490 0.091176 0.125490
0 0.578676 0.723529 0.095588 0.129412
0 0.721324 0.725490 0.175000 0.156863
0 0.369853 0.900980 0.089706 0.103922
0 0.466176 0.889216 0.088235 0.139216
0 0.558088 0.870588 0.080882 0.129412
0 0.640441 0.877451 0.069118 0.135294
0 0.716912 0.885294 0.072059 0.135294