0 0.125735 0.222549 0.157353 0.264706
0 0.185294 0.112745 0.117647 0.162745
0 0.290441 0.096078 0.089706 0.125490
0 0.387500 0.092157 0.092647 0.117647
0 0.482353 0.114706 0.082353 0.154902
0 0.574265 0.131373 0.089706 0.121569
0 0.690441 0.105882 0.133824 0.125490
0 0.831618 0.096078 0.139706 0.121569
0 0.260294 0.224510 0.108824 0.143137
0 0.370588 0.233333 0.132353 0.164706
0 0.625000 0.324510 0.120588 0.154902
0 0.707353 0.245098 0.111765 0.152941
0 0.808088 0.236275 0.113235 0.150980
0 0.424265 0.363725 0.125000 0.170588
0 0.305882 0.377451 0.117647 0.162745
0 0.205882 0.350000 0.105882 0.131373
0 0.087500 0.480392 0.080882 0.105882
0 0.196324 0.545098 0.254412 0.313725
0 0.246324 0.688235 0.127941 0.176471
0 0.126471 0.736275 0.135294 0.162745
0 0.089706 0.845098 0.085294 0.113725
0 0.369118 0.479412 0.123529 0.170588
0 0.342647 0.609804 0.105882 0.152941
0 0.446324 0.599020 0.110294 0.143137
0 0.544853 0.409804 0.113235 0.145098
0 0.535294 0.551961 0.108824 0.143137
0 0.614706 0.505882 0.088235 0.125490
0 0.710294 0.508824 0.094118 0.135294
0 0.809559 0.538235 0.101471 0.127451
0 0.394118 0.745098 0.105882 0.137255
0 0.275000 0.834314 0.155882 0.209804
0 0.488235 0.726471 0.094118 0.135294
0 0.583088 0.721569 0.095588 0.133333
0 0.727941 0.727451 0.176471 0.156863
0 0.375735 0.900980 0.092647 0.103922
0 0.471324 0.883333 0.089706 0.143137
0 0.563971 0.869608 0.083824 0.127451
0 0.646324 0.877451 0.069118 0.135294
0 0.722059 0.885294 0.073529 0.131373