0 0.330059 0.219900 0.131689 0.245819
0 0.207776 0.142140 0.107860 0.130435
0 0.103052 0.156355 0.101589 0.135452
0 0.202132 0.289298 0.101589 0.140468
0 0.115594 0.303512 0.068980 0.108696
0 0.051003 0.302676 0.057692 0.083612
0 0.061037 0.454013 0.120401 0.165552
0 0.240385 0.468227 0.238294 0.234114
0 0.076714 0.631271 0.144231 0.135452
0 0.221572 0.665552 0.105351 0.147157
0 0.301839 0.639632 0.100334 0.145485
0 0.349498 0.867057 0.100334 0.135452
0 0.234741 0.857860 0.099080 0.130435
0 0.113712 0.807692 0.225753 0.217391