0 0.177676 0.188127 0.153010 0.205686
0 0.334448 0.192308 0.230769 0.270903
0 0.489967 0.220736 0.120401 0.230769
0 0.590928 0.200669 0.144231 0.207358
0 0.712584 0.137124 0.099080 0.133779
0 0.812918 0.136288 0.096572 0.135452
0 0.915761 0.132943 0.096572 0.135452
0 0.973453 0.208194 0.043896 0.232441
0 0.891931 0.288462 0.111622 0.128763
0 0.792224 0.290134 0.077759 0.112040
0 0.711329 0.277592 0.071488 0.090301
0 0.660535 0.366221 0.100334 0.133779
0 0.553930 0.390468 0.092809 0.122074
0 0.459239 0.443144 0.114130 0.197324
0 0.350753 0.413880 0.117893 0.138796
0 0.155727 0.438127 0.267140 0.280936
0 0.362667 0.600334 0.086538 0.183946
0 0.481814 0.627090 0.144231 0.160535
0 0.645485 0.678930 0.188127 0.160535
0 0.663671 0.517559 0.104097 0.132107
0 0.788462 0.438963 0.145485 0.168896
0 0.931229 0.464047 0.137542 0.215719
0 0.799122 0.625418 0.139214 0.133779
0 0.910744 0.652174 0.091555 0.120401
0 0.969064 0.636288 0.057692 0.125418
0 0.948161 0.831104 0.103678 0.163880
0 0.807274 0.819398 0.225753 0.254181
0 0.632943 0.868729 0.155518 0.155518
0 0.451087 0.843645 0.245819 0.249164
0 0.188336 0.744147 0.375000 0.324415