0 0.525711 0.168896 0.146739 0.167224
0 0.681856 0.191472 0.223244 0.269231
0 0.825460 0.224916 0.141722 0.229097
0 0.928303 0.203177 0.106605 0.185619
0 0.973453 0.370401 0.051421 0.125418
0 0.875627 0.389632 0.096572 0.123746
0 0.777801 0.443144 0.106605 0.193980
0 0.693771 0.408027 0.104097 0.147157
0 0.491221 0.435619 0.295987 0.316054
0 0.972617 0.518395 0.054766 0.130435
0 0.806647 0.614548 0.139214 0.162207
0 0.681229 0.595318 0.094064 0.187291
0 0.949624 0.675585 0.096572 0.153846
0 0.486831 0.744147 0.417642 0.331104
0 0.797241 0.839465 0.235786 0.240803
0 0.951505 0.862040 0.092809 0.148829