0 0.306856 0.220736 0.122910 0.240803
0 0.184574 0.145485 0.099080 0.123746
0 0.083612 0.157191 0.097826 0.133779
0 0.178930 0.290134 0.102843 0.142140
0 0.095527 0.304348 0.063963 0.096990
0 0.214047 0.469900 0.240803 0.237458
0 0.033445 0.303512 0.062709 0.095318
0 0.052258 0.451505 0.102843 0.173913
0 0.063545 0.630435 0.125418 0.137124
0 0.283027 0.641304 0.097826 0.142140
0 0.200251 0.665552 0.107860 0.140468
0 0.209657 0.856187 0.099080 0.137124
0 0.329431 0.866221 0.100334 0.123746
0 0.103052 0.806020 0.204431 0.227425