0 0.943353 0.140468 0.096572 0.127090
0 0.829849 0.196488 0.107860 0.188963
0 0.718227 0.222408 0.125418 0.227425
0 0.587793 0.192308 0.193144 0.267559
0 0.415970 0.169732 0.145485 0.168896
0 0.385242 0.427258 0.289716 0.302676
0 0.584657 0.409699 0.106605 0.143813
0 0.681856 0.443980 0.097826 0.198997
0 0.774666 0.391304 0.097826 0.120401
0 0.892559 0.367893 0.095318 0.127090
0 0.892559 0.515886 0.095318 0.138796
0 0.700042 0.617057 0.139214 0.167224
0 0.583403 0.591973 0.091555 0.187291
0 0.380226 0.748328 0.427676 0.326087
0 0.686873 0.840301 0.240803 0.239130
0 0.867475 0.866221 0.142977 0.160535
0 0.880017 0.676421 0.190635 0.162207
0 0.977216 0.442308 0.041388 0.165552