0 0.082985 0.183946 0.159281 0.183946
0 0.261079 0.192308 0.209448 0.284281
0 0.409699 0.224916 0.120401 0.225753
0 0.521948 0.202341 0.109114 0.210702
0 0.629181 0.137960 0.097826 0.132107
0 0.727007 0.136288 0.095318 0.132107
0 0.826087 0.132943 0.102843 0.132107
0 0.927048 0.217391 0.129181 0.240803
0 0.102634 0.434783 0.205268 0.307692
0 0.255435 0.411371 0.107860 0.147157
0 0.381480 0.444816 0.114130 0.204013
0 0.469273 0.392977 0.084030 0.117057
0 0.573370 0.372910 0.099080 0.127090
0 0.634197 0.284281 0.067726 0.086957
0 0.713211 0.289298 0.075251 0.100334
0 0.816054 0.287625 0.095318 0.127090
0 0.701923 0.438127 0.137960 0.167224
0 0.573370 0.518395 0.104097 0.140468
0 0.882525 0.457358 0.233278 0.229097
0 0.284281 0.603679 0.085284 0.193980
0 0.145903 0.744983 0.291806 0.316054
0 0.360786 0.845318 0.243311 0.235786
0 0.396530 0.627090 0.146739 0.170569
0 0.556438 0.677258 0.188127 0.163880
0 0.711329 0.628763 0.141722 0.140468
0 0.831104 0.656355 0.092809 0.128763
0 0.915761 0.631271 0.081522 0.142140
0 0.546405 0.868729 0.153010 0.155518
0 0.722617 0.820234 0.224498 0.255853
0 0.876254 0.843645 0.120401 0.148829
0 0.960284 0.841137 0.075251 0.133779