0 0.243520 0.168060 0.151756 0.172241
0 0.418478 0.193144 0.195652 0.272575
0 0.559574 0.219900 0.129181 0.225753
0 0.665552 0.202341 0.110368 0.190635
0 0.778428 0.277592 0.075251 0.090301
0 0.856187 0.288462 0.077759 0.102007
0 0.781564 0.136288 0.101589 0.125418
0 0.881271 0.137124 0.095318 0.123746
0 0.962793 0.132107 0.067726 0.123746
0 0.960284 0.285953 0.077759 0.130435
0 0.229097 0.425585 0.270903 0.312709
0 0.415970 0.412207 0.107860 0.145485
0 0.526338 0.444816 0.117893 0.200669
0 0.622283 0.394649 0.094064 0.120401
0 0.729515 0.371237 0.097826 0.127090
0 0.858696 0.436455 0.140468 0.163880
0 0.967182 0.468227 0.061455 0.204013
0 0.731396 0.517559 0.101589 0.135452
0 0.550167 0.619565 0.142977 0.165552
0 0.428512 0.597826 0.090301 0.188963
0 0.220945 0.745819 0.437709 0.307692
0 0.516931 0.846154 0.244565 0.240803
0 0.719482 0.675585 0.183110 0.167224
0 0.703177 0.867057 0.142977 0.148829
0 0.866848 0.627090 0.144231 0.127090
0 0.967182 0.654682 0.061455 0.125418
0 0.875000 0.818562 0.193144 0.239130