0 0.156355 0.186455 0.155518 0.198997
0 0.313754 0.193144 0.234532 0.275920
0 0.475543 0.220736 0.124164 0.227425
0 0.579640 0.205686 0.129181 0.214047
0 0.692517 0.143813 0.096572 0.147157
0 0.794105 0.138796 0.094064 0.143813
0 0.893186 0.135452 0.096572 0.133779
0 0.960911 0.215719 0.076505 0.237458
0 0.873746 0.290134 0.117893 0.128763
0 0.773411 0.289298 0.077759 0.110368
0 0.696906 0.284281 0.060201 0.080268
0 0.137124 0.435619 0.274247 0.279264
0 0.326296 0.416388 0.124164 0.147157
0 0.442308 0.448161 0.130435 0.193980
0 0.531355 0.397157 0.117893 0.122074
0 0.634824 0.371237 0.111622 0.133779
0 0.769649 0.438127 0.150502 0.167224
0 0.919941 0.459866 0.160117 0.224080
0 0.780309 0.627926 0.149247 0.138796
0 0.644231 0.518395 0.107860 0.133779
0 0.625418 0.678094 0.190635 0.162207
0 0.787834 0.823579 0.211957 0.262542
0 0.892559 0.651338 0.095318 0.118729
0 0.967182 0.632107 0.058946 0.130435
0 0.942726 0.830268 0.112876 0.168896
0 0.616639 0.864548 0.153010 0.170569
0 0.431020 0.837793 0.238294 0.244147
0 0.466137 0.622074 0.137960 0.163880
0 0.347617 0.599498 0.086538 0.185619
0 0.184574 0.746656 0.359950 0.319398