0 0.101798 0.180602 0.156773 0.180602
0 0.280518 0.193980 0.205686 0.274247
0 0.427258 0.223244 0.125418 0.222408
0 0.537625 0.198161 0.110368 0.198997
0 0.646112 0.133779 0.099080 0.127090
0 0.747701 0.134615 0.094064 0.125418
0 0.844900 0.134615 0.102843 0.122074
0 0.651756 0.279264 0.070234 0.083612
0 0.729515 0.290970 0.072742 0.100334
0 0.836120 0.285953 0.090301 0.130435
0 0.940844 0.216555 0.116639 0.242475
0 0.276129 0.412207 0.106605 0.138796
0 0.112040 0.430602 0.224080 0.306020
0 0.399038 0.445652 0.119147 0.198997
0 0.302467 0.596990 0.091555 0.180602
0 0.155936 0.749164 0.311872 0.314381
0 0.488712 0.393813 0.087793 0.122074
0 0.592182 0.369565 0.101589 0.127090
0 0.591555 0.519231 0.102843 0.138796
0 0.721363 0.438963 0.139214 0.165552
0 0.896948 0.459030 0.204431 0.232441
0 0.419105 0.619565 0.149247 0.148829
0 0.575251 0.678094 0.185619 0.162207
0 0.732023 0.625418 0.147993 0.127090
0 0.851171 0.654682 0.085284 0.128763
0 0.932692 0.632107 0.087793 0.137124
0 0.379599 0.844482 0.240803 0.237458
0 0.565844 0.868729 0.149247 0.152174
0 0.745819 0.818562 0.210702 0.245819
0 0.897575 0.843645 0.115385 0.148829