0 0.090510 0.204013 0.176839 0.270903
0 0.235368 0.227425 0.120401 0.227425
0 0.360786 0.199833 0.122910 0.202341
0 0.463002 0.135452 0.096572 0.137124
0 0.565844 0.135452 0.096572 0.133779
0 0.666179 0.132107 0.099080 0.130435
0 0.482441 0.275920 0.065217 0.090301
0 0.558946 0.294314 0.075251 0.110368
0 0.654891 0.286789 0.091555 0.135452
0 0.088002 0.421405 0.106605 0.147157
0 0.225334 0.447324 0.120401 0.205686
0 0.311873 0.393813 0.095318 0.125418
0 0.405309 0.372910 0.096572 0.130435
0 0.130017 0.600334 0.077759 0.190635
0 0.239758 0.622910 0.149247 0.168896
0 0.408445 0.521739 0.107860 0.140468
0 0.528219 0.439799 0.136706 0.170569
0 0.771530 0.220736 0.131689 0.237458
0 0.719482 0.458194 0.233278 0.230769
0 0.386497 0.682274 0.189381 0.167224
0 0.550167 0.631271 0.140468 0.135452
0 0.669941 0.658863 0.101589 0.133779
0 0.758361 0.632943 0.085284 0.142140
0 0.047868 0.736622 0.091555 0.312709
0 0.170151 0.838629 0.248328 0.242475
0 0.363921 0.852007 0.154264 0.158863
0 0.561455 0.821906 0.225753 0.245819
0 0.699415 0.857023 0.107860 0.142140
0 0.799749 0.852007 0.090301 0.132107