0 0.059156 0.184783 0.114130 0.188963
0 0.201505 0.188963 0.230769 0.284281
0 0.373955 0.222408 0.121656 0.234114
0 0.484950 0.199833 0.112876 0.209030
0 0.588420 0.135452 0.101589 0.133779
0 0.691263 0.133779 0.099080 0.133779
0 0.790343 0.132107 0.099080 0.130435
0 0.892559 0.217391 0.130435 0.240803
0 0.600962 0.283445 0.068980 0.091973
0 0.676839 0.290134 0.077759 0.105351
0 0.779055 0.286789 0.101589 0.138796
0 0.083194 0.437291 0.166388 0.269231
0 0.217809 0.411371 0.112876 0.133779
0 0.346363 0.444816 0.114130 0.200669
0 0.428512 0.396321 0.085284 0.117057
0 0.535744 0.366221 0.099080 0.137124
0 0.535744 0.520067 0.101589 0.143813
0 0.663043 0.438963 0.137960 0.165552
0 0.847408 0.459030 0.228261 0.229097
0 0.369565 0.621237 0.150502 0.158863
0 0.245401 0.597826 0.082776 0.185619
0 0.123328 0.743311 0.246656 0.312709
0 0.313127 0.845318 0.243311 0.229097
0 0.501881 0.864548 0.156773 0.157191
0 0.677467 0.629599 0.146739 0.132107
0 0.518186 0.677258 0.189381 0.167224
0 0.693144 0.813545 0.208194 0.225753
0 0.836120 0.851171 0.110368 0.157191
0 0.794732 0.653846 0.087793 0.130435
0 0.878135 0.629599 0.086538 0.135452
0 0.929557 0.843645 0.094064 0.138796