0 0.094273 0.217391 0.141722 0.210702
0 0.197742 0.141304 0.100334 0.135452
0 0.296823 0.136288 0.095318 0.135452
0 0.397157 0.134615 0.105351 0.132107
0 0.232860 0.277592 0.070234 0.086957
0 0.296823 0.295151 0.055184 0.102007
0 0.392140 0.292642 0.097826 0.130435
0 0.136915 0.375418 0.096572 0.135452
0 0.049749 0.398829 0.072742 0.122074
0 0.138796 0.519231 0.105351 0.135452
0 0.255435 0.442308 0.140468 0.168896
0 0.513796 0.219064 0.130435 0.244147
0 0.444816 0.461538 0.233278 0.234114
0 0.095736 0.676421 0.191472 0.152174
0 0.280518 0.632107 0.142977 0.133779
0 0.413462 0.661371 0.107860 0.142140
0 0.497492 0.635452 0.092809 0.140468
0 0.085493 0.849498 0.164298 0.140468
0 0.294941 0.824415 0.242057 0.207358
0 0.428512 0.857023 0.105351 0.138796
0 0.539507 0.856187 0.104097 0.140468