0 0.060410 0.236622 0.119147 0.225753
0 0.066054 0.459866 0.122910 0.224080
0 0.051212 0.834448 0.102424 0.217391
0 0.190217 0.207358 0.127926 0.210702
0 0.144440 0.390468 0.094064 0.115385
0 0.229097 0.369565 0.102843 0.127090
0 0.231605 0.518395 0.105351 0.140468
0 0.066890 0.607860 0.133779 0.198997
0 0.200251 0.682274 0.185619 0.150502
0 0.180811 0.847826 0.156773 0.163880
0 0.284908 0.131271 0.099080 0.132107
0 0.389632 0.132107 0.100334 0.133779
0 0.491848 0.130435 0.099080 0.130435
0 0.316263 0.280936 0.063963 0.086957
0 0.380226 0.293478 0.058946 0.098662
0 0.349498 0.441472 0.135452 0.167224
0 0.480560 0.289298 0.096572 0.133779
0 0.599080 0.215719 0.135452 0.247492
0 0.373328 0.631271 0.147993 0.132107
0 0.385242 0.812709 0.229515 0.227425
0 0.538253 0.465719 0.234532 0.215719
0 0.500627 0.655518 0.104097 0.140468
0 0.585284 0.637124 0.090301 0.140468
0 0.520067 0.852007 0.105351 0.145485
0 0.626045 0.854515 0.096572 0.137124