0 0.358905 0.219064 0.129181 0.240803
0 0.241012 0.138796 0.101589 0.127090
0 0.136915 0.152174 0.094064 0.133779
0 0.042851 0.164716 0.084030 0.138796
0 0.082985 0.300167 0.066472 0.088629
0 0.148829 0.300167 0.070234 0.102007
0 0.236622 0.289298 0.102843 0.137124
0 0.276756 0.468227 0.235786 0.227425
0 0.081731 0.448997 0.146739 0.172241
0 0.108696 0.634615 0.145485 0.132107
0 0.255435 0.665552 0.105351 0.147157
0 0.334448 0.636288 0.097826 0.152174
0 0.266095 0.856187 0.104097 0.133779
0 0.382107 0.864548 0.097826 0.140468
0 0.133779 0.812709 0.255853 0.224080