0 0.109950 0.198997 0.213211 0.267559
0 0.259197 0.223244 0.122910 0.229097
0 0.373955 0.196488 0.109114 0.205686
0 0.482441 0.136288 0.097826 0.135452
0 0.584657 0.132107 0.096572 0.130435
0 0.683110 0.131271 0.102843 0.132107
0 0.500627 0.280936 0.061455 0.086957
0 0.573997 0.294314 0.072742 0.100334
0 0.671196 0.287625 0.094064 0.133779
0 0.790343 0.213211 0.131689 0.239130
0 0.104306 0.418060 0.109114 0.143813
0 0.242266 0.446488 0.119147 0.207358
0 0.326923 0.397993 0.082776 0.120401
0 0.428512 0.368729 0.097826 0.132107
0 0.550794 0.440635 0.134197 0.168896
0 0.429766 0.520903 0.102843 0.138796
0 0.738294 0.459866 0.235786 0.230769
0 0.150084 0.600334 0.080268 0.190635
0 0.265468 0.620401 0.147993 0.173913
0 0.404055 0.681438 0.186873 0.162207
0 0.569607 0.627926 0.146739 0.135452
0 0.690635 0.658027 0.100334 0.135452
0 0.775920 0.633779 0.090301 0.143813
0 0.191472 0.836120 0.248328 0.234114
0 0.383361 0.854515 0.153010 0.150502
0 0.575878 0.811873 0.229515 0.229097
0 0.721990 0.852843 0.110368 0.133779
0 0.816681 0.850334 0.094064 0.135452
0 0.067935 0.739967 0.131689 0.319398