0 0.063545 0.214047 0.120401 0.264214
0 0.163253 0.234950 0.126672 0.225753
0 0.296196 0.204013 0.116639 0.210702
0 0.394022 0.137124 0.101589 0.133779
0 0.497492 0.134615 0.095318 0.135452
0 0.594064 0.130435 0.097826 0.127090
0 0.703177 0.215719 0.135452 0.250836
0 0.033027 0.414716 0.066054 0.140468
0 0.157609 0.447324 0.120401 0.195652
0 0.238503 0.393813 0.071488 0.118729
0 0.337584 0.369565 0.101589 0.130435
0 0.419105 0.279264 0.058946 0.083612
0 0.488712 0.295987 0.072742 0.110368
0 0.584657 0.290134 0.099080 0.132107
0 0.340719 0.522575 0.102843 0.138796
0 0.461120 0.441472 0.137960 0.167224
0 0.644231 0.457358 0.238294 0.229097
0 0.061037 0.604515 0.085284 0.185619
0 0.177676 0.627090 0.153010 0.177258
0 0.314381 0.678930 0.185619 0.160535
0 0.481814 0.630435 0.144231 0.137124
0 0.604724 0.659699 0.101589 0.132107
0 0.691263 0.636288 0.089047 0.138796
0 0.105769 0.831104 0.211538 0.227425
0 0.287416 0.846154 0.149247 0.153846
0 0.493102 0.814381 0.216973 0.230769
0 0.627926 0.855351 0.112876 0.142140
0 0.732651 0.852843 0.094064 0.133779