0 0.141304 0.232441 0.125418 0.227425
0 0.272993 0.206522 0.132943 0.209030
0 0.375836 0.135452 0.102843 0.130435
0 0.477425 0.132107 0.097826 0.133779
0 0.576505 0.132107 0.102843 0.123746
0 0.397784 0.278428 0.068980 0.081940
0 0.464256 0.292642 0.063963 0.100334
0 0.564590 0.287625 0.099080 0.127090
0 0.684365 0.215719 0.137960 0.244147
0 0.136288 0.451505 0.125418 0.207358
0 0.230978 0.392140 0.094064 0.118729
0 0.315635 0.372074 0.100334 0.125418
0 0.320652 0.523411 0.102843 0.147157
0 0.439799 0.441472 0.147993 0.170569
0 0.629181 0.461538 0.233278 0.230769
0 0.161371 0.625418 0.147993 0.157191
0 0.292433 0.682274 0.184365 0.157191
0 0.463002 0.631271 0.144231 0.138796
0 0.590301 0.663043 0.100334 0.135452
0 0.673077 0.636288 0.090301 0.138796
0 0.267977 0.846990 0.153010 0.158863
0 0.094482 0.826923 0.188963 0.239130
0 0.468645 0.816054 0.228261 0.234114
0 0.609741 0.855351 0.109114 0.142140
0 0.709448 0.854515 0.100334 0.140468
0 0.044732 0.596154 0.085284 0.185619
0 0.047241 0.213211 0.090301 0.272575