0 0.842020 0.098645 0.141343 0.126620
0 0.702334 0.103799 0.133613 0.128092
0 0.584732 0.138398 0.092756 0.141343
0 0.490319 0.108952 0.087235 0.153121
0 0.395355 0.095701 0.096069 0.126620
0 0.298734 0.095701 0.090548 0.123675
0 0.188862 0.117786 0.120362 0.167845
0 0.812206 0.240724 0.114841 0.157538
0 0.712824 0.245878 0.117049 0.153121
0 0.625037 0.326119 0.129196 0.154594
0 0.376031 0.239252 0.134717 0.175206
0 0.266159 0.230418 0.109320 0.139870
0 0.126472 0.217903 0.159011 0.267962
0 0.809997 0.540342 0.099382 0.132509
0 0.710615 0.510895 0.092756 0.126620
0 0.617859 0.506478 0.083922 0.123675
0 0.547188 0.409305 0.112633 0.150177
0 0.425721 0.361455 0.125883 0.175206
0 0.307568 0.371025 0.119258 0.170789
0 0.203769 0.347468 0.110424 0.123675
0 0.538354 0.550648 0.103799 0.147232
0 0.372166 0.479240 0.126988 0.163428
0 0.197696 0.536661 0.259496 0.310660
0 0.088376 0.470406 0.082818 0.116313
0 0.250699 0.686837 0.135822 0.178151
0 0.342351 0.615430 0.100486 0.135453
0 0.448910 0.599971 0.110424 0.139870
0 0.733252 0.728062 0.173366 0.154594
0 0.589701 0.720701 0.093860 0.125147
0 0.490872 0.725854 0.092756 0.126620
0 0.395907 0.745730 0.099382 0.136926
0 0.125368 0.733216 0.136926 0.173734
0 0.723314 0.890018 0.069567 0.122203
0 0.649330 0.882656 0.069567 0.125147
0 0.564856 0.874558 0.086131 0.123675
0 0.473756 0.887809 0.089443 0.144287
0 0.377135 0.901796 0.097173 0.116313
0 0.276649 0.832597 0.159011 0.201708
0 0.141380 0.898115 0.107111 0.117786