0 0.163235 0.212745 0.179412 0.264706
0 0.237500 0.115686 0.122059 0.172549
0 0.357353 0.093137 0.088235 0.123529
0 0.454412 0.095098 0.091176 0.119608
0 0.550735 0.109804 0.089706 0.149020
0 0.649265 0.128431 0.092647 0.123529
0 0.831618 0.285294 0.007353 0.001961
0 0.766912 0.106863 0.130882 0.127451
0 0.906618 0.098039 0.142647 0.125490
0 0.315441 0.227451 0.110294 0.149020
0 0.441176 0.236275 0.135294 0.174510
0 0.777941 0.246078 0.117647 0.150980
0 0.877206 0.241176 0.116176 0.152941
0 0.255882 0.337255 0.114706 0.117647
0 0.366912 0.371569 0.125000 0.182353
0 0.487500 0.362745 0.127941 0.172549
0 0.606618 0.406863 0.116176 0.154902
0 0.688971 0.323529 0.127941 0.160784
0 0.130147 0.469608 0.095588 0.119608
0 0.095588 0.344118 0.097059 0.225490
0 0.250735 0.534314 0.254412 0.311765
0 0.434559 0.480392 0.125000 0.164706
0 0.400000 0.611765 0.117647 0.164706
0 0.303676 0.680392 0.133824 0.188235
0 0.508824 0.601961 0.108824 0.149020
0 0.599265 0.552941 0.113235 0.149020
0 0.677206 0.506863 0.083824 0.127451
0 0.775000 0.507843 0.091176 0.129412
0 0.875000 0.535294 0.102941 0.133333
0 0.103676 0.645098 0.110294 0.203922
0 0.458824 0.744118 0.102941 0.135294
0 0.552206 0.721569 0.095588 0.149020
0 0.652206 0.722549 0.098529 0.131373
0 0.798529 0.725490 0.182353 0.156863
0 0.330147 0.834314 0.163235 0.205882
0 0.176471 0.738235 0.141176 0.178431
0 0.194853 0.899020 0.119118 0.103922
0 0.436765 0.900000 0.094118 0.109804
0 0.534559 0.891176 0.092647 0.131373
0 0.628676 0.869608 0.083824 0.119608
0 0.711765 0.882353 0.067647 0.129412
0 0.788235 0.886275 0.070588 0.133333