0 0.868382 0.099020 0.139706 0.127451
0 0.728676 0.104902 0.139706 0.127451
0 0.610294 0.135294 0.091176 0.145098
0 0.513235 0.109804 0.091176 0.149020
0 0.416176 0.095098 0.091176 0.123529
0 0.313971 0.094118 0.089706 0.121569
0 0.199265 0.118627 0.130882 0.170588
0 0.132353 0.215686 0.170588 0.266667
0 0.280147 0.228431 0.107353 0.143137
0 0.400735 0.230392 0.133824 0.186275
0 0.739706 0.245098 0.111765 0.149020
0 0.840441 0.241176 0.116176 0.149020
0 0.652941 0.327451 0.126471 0.160784
0 0.450000 0.368627 0.129412 0.168627
0 0.326471 0.377451 0.123529 0.166667
0 0.216912 0.345098 0.113235 0.133333
0 0.094853 0.474510 0.089706 0.117647
0 0.091176 0.351961 0.088235 0.198039
0 0.212500 0.537255 0.260294 0.313725
0 0.572059 0.408824 0.114706 0.150980
0 0.397794 0.477451 0.127941 0.166667
0 0.836029 0.536275 0.101471 0.139216
0 0.736029 0.508824 0.095588 0.135294
0 0.636029 0.509804 0.083824 0.125490
0 0.563235 0.556863 0.108824 0.141176
0 0.472059 0.600980 0.108824 0.143137
0 0.365441 0.612745 0.104412 0.147059
0 0.263235 0.690196 0.138235 0.172549
0 0.419118 0.745098 0.102941 0.133333
0 0.516176 0.730392 0.097059 0.135294
0 0.612500 0.722549 0.095588 0.135294
0 0.756618 0.727451 0.183824 0.160784
0 0.140441 0.730392 0.139706 0.178431
0 0.085294 0.654902 0.076471 0.164706
0 0.291912 0.832353 0.163235 0.213725
0 0.152941 0.892157 0.105882 0.121569
0 0.397794 0.898039 0.089706 0.121569
0 0.497794 0.888235 0.095588 0.141176
0 0.589706 0.874510 0.082353 0.125490
0 0.670588 0.881373 0.070588 0.135294
0 0.747794 0.889216 0.075000 0.127451