0 0.183824 0.212745 0.185294 0.268627
0 0.260294 0.113725 0.126471 0.168627
0 0.101471 0.351961 0.108824 0.225490
0 0.337500 0.227451 0.110294 0.149020
0 0.458824 0.233333 0.132353 0.172549
0 0.374265 0.094118 0.092647 0.117647
0 0.474265 0.094118 0.089706 0.117647
0 0.569853 0.111765 0.089706 0.149020
0 0.667647 0.138235 0.091176 0.147059
0 0.785294 0.103922 0.141176 0.129412
0 0.925000 0.099020 0.132353 0.123529
0 0.796324 0.242157 0.119118 0.150980
0 0.899265 0.239216 0.113235 0.156863
0 0.707353 0.326471 0.126471 0.166667
0 0.508824 0.361765 0.129412 0.178431
0 0.385294 0.374510 0.117647 0.168627
0 0.272794 0.348039 0.116176 0.143137
0 0.151471 0.469608 0.097059 0.119608
0 0.269853 0.534314 0.251471 0.315686
0 0.452941 0.479412 0.129412 0.166667
0 0.625000 0.406863 0.114706 0.150980
0 0.894118 0.538235 0.100000 0.131373
0 0.794118 0.510784 0.094118 0.131373
0 0.694118 0.506863 0.085294 0.123529
0 0.618382 0.551961 0.107353 0.143137
0 0.527206 0.598039 0.110294 0.141176
0 0.419118 0.609804 0.111765 0.160784
0 0.320588 0.685294 0.132353 0.178431
0 0.815441 0.726471 0.183824 0.158824
0 0.670588 0.720588 0.094118 0.127451
0 0.570588 0.726471 0.094118 0.127451
0 0.474265 0.743137 0.098529 0.137255
0 0.349265 0.836275 0.160294 0.205882
0 0.198529 0.734314 0.138235 0.170588
0 0.112500 0.647059 0.127941 0.219608
0 0.804412 0.886275 0.070588 0.125490
0 0.729412 0.880392 0.070588 0.137255
0 0.645588 0.871569 0.082353 0.131373
0 0.551471 0.885294 0.091176 0.139216
0 0.455147 0.900980 0.095588 0.111765
0 0.211765 0.898039 0.105882 0.117647