0 0.933088 0.103922 0.122059 0.121569
0 0.825735 0.141176 0.092647 0.149020
0 0.727941 0.111765 0.091176 0.152941
0 0.629412 0.094118 0.091176 0.117647
0 0.536029 0.094118 0.089706 0.121569
0 0.424265 0.110784 0.125000 0.166667
0 0.344118 0.201961 0.170588 0.254902
0 0.171324 0.180392 0.160294 0.184314
0 0.079412 0.216667 0.064706 0.186275
0 0.228676 0.327451 0.175000 0.239216
0 0.141912 0.453922 0.189706 0.335294
0 0.425735 0.348039 0.113235 0.143137
0 0.495588 0.227451 0.108824 0.149020
0 0.621324 0.235294 0.133824 0.180392
0 0.858824 0.323529 0.144118 0.168627
0 0.944853 0.243137 0.092647 0.149020
0 0.541912 0.368627 0.119118 0.168627
0 0.664706 0.360784 0.126471 0.172549
0 0.775000 0.406863 0.108824 0.154902
0 0.611029 0.481373 0.127941 0.162745
0 0.945588 0.504902 0.091176 0.135294
0 0.849265 0.505882 0.086765 0.125490
0 0.777206 0.552941 0.107353 0.141176
0 0.687500 0.597059 0.107353 0.147059
0 0.572794 0.607843 0.119118 0.156863
0 0.430882 0.533333 0.250000 0.305882
0 0.484559 0.684314 0.133824 0.180392
0 0.300735 0.469608 0.092647 0.119608
0 0.251471 0.660784 0.185294 0.223529
0 0.358824 0.733333 0.129412 0.172549
0 0.511765 0.829412 0.155882 0.207843
0 0.632353 0.744118 0.100000 0.139216
0 0.728676 0.724510 0.092647 0.131373
0 0.829412 0.718627 0.094118 0.123529
0 0.936765 0.721569 0.105882 0.149020
0 0.615441 0.898039 0.089706 0.117647
0 0.713235 0.886275 0.094118 0.145098
0 0.800000 0.873529 0.070588 0.123529
0 0.881618 0.879412 0.075000 0.131373
0 0.956618 0.880392 0.066176 0.129412
0 0.378676 0.902941 0.113235 0.115686
0 0.092647 0.300000 0.091176 0.090196