0 0.128676 0.188235 0.157353 0.196078
0 0.306618 0.203922 0.175000 0.262745
0 0.389706 0.111765 0.120588 0.164706
0 0.497059 0.093137 0.088235 0.119608
0 0.592647 0.093137 0.094118 0.119608
0 0.691176 0.107843 0.088235 0.152941
0 0.788235 0.137255 0.094118 0.141176
0 0.908088 0.106863 0.139706 0.123529
0 0.917647 0.244118 0.114706 0.150980
0 0.831618 0.325490 0.127941 0.164706
0 0.583088 0.235294 0.130882 0.180392
0 0.458088 0.226471 0.110294 0.139216
0 0.627941 0.364706 0.129412 0.180392
0 0.389706 0.348039 0.117647 0.143137
0 0.186765 0.330392 0.179412 0.229412
0 0.137500 0.463725 0.180882 0.335294
0 0.267647 0.475490 0.088235 0.127451
0 0.395588 0.535294 0.250000 0.313725
0 0.506618 0.371569 0.119118 0.170588
0 0.594118 0.474510 0.094118 0.164706
0 0.743382 0.406863 0.110294 0.150980
0 0.813235 0.504902 0.085294 0.123529
0 0.914706 0.508824 0.102941 0.123529
0 0.741176 0.552941 0.105882 0.141176
0 0.650000 0.598039 0.111765 0.145098
0 0.536029 0.605882 0.116176 0.160784
0 0.445588 0.687255 0.132353 0.174510
0 0.204412 0.658824 0.176471 0.227451
0 0.325000 0.734314 0.132353 0.174510
0 0.596324 0.743137 0.101471 0.137255
0 0.696324 0.723529 0.092647 0.129412
0 0.794853 0.721569 0.092647 0.121569
0 0.922059 0.723529 0.138235 0.152941
0 0.471324 0.831373 0.157353 0.200000
0 0.341176 0.905882 0.111765 0.101961
0 0.577206 0.900980 0.092647 0.111765
0 0.675735 0.891176 0.092647 0.139216
0 0.763971 0.877451 0.075000 0.111765
0 0.847059 0.881373 0.070588 0.143137
0 0.922794 0.883333 0.072059 0.127451