0 0.119853 0.211765 0.148529 0.196078
0 0.256618 0.168627 0.154412 0.188235
0 0.160294 0.301961 0.120588 0.113725
0 0.212500 0.456863 0.225000 0.333333
0 0.311029 0.323529 0.169118 0.227451
0 0.416176 0.205882 0.173529 0.258824
0 0.499265 0.109804 0.125000 0.164706
0 0.608824 0.094118 0.088235 0.121569
0 0.703676 0.093137 0.092647 0.115686
0 0.802941 0.105882 0.088235 0.141176
0 0.900000 0.136275 0.094118 0.139216
0 0.971324 0.106863 0.045588 0.123529
0 0.569853 0.225490 0.110294 0.145098
0 0.695588 0.232353 0.132353 0.174510
0 0.740441 0.359804 0.130882 0.170588
0 0.614706 0.369608 0.123529 0.166667
0 0.497059 0.348039 0.117647 0.154902
0 0.443382 0.421569 0.075000 0.098039
0 0.374265 0.470588 0.089706 0.117647
0 0.508088 0.532353 0.251471 0.307843
0 0.685294 0.477451 0.123529 0.166667
0 0.848529 0.406863 0.111765 0.150980
0 0.923529 0.322549 0.141176 0.162745
0 0.324265 0.661765 0.177941 0.229412
0 0.435294 0.734314 0.129412 0.170588
0 0.561765 0.685294 0.132353 0.174510
0 0.513235 0.785294 0.067647 0.107843
0 0.584559 0.835294 0.160294 0.203922
0 0.455147 0.902941 0.110294 0.107843
0 0.645588 0.605882 0.120588 0.164706
0 0.761029 0.596078 0.110294 0.145098
0 0.851471 0.552941 0.111765 0.149020
0 0.923529 0.504902 0.082353 0.127451
0 0.710294 0.739216 0.100000 0.129412
0 0.807353 0.725490 0.091176 0.133333
0 0.903676 0.717647 0.092647 0.125490
0 0.972059 0.711765 0.038235 0.160784
0 0.691176 0.899020 0.091176 0.119608
0 0.788971 0.897059 0.086765 0.123529
0 0.873529 0.874510 0.076471 0.109804
0 0.953676 0.875490 0.075000 0.135294