0 0.110294 0.211765 0.126471 0.196078
0 0.233824 0.173529 0.161765 0.182353
0 0.138971 0.302941 0.125000 0.115686
0 0.191912 0.458824 0.225000 0.329412
0 0.291912 0.319608 0.166176 0.231373
0 0.400000 0.204902 0.176471 0.260784
0 0.479412 0.347059 0.117647 0.149020
0 0.428676 0.427451 0.072059 0.094118
0 0.354412 0.476471 0.091176 0.137255
0 0.486765 0.529412 0.252941 0.313725
0 0.480147 0.107843 0.125000 0.168627
0 0.589706 0.093137 0.091176 0.119608
0 0.686029 0.093137 0.092647 0.119608
0 0.782353 0.104902 0.091176 0.143137
0 0.880882 0.134314 0.091176 0.135294
0 0.961765 0.104902 0.061765 0.123529
0 0.912500 0.322549 0.142647 0.162745
0 0.680147 0.235294 0.136765 0.180392
0 0.552206 0.224510 0.107353 0.143137
0 0.596324 0.370588 0.122059 0.168627
0 0.722059 0.360784 0.126471 0.172549
0 0.830147 0.405882 0.107353 0.152941
0 0.904412 0.502941 0.085294 0.123529
0 0.967647 0.505882 0.044118 0.141176
0 0.666176 0.476471 0.129412 0.168627
0 0.833088 0.552941 0.110294 0.141176
0 0.744118 0.595098 0.111765 0.147059
0 0.625735 0.604902 0.116176 0.162745
0 0.544118 0.680392 0.132353 0.176471
0 0.498529 0.778431 0.061765 0.094118
0 0.413971 0.734314 0.133824 0.170588
0 0.307353 0.661765 0.173529 0.229412
0 0.567647 0.835294 0.158824 0.207843
0 0.691176 0.743137 0.100000 0.137255
0 0.790441 0.722549 0.092647 0.127451
0 0.885294 0.721569 0.094118 0.125490
0 0.965441 0.711765 0.054412 0.160784
0 0.958088 0.252941 0.075000 0.137255
0 0.672059 0.900000 0.094118 0.121569
0 0.770588 0.894118 0.094118 0.133333
0 0.855147 0.868627 0.075000 0.121569
0 0.937500 0.880392 0.075000 0.137255
0 0.436029 0.902941 0.107353 0.096078