0 0.119853 0.185294 0.142647 0.190196
0 0.168382 0.327451 0.192647 0.239216
0 0.108824 0.447059 0.120588 0.305882
0 0.290441 0.202941 0.177941 0.264706
0 0.369118 0.109804 0.120588 0.160784
0 0.479412 0.095098 0.088235 0.123529
0 0.575000 0.093137 0.094118 0.115686
0 0.672794 0.111765 0.089706 0.160784
0 0.768382 0.138235 0.098529 0.154902
0 0.887500 0.101961 0.133824 0.125490
0 0.968382 0.245098 0.045588 0.145098
0 0.898529 0.243137 0.114706 0.149020
0 0.812500 0.323529 0.127941 0.160784
0 0.565441 0.232353 0.130882 0.174510
0 0.440441 0.227451 0.110294 0.149020
0 0.372794 0.346078 0.113235 0.147059
0 0.484559 0.370588 0.122059 0.160784
0 0.611765 0.363725 0.129412 0.174510
0 0.723529 0.405882 0.111765 0.149020
0 0.794853 0.505882 0.086765 0.125490
0 0.895588 0.509804 0.097059 0.129412
0 0.723529 0.553922 0.105882 0.139216
0 0.967647 0.528431 0.047059 0.123529
0 0.973529 0.099020 0.035294 0.127451
0 0.558088 0.473529 0.127941 0.166667
0 0.377941 0.532353 0.250000 0.307843
0 0.250000 0.468627 0.100000 0.121569
0 0.183088 0.660784 0.169118 0.227451
0 0.518382 0.607843 0.119118 0.160784
0 0.628676 0.599020 0.107353 0.143137
0 0.426471 0.689216 0.135294 0.178431
0 0.304412 0.731373 0.132353 0.172549
0 0.908088 0.723529 0.166176 0.160784
0 0.774265 0.720588 0.089706 0.127451
0 0.675000 0.725490 0.097059 0.133333
0 0.579412 0.741176 0.100000 0.133333
0 0.451471 0.834314 0.158824 0.201961
0 0.320588 0.901961 0.111765 0.101961
0 0.555882 0.898039 0.097059 0.117647
0 0.658088 0.897059 0.092647 0.119608
0 0.746324 0.875490 0.075000 0.111765
0 0.827206 0.881373 0.072059 0.131373
0 0.902941 0.883333 0.073529 0.127451