0 0.255882 0.199020 0.158824 0.186275
0 0.395588 0.169608 0.158824 0.174510
0 0.550000 0.201961 0.170588 0.262745
0 0.637500 0.112745 0.125000 0.170588
0 0.749265 0.096078 0.086765 0.125490
0 0.844118 0.096078 0.097059 0.121569
0 0.944118 0.103922 0.088235 0.141176
0 0.710294 0.226471 0.108824 0.139216
0 0.841912 0.231373 0.136765 0.176471
0 0.879412 0.357843 0.120588 0.178431
0 0.755147 0.368627 0.110294 0.168627
0 0.632353 0.345098 0.120588 0.152941
0 0.575000 0.431373 0.088235 0.094118
0 0.508824 0.475490 0.091176 0.139216
0 0.358088 0.456863 0.222059 0.333333
0 0.300735 0.304902 0.127941 0.135294
0 0.458824 0.317647 0.167647 0.235294
0 0.650735 0.532353 0.251471 0.303922
0 0.468382 0.658824 0.177941 0.227451
0 0.575735 0.734314 0.133824 0.166667
0 0.825000 0.474510 0.132353 0.168627
0 0.780147 0.606863 0.122059 0.158824
0 0.705147 0.685294 0.136765 0.174510
0 0.644853 0.784314 0.069118 0.086275
0 0.600000 0.900980 0.111765 0.115686
0 0.727206 0.833333 0.160294 0.215686
0 0.957353 0.408824 0.064706 0.147059
0 0.902941 0.598039 0.105882 0.141176
0 0.850000 0.743137 0.100000 0.129412
0 0.946324 0.726471 0.089706 0.135294
0 0.832353 0.900980 0.091176 0.115686
0 0.929412 0.897059 0.094118 0.127451