0 0.524265 0.196078 0.157353 0.192157
0 0.663971 0.164706 0.157353 0.180392
0 0.558824 0.307843 0.129412 0.145098
0 0.636765 0.454902 0.214706 0.329412
0 0.734559 0.315686 0.169118 0.235294
0 0.819853 0.197059 0.169118 0.260784
0 0.907353 0.109804 0.126471 0.164706
0 0.945588 0.219608 0.085294 0.141176
0 0.887500 0.348039 0.119118 0.154902
0 0.831618 0.436275 0.080882 0.111765
0 0.763235 0.467647 0.082353 0.115686
0 0.745588 0.662745 0.179412 0.235294
0 0.850735 0.729412 0.122059 0.180392
0 0.895588 0.529412 0.182353 0.305882
0 0.952941 0.680392 0.073529 0.168627
0 0.865441 0.903922 0.142647 0.117647
0 0.960294 0.851961 0.067647 0.174510