0 0.839259 0.094965 0.140239 0.128092
0 0.703990 0.103799 0.139134 0.125147
0 0.585284 0.133245 0.091652 0.131037
0 0.490872 0.106743 0.088339 0.145760
0 0.396459 0.093492 0.093860 0.122203
0 0.299286 0.093492 0.089443 0.125147
0 0.189414 0.119994 0.121466 0.166372
0 0.812758 0.239252 0.113737 0.154594
0 0.713376 0.245878 0.115945 0.153121
0 0.626141 0.326855 0.126988 0.153121
0 0.374374 0.239252 0.133613 0.166372
0 0.262846 0.227473 0.107111 0.139870
0 0.126472 0.220112 0.161219 0.263545
0 0.811101 0.538869 0.092756 0.129564
0 0.711720 0.509423 0.092756 0.129564
0 0.544427 0.407097 0.113737 0.148704
0 0.616203 0.506478 0.085027 0.126620
0 0.425169 0.362191 0.124779 0.170789
0 0.309224 0.373233 0.122571 0.166372
0 0.205425 0.348204 0.104903 0.125147
0 0.537802 0.552856 0.100486 0.145760
0 0.372718 0.479976 0.125883 0.164900
0 0.198248 0.537397 0.258392 0.306243
0 0.091137 0.471143 0.077297 0.114841
0 0.733804 0.727326 0.176678 0.153121
0 0.448358 0.602179 0.109320 0.141343
0 0.339591 0.611749 0.103799 0.148704
0 0.588045 0.722909 0.092756 0.126620
0 0.491424 0.728062 0.096069 0.131037
0 0.395355 0.743522 0.100486 0.138398
0 0.250147 0.689046 0.132509 0.173734
0 0.724418 0.892226 0.069567 0.117786
0 0.649882 0.890018 0.070671 0.113369
0 0.564856 0.878239 0.086131 0.113369
0 0.474308 0.899588 0.090548 0.120730
0 0.377687 0.904005 0.096069 0.111896
0 0.274993 0.831861 0.157906 0.206125
0 0.123712 0.734688 0.135822 0.173734
0 0.139723 0.896643 0.108216 0.114841