0 0.544853 0.196078 0.160294 0.192157
0 0.684559 0.166667 0.157353 0.180392
0 0.575000 0.308824 0.126471 0.143137
0 0.652206 0.456863 0.222059 0.333333
0 0.755147 0.316667 0.169118 0.233333
0 0.837500 0.202941 0.166176 0.260784
0 0.780147 0.467647 0.075000 0.115686
0 0.764706 0.656863 0.176471 0.219608
0 0.906618 0.347059 0.119118 0.156863
0 0.923529 0.105882 0.129412 0.160784
0 0.904412 0.513725 0.164706 0.333333
0 0.961765 0.698039 0.055882 0.149020
0 0.865441 0.722549 0.125000 0.166667
0 0.883088 0.889216 0.136765 0.150980
0 0.955882 0.850000 0.067647 0.150980
0 0.842647 0.442157 0.097059 0.111765