0 0.562500 0.196078 0.157353 0.192157
0 0.702206 0.168627 0.157353 0.180392
0 0.591912 0.308824 0.122059 0.143137
0 0.672059 0.454902 0.220588 0.333333
0 0.771324 0.316667 0.166176 0.233333
0 0.799265 0.467647 0.075000 0.111765
0 0.784559 0.661765 0.177941 0.229412
0 0.855882 0.203922 0.167647 0.258824
0 0.936765 0.105882 0.108824 0.156863
0 0.922059 0.350000 0.120588 0.154902
0 0.868382 0.439216 0.063235 0.101961
0 0.913235 0.527451 0.147059 0.309804
0 0.886029 0.726471 0.127941 0.174510
0 0.905882 0.902941 0.141176 0.115686