0 0.144853 0.244118 0.195588 0.382353
0 0.327206 0.191176 0.227941 0.249020
0 0.511029 0.264706 0.183824 0.207843
0 0.497059 0.497059 0.167647 0.276471
0 0.228676 0.545098 0.195588 0.298039
0 0.136765 0.775490 0.114706 0.135294
0 0.299265 0.750980 0.127941 0.180392
0 0.372794 0.605882 0.136765 0.121569
0 0.491912 0.778431 0.163235 0.172549
0 0.663235 0.709804 0.238235 0.349020
0 0.646324 0.443137 0.139706 0.172549
0 0.702206 0.230392 0.125000 0.194118
0 0.842647 0.274510 0.161765 0.164706
0 0.865441 0.526471 0.245588 0.417647