0 0.100737 0.259214 0.201474 0.336609
0 0.244779 0.187346 0.103194 0.156020
0 0.348434 0.165233 0.107801 0.151106
0 0.529484 0.141278 0.147420 0.132678
0 0.532248 0.343980 0.112408 0.162162
0 0.371007 0.416462 0.180590 0.280098
0 0.473741 0.582924 0.175983 0.170762
0 0.204238 0.487101 0.189803 0.300983
0 0.142045 0.536241 0.120700 0.180590
0 0.046222 0.545455 0.091216 0.147420
0 0.026566 0.748157 0.053132 0.228501
0 0.115326 0.765971 0.166769 0.310811
0 0.240633 0.720516 0.122543 0.153563
0 0.307893 0.805897 0.139128 0.186732
0 0.617936 0.769042 0.090295 0.137592