0 0.138053 0.254300 0.276106 0.341523
0 0.322635 0.179975 0.111486 0.156020
0 0.419840 0.163391 0.099509 0.152334
0 0.596284 0.154791 0.146499 0.162162
0 0.601812 0.342138 0.115172 0.158477
0 0.438729 0.411548 0.172297 0.282555
0 0.538237 0.582310 0.179668 0.169533
0 0.682432 0.768428 0.097666 0.138821
0 0.382985 0.805897 0.143735 0.181818
0 0.314343 0.718673 0.124386 0.164619
0 0.262746 0.486486 0.199939 0.280098
0 0.203317 0.533170 0.097666 0.164619
0 0.084920 0.542998 0.153870 0.162162
0 0.188575 0.779484 0.175061 0.303440
0 0.062500 0.756143 0.125000 0.239558