0 0.195025 0.245700 0.386978 0.339066
0 0.441032 0.175061 0.097666 0.156020
0 0.539619 0.162776 0.101351 0.151106
0 0.694871 0.151106 0.157555 0.162162
0 0.706849 0.347052 0.128071 0.156020
0 0.535934 0.412776 0.175061 0.277641
0 0.375154 0.490172 0.192568 0.285012
0 0.313421 0.529484 0.096744 0.164619
0 0.202396 0.542998 0.138206 0.159705
0 0.151720 0.748157 0.202703 0.294840
0 0.060197 0.418919 0.120393 0.388206
0 0.299140 0.781327 0.171376 0.316953
0 0.415694 0.721130 0.118857 0.162162
0 0.491247 0.805283 0.126229 0.175676
0 0.641431 0.579238 0.177826 0.173219
0 0.780559 0.765971 0.096744 0.133907