0 0.161548 0.249386 0.323096 0.341523
0 0.374693 0.177518 0.103194 0.156020
0 0.474201 0.162162 0.097666 0.157248
0 0.645117 0.153563 0.146499 0.159705
0 0.648802 0.343980 0.120700 0.154791
0 0.488022 0.415233 0.171376 0.280098
0 0.583385 0.587838 0.177826 0.170762
0 0.317107 0.492015 0.201781 0.286241
0 0.256296 0.531327 0.107801 0.170762
0 0.136517 0.542998 0.142813 0.159705
0 0.030252 0.440418 0.060504 0.242015
0 0.092445 0.745086 0.184889 0.286241
0 0.241093 0.777027 0.162162 0.305897
0 0.364097 0.722973 0.120700 0.160934
0 0.434582 0.802211 0.132678 0.184275
0 0.727119 0.765971 0.093059 0.138821