0 0.483876 0.245700 0.441339 0.336609
0 0.758907 0.179361 0.092138 0.159705
0 0.855190 0.161548 0.096744 0.153563
0 0.960074 0.154791 0.079852 0.149877
0 0.966984 0.348280 0.066032 0.143735
0 0.834920 0.412776 0.174140 0.282555
0 0.921376 0.582924 0.157248 0.165848
0 0.680590 0.493243 0.197174 0.286241
0 0.617475 0.528256 0.096744 0.164619
0 0.521652 0.540541 0.115172 0.154791
0 0.337838 0.407248 0.175061 0.377150
0 0.300983 0.632064 0.092138 0.121622
0 0.471437 0.753071 0.200860 0.280098
0 0.616554 0.777641 0.177826 0.319410
0 0.722512 0.711302 0.118857 0.159705
0 0.801290 0.802826 0.138206 0.175676