0 0.465448 0.246929 0.443182 0.329238
0 0.738176 0.181204 0.096744 0.163391
0 0.836763 0.164619 0.100430 0.154791
0 0.948557 0.153563 0.102886 0.154791
0 0.959152 0.347666 0.081695 0.144963
0 0.816032 0.410934 0.171376 0.278870
0 0.913084 0.581695 0.173832 0.168305
0 0.662623 0.490172 0.190725 0.287469
0 0.597666 0.528870 0.090295 0.165848
0 0.502303 0.542383 0.113329 0.156020
0 0.321253 0.411548 0.187961 0.385749
0 0.283477 0.633292 0.093980 0.128993
0 0.453471 0.751229 0.207310 0.278870
0 0.596744 0.774570 0.173219 0.308354
0 0.705006 0.714373 0.120700 0.156020
0 0.785166 0.802211 0.142813 0.174447