0 0.495854 0.244472 0.443182 0.326781
0 0.761671 0.179361 0.106880 0.154791
0 0.864404 0.162162 0.091216 0.154791
0 0.962991 0.157862 0.070946 0.156020
0 0.972052 0.350123 0.055896 0.140049
0 0.845055 0.412162 0.172297 0.278870
0 0.687039 0.490786 0.193489 0.276413
0 0.624846 0.525799 0.096744 0.179361
0 0.529945 0.538698 0.113329 0.151106
0 0.353041 0.404791 0.185197 0.386978
0 0.308354 0.631450 0.092138 0.125307
0 0.480190 0.748771 0.205467 0.278870
0 0.622543 0.777641 0.180590 0.316953
0 0.732647 0.712531 0.115172 0.159705
0 0.927826 0.576781 0.144348 0.168305
0 0.810043 0.802211 0.139128 0.171990