0 0.150952 0.250614 0.301904 0.341523
0 0.339220 0.179361 0.104115 0.154791
0 0.441032 0.164005 0.103194 0.158477
0 0.611026 0.150491 0.150184 0.156020
0 0.621161 0.345823 0.115172 0.160934
0 0.458999 0.415233 0.179668 0.282555
0 0.557125 0.581695 0.178747 0.165848
0 0.289926 0.492629 0.197174 0.289926
0 0.224048 0.531327 0.102273 0.168305
0 0.110258 0.543612 0.147420 0.156020
0 0.077242 0.757371 0.154484 0.249386
0 0.212070 0.769656 0.166769 0.291155
0 0.331849 0.719902 0.117015 0.159705
0 0.401413 0.804668 0.127150 0.181818
0 0.697174 0.768428 0.088452 0.131450