0 0.220977 0.243243 0.441953 0.336609
0 0.490326 0.173219 0.091216 0.152334
0 0.587991 0.162776 0.096744 0.156020
0 0.740018 0.154177 0.163084 0.148649
0 0.752918 0.343980 0.128071 0.159705
0 0.584306 0.412162 0.175983 0.278870
0 0.684736 0.582310 0.181511 0.171990
0 0.417537 0.498157 0.201781 0.291155
0 0.357647 0.531327 0.098587 0.163391
0 0.250307 0.542383 0.127150 0.153563
0 0.084613 0.423833 0.169226 0.375921
0 0.033016 0.628378 0.066032 0.126536
0 0.198710 0.746929 0.189803 0.292383
0 0.349816 0.781941 0.164005 0.315725
0 0.467291 0.716830 0.118857 0.163391
0 0.538698 0.805283 0.130835 0.183047
0 0.825706 0.765971 0.102273 0.141278