0 0.337377 0.245700 0.452396 0.334152
0 0.612869 0.176904 0.098587 0.157248
0 0.710995 0.162776 0.099509 0.153563
0 0.865786 0.152948 0.160319 0.158477
0 0.874079 0.342752 0.141892 0.164619
0 0.700399 0.412162 0.172297 0.278870
0 0.539158 0.493243 0.198096 0.281327
0 0.477887 0.532555 0.103194 0.163391
0 0.374693 0.541769 0.119779 0.159705
0 0.199631 0.409705 0.180590 0.377150
0 0.154945 0.631450 0.115172 0.130221
0 0.326781 0.753071 0.197174 0.287469
0 0.474662 0.778870 0.170455 0.314496
0 0.584767 0.718673 0.117936 0.157248
0 0.664005 0.807125 0.132678 0.176904
0 0.806357 0.582310 0.188882 0.174447
0 0.945485 0.765971 0.104115 0.133907