0 0.296837 0.246314 0.450553 0.332924
0 0.576474 0.179361 0.097666 0.152334
0 0.673219 0.162776 0.097666 0.151106
0 0.828010 0.152334 0.164005 0.154791
0 0.837224 0.343980 0.138206 0.157248
0 0.666308 0.412162 0.175983 0.281327
0 0.505068 0.490172 0.199939 0.280098
0 0.439650 0.530098 0.098587 0.165848
0 0.336456 0.543612 0.120700 0.153563
0 0.160012 0.412776 0.182432 0.378378
0 0.108415 0.627150 0.106880 0.128993
0 0.289005 0.756757 0.200860 0.287469
0 0.436425 0.778256 0.178747 0.315725
0 0.551136 0.716830 0.118857 0.156020
0 0.626689 0.801597 0.135442 0.187961
0 0.769042 0.582310 0.187961 0.171990
0 0.909091 0.764742 0.101351 0.138821