0 0.405098 0.245086 0.442260 0.332924
0 0.682893 0.175676 0.094902 0.147420
0 0.780559 0.162776 0.094902 0.158477
0 0.924601 0.156634 0.150798 0.158477
0 0.932893 0.343980 0.134214 0.154791
0 0.764896 0.412162 0.172297 0.276413
0 0.603655 0.488943 0.188882 0.285012
0 0.443335 0.542998 0.113329 0.154791
0 0.540080 0.524570 0.096744 0.164619
0 0.267353 0.408477 0.181511 0.382064
0 0.225891 0.630835 0.091216 0.126536
0 0.394963 0.751229 0.199017 0.278870
0 0.540541 0.772113 0.167690 0.313268
0 0.651106 0.716830 0.117936 0.160934
0 0.727580 0.805283 0.143735 0.178133
0 0.869472 0.581695 0.195332 0.170762
0 0.977119 0.762285 0.045762 0.128993