0 0.250768 0.242015 0.448710 0.324324
0 0.528563 0.179361 0.099509 0.154791
0 0.625768 0.164619 0.098587 0.157248
0 0.775491 0.157862 0.164005 0.160934
0 0.789773 0.343366 0.129914 0.158477
0 0.618397 0.412776 0.177826 0.282555
0 0.721130 0.582924 0.182432 0.170762
0 0.458538 0.490172 0.202703 0.287469
0 0.394963 0.530713 0.097666 0.159705
0 0.287623 0.547297 0.128071 0.156020
0 0.110258 0.416462 0.189803 0.363636
0 0.058200 0.628993 0.105958 0.135135
0 0.236486 0.752457 0.193489 0.288698
0 0.387131 0.778870 0.170455 0.314496
0 0.502764 0.716216 0.121622 0.159705
0 0.577396 0.805897 0.134521 0.191646
0 0.862101 0.764742 0.099509 0.138821