0 0.206618 0.205882 0.236765 0.286275
0 0.330147 0.161765 0.116176 0.170588
0 0.425735 0.173529 0.095588 0.135294
0 0.548529 0.170588 0.150000 0.188235
0 0.289706 0.319608 0.100000 0.137255
0 0.143382 0.377451 0.125000 0.162745
0 0.307353 0.470588 0.123529 0.133333
0 0.416176 0.381373 0.155882 0.190196
0 0.532353 0.338235 0.088235 0.119608
0 0.576471 0.516667 0.094118 0.131373
0 0.703676 0.540196 0.098529 0.123529
0 0.137500 0.559804 0.148529 0.158824
0 0.151471 0.763725 0.126471 0.162745
0 0.267647 0.783333 0.100000 0.135294
0 0.515441 0.721569 0.136765 0.215686
0 0.647794 0.696078 0.125000 0.152941
0 0.680882 0.827451 0.135294 0.172549
0 0.786029 0.769608 0.125000 0.186275