0 0.146324 0.214706 0.195588 0.284314
0 0.258824 0.164706 0.117647 0.164706
0 0.352941 0.176471 0.097059 0.141176
0 0.474265 0.173529 0.157353 0.194118
0 0.099265 0.388235 0.104412 0.156863
0 0.205147 0.325490 0.110294 0.141176
0 0.338971 0.384314 0.154412 0.196078
0 0.462500 0.339216 0.086765 0.113725
0 0.237500 0.467647 0.122059 0.139216
0 0.502941 0.513725 0.088235 0.129412
0 0.627941 0.539216 0.100000 0.117647
0 0.089706 0.547059 0.088235 0.156863
0 0.444118 0.720588 0.138235 0.213725
0 0.572794 0.695098 0.119118 0.154902
0 0.712500 0.768627 0.125000 0.188235
0 0.608824 0.829412 0.129412 0.176471
0 0.087500 0.757843 0.083824 0.170588
0 0.191176 0.774510 0.120588 0.137255