0 0.166176 0.270588 0.161765 0.250980
0 0.336765 0.190196 0.226471 0.270588
0 0.444118 0.164706 0.100000 0.180392
0 0.541176 0.175490 0.100000 0.135294
0 0.671324 0.174510 0.154412 0.196078
0 0.144118 0.482353 0.117647 0.188235
0 0.266912 0.558824 0.130882 0.172549
0 0.279412 0.370588 0.123529 0.160784
0 0.413971 0.314706 0.101471 0.147059
0 0.536029 0.378431 0.163235 0.192157
0 0.648529 0.337255 0.088235 0.117647
0 0.426471 0.466667 0.102941 0.129412
0 0.696324 0.515686 0.098529 0.129412
0 0.816176 0.538235 0.114706 0.127451
0 0.213235 0.691176 0.158824 0.178431
0 0.135294 0.801961 0.129412 0.176471
0 0.289706 0.780392 0.126471 0.168627
0 0.397059 0.782353 0.111765 0.145098
0 0.641176 0.717647 0.141176 0.219608
0 0.763971 0.690196 0.139706 0.149020
0 0.909559 0.768627 0.133824 0.188235
0 0.800000 0.827451 0.152941 0.164706