0 0.088971 0.229412 0.083824 0.176471
0 0.077206 0.403922 0.066176 0.149020
0 0.196324 0.275490 0.160294 0.245098
0 0.354412 0.186275 0.223529 0.270588
0 0.462500 0.163725 0.101471 0.174510
0 0.555882 0.172549 0.100000 0.133333
0 0.686765 0.169608 0.158824 0.190196
0 0.298529 0.367647 0.123529 0.166667
0 0.433824 0.311765 0.108824 0.152941
0 0.552941 0.378431 0.164706 0.196078
0 0.665441 0.338235 0.089706 0.115686
0 0.444853 0.466667 0.101471 0.129412
0 0.167647 0.483333 0.123529 0.186275
0 0.711029 0.516667 0.107353 0.131373
0 0.834559 0.534314 0.110294 0.127451
0 0.290441 0.558824 0.142647 0.172549
0 0.080147 0.585294 0.066176 0.150980
0 0.232353 0.693137 0.152941 0.178431
0 0.085294 0.736275 0.085294 0.147059
0 0.154412 0.800000 0.138235 0.180392
0 0.305882 0.774510 0.129412 0.184314
0 0.415441 0.779412 0.113235 0.143137
0 0.658824 0.718627 0.138235 0.221569
0 0.783824 0.694118 0.135294 0.156863
0 0.923529 0.771569 0.126471 0.190196
0 0.824265 0.825490 0.136765 0.160784