0 0.116912 0.275490 0.139706 0.260784
0 0.277941 0.195098 0.226471 0.280392
0 0.391912 0.166667 0.110294 0.176471
0 0.486029 0.176471 0.098529 0.129412
0 0.613235 0.169608 0.155882 0.198039
0 0.218382 0.370588 0.127941 0.168627
0 0.355147 0.314706 0.098529 0.139216
0 0.479412 0.377451 0.158824 0.194118
0 0.594853 0.341176 0.089706 0.117647
0 0.097794 0.485294 0.104412 0.190196
0 0.211029 0.557843 0.151471 0.174510
0 0.375000 0.469608 0.108824 0.135294
0 0.642647 0.515686 0.097059 0.133333
0 0.766912 0.539216 0.104412 0.121569
0 0.155882 0.688235 0.152941 0.176471
0 0.105882 0.788235 0.117647 0.168627
0 0.230147 0.771569 0.125000 0.178431
0 0.339706 0.779412 0.108824 0.139216
0 0.585294 0.721569 0.144118 0.219608
0 0.715441 0.692157 0.127941 0.152941
0 0.855147 0.775490 0.130882 0.182353
0 0.752206 0.825490 0.130882 0.168627