0 0.216912 0.207843 0.230882 0.274510
0 0.340441 0.160784 0.110294 0.172549
0 0.433088 0.175490 0.101471 0.135294
0 0.560294 0.171569 0.150000 0.198039
0 0.164706 0.376471 0.141176 0.164706
0 0.298529 0.319608 0.097059 0.133333
0 0.427941 0.381373 0.161765 0.190196
0 0.541912 0.341176 0.089706 0.121569
0 0.319118 0.469608 0.108824 0.131373
0 0.152206 0.555882 0.142647 0.166667
0 0.587500 0.515686 0.095588 0.129412
0 0.715441 0.538235 0.095588 0.123529
0 0.163235 0.772549 0.126471 0.160784
0 0.281618 0.782353 0.110294 0.133333
0 0.531618 0.718627 0.133824 0.221569
0 0.658088 0.692157 0.130882 0.160784
0 0.796324 0.765686 0.130882 0.186275
0 0.694118 0.828431 0.129412 0.170588