0 0.119118 0.214706 0.144118 0.237255
0 0.241176 0.261765 0.167647 0.249020
0 0.413235 0.188235 0.223529 0.274510
0 0.518382 0.160784 0.095588 0.172549
0 0.610294 0.174510 0.097059 0.133333
0 0.740441 0.179412 0.157353 0.201961
0 0.101471 0.389216 0.108824 0.174510
0 0.222059 0.482353 0.108824 0.188235
0 0.354412 0.368627 0.123529 0.164706
0 0.488235 0.313725 0.105882 0.152941
0 0.608824 0.379412 0.158824 0.194118
0 0.718382 0.340196 0.083824 0.111765
0 0.500000 0.469608 0.102941 0.135294
0 0.761765 0.517647 0.111765 0.133333
0 0.889706 0.539216 0.114706 0.117647
0 0.344853 0.558824 0.136765 0.172549
0 0.110294 0.605882 0.126471 0.145098
0 0.291176 0.692157 0.147059 0.176471
0 0.473529 0.780392 0.111765 0.145098
0 0.361765 0.781373 0.126471 0.170588
0 0.220588 0.808824 0.135294 0.178431
0 0.114706 0.741176 0.135294 0.168627
0 0.712500 0.714706 0.142647 0.221569
0 0.836765 0.691176 0.135294 0.162745
0 0.867647 0.830392 0.158824 0.162745
0 0.957353 0.769608 0.073529 0.190196