0 0.094118 0.195098 0.094118 0.178431
0 0.169118 0.174510 0.111765 0.156863
0 0.277206 0.192157 0.157353 0.223529
0 0.416176 0.256863 0.161765 0.247059
0 0.583824 0.181373 0.223529 0.280392
0 0.688971 0.162745 0.095588 0.176471
0 0.777941 0.172549 0.100000 0.133333
0 0.909559 0.176471 0.160294 0.203922
0 0.275000 0.368627 0.126471 0.164706
0 0.162500 0.303922 0.075000 0.109804
0 0.088235 0.417647 0.085294 0.172549
0 0.199265 0.480392 0.186765 0.235294
0 0.533088 0.368627 0.116176 0.164706
0 0.669118 0.313725 0.108824 0.149020
0 0.790441 0.378431 0.160294 0.188235
0 0.886765 0.338235 0.088235 0.115686
0 0.404412 0.482353 0.097059 0.180392
0 0.200735 0.637255 0.086765 0.113725
0 0.090441 0.662745 0.086765 0.141176
0 0.293382 0.610784 0.107353 0.147059
0 0.519118 0.556863 0.126471 0.164706
0 0.679412 0.465686 0.102941 0.127451
0 0.930882 0.512745 0.120588 0.127451
0 0.288235 0.752941 0.141176 0.164706
0 0.469853 0.694118 0.133824 0.172549
0 0.540441 0.785294 0.125000 0.174510
0 0.650000 0.778431 0.111765 0.156863
0 0.881618 0.708824 0.166176 0.229412