0 0.127206 0.173529 0.104412 0.154902
0 0.239706 0.189216 0.161765 0.221569
0 0.385294 0.268627 0.158824 0.207843
0 0.547794 0.182353 0.219118 0.266667
0 0.653676 0.160784 0.095588 0.172549
0 0.742647 0.173529 0.100000 0.135294
0 0.878676 0.177451 0.169118 0.205882
0 0.127941 0.306863 0.091176 0.107843
0 0.232353 0.372549 0.132353 0.164706
0 0.366912 0.481373 0.101471 0.186275
0 0.496324 0.366667 0.122059 0.160784
0 0.633088 0.308824 0.113235 0.158824
0 0.755147 0.374510 0.157353 0.192157
0 0.644118 0.467647 0.102941 0.131373
0 0.850735 0.335294 0.092647 0.109804
0 0.482353 0.555882 0.123529 0.174510
0 0.155882 0.485294 0.200000 0.233333
0 0.159559 0.637255 0.083824 0.105882
0 0.260294 0.610784 0.120588 0.147059
0 0.899265 0.514706 0.119118 0.131373
0 0.427941 0.693137 0.132353 0.178431
0 0.253676 0.750000 0.142647 0.154902
0 0.366176 0.811765 0.135294 0.176471
0 0.505147 0.782353 0.125000 0.172549
0 0.611765 0.778431 0.114706 0.145098
0 0.844118 0.712745 0.158824 0.221569
0 0.977206 0.537255 0.030882 0.125490
0 0.943382 0.690196 0.095588 0.164706