0 0.100000 0.226471 0.105882 0.225490
0 0.237500 0.178431 0.172059 0.156863
0 0.374265 0.157843 0.113235 0.150980
0 0.480147 0.187255 0.160294 0.225490
0 0.604412 0.262745 0.167647 0.235294
0 0.771324 0.179412 0.210294 0.280392
0 0.881618 0.153922 0.083824 0.170588
0 0.949265 0.176471 0.086765 0.141176
0 0.859559 0.312745 0.122059 0.154902
0 0.197059 0.347059 0.111765 0.145098
0 0.266912 0.406863 0.130882 0.166667
0 0.366176 0.296078 0.085294 0.121569
0 0.468382 0.367647 0.125000 0.162745
0 0.388971 0.482353 0.186765 0.235294
0 0.599265 0.480392 0.107353 0.184314
0 0.728676 0.366667 0.119118 0.160784
0 0.867647 0.466667 0.123529 0.137255
0 0.948529 0.379412 0.082353 0.198039
0 0.122794 0.466667 0.116176 0.105882
0 0.202941 0.530392 0.123529 0.158824
0 0.396324 0.638235 0.083824 0.107843
0 0.488235 0.609804 0.105882 0.145098
0 0.715441 0.552941 0.125000 0.172549
0 0.115441 0.730392 0.139706 0.256863
0 0.187500 0.712745 0.092647 0.147059
0 0.288971 0.673529 0.104412 0.135294
0 0.472794 0.750000 0.136765 0.158824
0 0.666176 0.691176 0.141176 0.178431
0 0.608824 0.802941 0.135294 0.178431
0 0.738971 0.781373 0.125000 0.170588
0 0.842647 0.776471 0.126471 0.149020