0 0.201471 0.179412 0.170588 0.166667
0 0.335294 0.153922 0.114706 0.154902
0 0.444118 0.188235 0.158824 0.227451
0 0.569118 0.260784 0.167647 0.231373
0 0.732353 0.180392 0.214706 0.274510
0 0.842647 0.157843 0.085294 0.170588
0 0.155147 0.345098 0.122059 0.149020
0 0.080882 0.470588 0.064706 0.098039
0 0.224265 0.406863 0.125000 0.166667
0 0.329412 0.293137 0.082353 0.115686
0 0.430882 0.366667 0.126471 0.164706
0 0.567647 0.479412 0.097059 0.182353
0 0.690441 0.364706 0.122059 0.156863
0 0.827206 0.313725 0.110294 0.152941
0 0.927206 0.174510 0.101471 0.129412
0 0.927206 0.377451 0.122059 0.198039
0 0.831618 0.464706 0.122059 0.129412
0 0.171324 0.534314 0.148529 0.166667
0 0.358088 0.480392 0.177941 0.239216
0 0.361765 0.636275 0.076471 0.123529
0 0.248529 0.672549 0.102941 0.137255
0 0.145588 0.706863 0.085294 0.147059
0 0.097059 0.724510 0.100000 0.245098
0 0.451471 0.610784 0.105882 0.143137
0 0.679412 0.552941 0.123529 0.172549
0 0.630147 0.690196 0.136765 0.180392
0 0.438235 0.748039 0.138235 0.154902
0 0.573529 0.809804 0.132353 0.172549
0 0.702941 0.785294 0.123529 0.166667
0 0.805882 0.775490 0.117647 0.150980