0 0.114706 0.219608 0.132353 0.211765
0 0.266912 0.174510 0.169118 0.160784
0 0.401471 0.153922 0.114706 0.154902
0 0.511765 0.188235 0.158824 0.223529
0 0.637500 0.260784 0.157353 0.231373
0 0.797794 0.178431 0.216176 0.278431
0 0.911029 0.152941 0.077941 0.168627
0 0.957353 0.169608 0.067647 0.135294
0 0.894118 0.313725 0.117647 0.160784
0 0.761029 0.367647 0.122059 0.166667
0 0.961029 0.376471 0.063235 0.180392
0 0.893382 0.461765 0.127941 0.131373
0 0.386765 0.294118 0.076471 0.113725
0 0.227941 0.343137 0.114706 0.145098
0 0.153676 0.470588 0.104412 0.101961
0 0.076471 0.419608 0.058824 0.109804
0 0.136765 0.735294 0.161765 0.254902
0 0.241912 0.535294 0.119118 0.160784
0 0.302206 0.411765 0.125000 0.156863
0 0.419853 0.479412 0.175000 0.237255
0 0.500000 0.365686 0.123529 0.170588
0 0.627941 0.477451 0.102941 0.182353
0 0.519118 0.610784 0.108824 0.147059
0 0.420588 0.640196 0.079412 0.107843
0 0.316912 0.670588 0.101471 0.125490
0 0.220588 0.709804 0.088235 0.145098
0 0.746324 0.553922 0.130882 0.170588
0 0.693382 0.689216 0.145588 0.182353
0 0.499265 0.752941 0.142647 0.156863
0 0.638971 0.807843 0.133824 0.180392
0 0.769118 0.781373 0.120588 0.166667
0 0.874265 0.772549 0.122059 0.152941