0 0.180882 0.209804 0.226471 0.215686
0 0.380147 0.171569 0.169118 0.162745
0 0.515441 0.152941 0.119118 0.152941
0 0.625735 0.187255 0.160294 0.221569
0 0.739706 0.265686 0.167647 0.229412
0 0.895588 0.182353 0.185294 0.270588
0 0.862500 0.365686 0.136765 0.166667
0 0.147794 0.401961 0.142647 0.125490
0 0.334559 0.339216 0.116176 0.152941
0 0.269118 0.461765 0.094118 0.100000
0 0.130147 0.541176 0.119118 0.133333
0 0.410294 0.407843 0.126471 0.164706
0 0.491912 0.298039 0.077941 0.113725
0 0.610294 0.367647 0.126471 0.166667
0 0.525735 0.478431 0.183824 0.243137
0 0.352941 0.535294 0.123529 0.164706
0 0.741912 0.474510 0.101471 0.188235
0 0.857353 0.552941 0.129412 0.172549
0 0.108824 0.735294 0.132353 0.180392
0 0.255147 0.748039 0.122059 0.249020
0 0.346324 0.719608 0.083824 0.137255
0 0.431618 0.671569 0.101471 0.127451
0 0.528676 0.641176 0.086765 0.113725
0 0.627206 0.607843 0.110294 0.149020
0 0.802941 0.685294 0.158824 0.190196
0 0.603676 0.748039 0.145588 0.158824
0 0.747794 0.797059 0.151471 0.198039
0 0.882353 0.782353 0.117647 0.172549
0 0.961029 0.470588 0.063235 0.129412
0 0.952941 0.768627 0.082353 0.164706