0 0.144118 0.223529 0.194118 0.227451
0 0.324265 0.171569 0.169118 0.166667
0 0.457353 0.153922 0.120588 0.154902
0 0.568382 0.187255 0.160294 0.221569
0 0.851471 0.185294 0.211765 0.264706
0 0.691176 0.262745 0.158824 0.219608
0 0.438971 0.294118 0.086765 0.113725
0 0.284559 0.341176 0.119118 0.156863
0 0.355147 0.410784 0.122059 0.166667
0 0.108824 0.408824 0.111765 0.119608
0 0.091912 0.539216 0.083824 0.125490
0 0.202941 0.463725 0.094118 0.107843
0 0.077941 0.727451 0.067647 0.184314
0 0.199265 0.742157 0.145588 0.256863
0 0.300000 0.534314 0.123529 0.166667
0 0.374265 0.673529 0.101471 0.131373
0 0.284559 0.720588 0.089706 0.147059
0 0.553676 0.368627 0.127941 0.168627
0 0.472059 0.474510 0.188235 0.250980
0 0.685294 0.475490 0.100000 0.182353
0 0.572794 0.609804 0.110294 0.149020
0 0.476471 0.637255 0.082353 0.113725
0 0.553676 0.748039 0.142647 0.158824
0 0.811765 0.365686 0.123529 0.174510
0 0.800000 0.550980 0.129412 0.168627
0 0.747794 0.687255 0.154412 0.186275
0 0.693382 0.801961 0.142647 0.184314
0 0.941912 0.310784 0.098529 0.158824
0 0.960294 0.154902 0.061765 0.160784
0 0.937500 0.464706 0.113235 0.129412
0 0.825735 0.776471 0.122059 0.180392
0 0.920588 0.767647 0.135294 0.166667