0 0.139706 0.249020 0.185294 0.243137
0 0.352206 0.191176 0.225000 0.221569
0 0.552941 0.167647 0.170588 0.158824
0 0.695588 0.152941 0.117647 0.156863
0 0.797794 0.186275 0.180882 0.231373
0 0.913235 0.259804 0.152941 0.237255
0 0.659559 0.293137 0.083824 0.107843
0 0.506618 0.342157 0.119118 0.154902
0 0.333088 0.395098 0.125000 0.135294
0 0.137500 0.482353 0.125000 0.133333
0 0.122794 0.745098 0.154412 0.231373
0 0.281618 0.750000 0.166176 0.201961
0 0.436765 0.746078 0.126471 0.249020
0 0.313971 0.541176 0.110294 0.133333
0 0.444118 0.461765 0.094118 0.103922
0 0.589706 0.408824 0.123529 0.162745
0 0.529412 0.527451 0.120588 0.160784
0 0.531618 0.714706 0.086765 0.139216
0 0.600735 0.668627 0.098529 0.129412
0 0.700735 0.472549 0.166176 0.239216
0 0.780882 0.364706 0.138235 0.172549
0 0.808088 0.606863 0.113235 0.147059
0 0.694853 0.641176 0.089706 0.105882
0 0.769853 0.749020 0.142647 0.156863
0 0.907353 0.475490 0.132353 0.190196
0 0.939706 0.688235 0.102941 0.184314
0 0.913235 0.796078 0.152941 0.203922