0 0.108824 0.261765 0.126471 0.249020
0 0.296324 0.192157 0.230882 0.215686
0 0.498529 0.171569 0.167647 0.166667
0 0.639706 0.154902 0.114706 0.160784
0 0.750735 0.188235 0.160294 0.227451
0 0.863971 0.265686 0.157353 0.229412
0 0.283088 0.397059 0.130882 0.135294
0 0.097059 0.483333 0.097059 0.127451
0 0.261765 0.541176 0.111765 0.133333
0 0.388235 0.459804 0.094118 0.107843
0 0.452941 0.341176 0.120588 0.156863
0 0.533088 0.405882 0.125000 0.164706
0 0.609559 0.293137 0.092647 0.111765
0 0.652206 0.477451 0.186765 0.245098
0 0.730882 0.364706 0.126471 0.168627
0 0.475735 0.533333 0.119118 0.164706
0 0.853676 0.478431 0.119118 0.188235
0 0.950000 0.367647 0.088235 0.170588
0 0.088971 0.741176 0.086765 0.219608
0 0.222059 0.754902 0.167647 0.184314
0 0.379412 0.748039 0.123529 0.252941
0 0.471324 0.713725 0.083824 0.141176
0 0.547794 0.669608 0.101471 0.127451
0 0.644118 0.638235 0.085294 0.111765
0 0.752941 0.605882 0.114706 0.145098
0 0.952206 0.547059 0.080882 0.164706
0 0.716176 0.752941 0.141176 0.152941
0 0.913971 0.688235 0.157353 0.184314
0 0.867647 0.796078 0.161765 0.203922