0 0.100000 0.261765 0.105882 0.249020
0 0.276471 0.192157 0.226471 0.219608
0 0.478676 0.172549 0.172059 0.164706
0 0.617647 0.153922 0.117647 0.158824
0 0.731618 0.183333 0.157353 0.221569
0 0.841176 0.261765 0.164706 0.229412
0 0.588235 0.292157 0.082353 0.113725
0 0.436029 0.342157 0.122059 0.154902
0 0.266176 0.393137 0.126471 0.131373
0 0.084559 0.482353 0.077941 0.133333
0 0.243382 0.541176 0.116176 0.133333
0 0.368382 0.458824 0.092647 0.101961
0 0.514706 0.407843 0.123529 0.164706
0 0.715441 0.367647 0.125000 0.166667
0 0.947059 0.368627 0.094118 0.164706
0 0.833088 0.474510 0.122059 0.188235
0 0.624265 0.474510 0.186765 0.235294
0 0.455882 0.533333 0.120588 0.160784
0 0.084559 0.742157 0.075000 0.217647
0 0.202941 0.752941 0.161765 0.188235
0 0.359559 0.750000 0.125000 0.245098
0 0.453676 0.716667 0.086765 0.143137
0 0.531618 0.668627 0.098529 0.125490
0 0.626471 0.642157 0.088235 0.107843
0 0.732353 0.605882 0.111765 0.145098
0 0.697794 0.748039 0.139706 0.154902
0 0.944118 0.546078 0.100000 0.162745
0 0.901471 0.685294 0.164706 0.186275
0 0.848529 0.800000 0.158824 0.192157
0 0.954412 0.782353 0.067647 0.168627