0 0.145588 0.240196 0.197059 0.233333
0 0.088235 0.429412 0.082353 0.133333
0 0.157353 0.486275 0.129412 0.133333
0 0.369853 0.191176 0.222059 0.217647
0 0.572794 0.169608 0.169118 0.162745
0 0.357353 0.396078 0.120588 0.133333
0 0.331618 0.538235 0.110294 0.131373
0 0.140441 0.745098 0.157353 0.235294
0 0.299265 0.753922 0.166176 0.198039
0 0.715441 0.153922 0.113235 0.154902
0 0.524265 0.341176 0.119118 0.156863
0 0.816912 0.183333 0.180882 0.221569
0 0.675000 0.293137 0.088235 0.111765
0 0.604412 0.406863 0.126471 0.162745
0 0.459559 0.457843 0.095588 0.103922
0 0.549265 0.534314 0.119118 0.158824
0 0.805882 0.367647 0.129412 0.170588
0 0.719118 0.481373 0.170588 0.237255
0 0.619118 0.667647 0.102941 0.123529
0 0.715441 0.640196 0.086765 0.115686
0 0.456618 0.748039 0.125000 0.252941
0 0.550000 0.714706 0.088235 0.143137
0 0.920588 0.260784 0.147059 0.227451
0 0.923529 0.477451 0.129412 0.186275
0 0.827941 0.605882 0.111765 0.152941
0 0.787500 0.750000 0.142647 0.158824
0 0.949265 0.673529 0.083824 0.162745
0 0.922794 0.796078 0.130882 0.196078