0 0.119853 0.255882 0.145588 0.245098
0 0.316176 0.192157 0.226471 0.219608
0 0.517647 0.171569 0.170588 0.166667
0 0.656618 0.152941 0.113235 0.156863
0 0.762500 0.185294 0.172059 0.217647
0 0.878676 0.265686 0.163235 0.229412
0 0.623529 0.294118 0.082353 0.117647
0 0.469853 0.341176 0.119118 0.156863
0 0.296324 0.392157 0.119118 0.129412
0 0.105882 0.483333 0.114706 0.135294
0 0.280882 0.541176 0.102941 0.137255
0 0.405882 0.458824 0.094118 0.109804
0 0.552206 0.408824 0.125000 0.170588
0 0.669853 0.482353 0.163235 0.239216
0 0.751471 0.368627 0.126471 0.164706
0 0.869118 0.479412 0.126471 0.182353
0 0.962500 0.364706 0.063235 0.164706
0 0.493382 0.531373 0.122059 0.168627
0 0.101471 0.744118 0.108824 0.229412
0 0.241912 0.749020 0.166176 0.192157
0 0.397059 0.750000 0.123529 0.249020
0 0.491912 0.715686 0.089706 0.141176
0 0.566912 0.670588 0.098529 0.125490
0 0.662500 0.637255 0.086765 0.105882
0 0.769853 0.605882 0.113235 0.145098
0 0.735294 0.749020 0.141176 0.156863
0 0.886765 0.794118 0.158824 0.196078
0 0.920588 0.689216 0.135294 0.178431
0 0.962500 0.558824 0.060294 0.180392