0 0.100735 0.308824 0.107353 0.147059
0 0.127206 0.447059 0.136765 0.149020
0 0.133088 0.673529 0.125000 0.135294
0 0.137500 0.797059 0.160294 0.158824
0 0.219853 0.334314 0.110294 0.147059
0 0.389706 0.235294 0.279412 0.247059
0 0.338235 0.409804 0.158824 0.168627
0 0.252206 0.527451 0.110294 0.141176
0 0.295588 0.661765 0.105882 0.131373
0 0.295588 0.834314 0.097059 0.147059
0 0.443382 0.480392 0.095588 0.129412
0 0.425000 0.752941 0.152941 0.227451
0 0.661029 0.191176 0.227941 0.225490
0 0.644853 0.392157 0.119118 0.129412
0 0.616176 0.538235 0.100000 0.127451
0 0.579412 0.752941 0.147059 0.188235
0 0.849265 0.170588 0.160294 0.160784
0 0.789706 0.339216 0.120588 0.156863
0 0.734559 0.457843 0.092647 0.100000
0 0.736029 0.743137 0.145588 0.254902
0 0.875735 0.402941 0.151471 0.166667
0 0.819118 0.529412 0.141176 0.156863
0 0.841912 0.709804 0.080882 0.141176
0 0.882353 0.664706 0.102941 0.121569
0 0.964706 0.163725 0.061765 0.182353
0 0.936765 0.298039 0.085294 0.094118
0 0.944118 0.473529 0.094118 0.237255
0 0.961765 0.634314 0.058824 0.107843