0 0.075000 0.321569 0.061765 0.133333
0 0.176471 0.336275 0.126471 0.147059
0 0.097059 0.463725 0.100000 0.174510
0 0.340441 0.238235 0.277941 0.256863
0 0.294853 0.414706 0.154412 0.166667
0 0.205882 0.533333 0.117647 0.137255
0 0.097794 0.663725 0.101471 0.139216
0 0.100735 0.795098 0.116176 0.150980
0 0.397059 0.481373 0.105882 0.127451
0 0.247794 0.662745 0.110294 0.121569
0 0.247059 0.830392 0.117647 0.147059
0 0.378676 0.749020 0.151471 0.243137
0 0.608088 0.199020 0.219118 0.237255
0 0.593382 0.391176 0.116176 0.131373
0 0.568382 0.537255 0.098529 0.133333
0 0.531618 0.749020 0.151471 0.203922
0 0.802941 0.167647 0.164706 0.158824
0 0.746324 0.340196 0.122059 0.158824
0 0.688235 0.456863 0.088235 0.101961
0 0.696324 0.747059 0.125000 0.239216
0 0.938971 0.164706 0.101471 0.180392
0 0.890441 0.293137 0.077941 0.111765
0 0.827206 0.404902 0.145588 0.166667
0 0.781618 0.528431 0.119118 0.158824
0 0.792647 0.711765 0.085294 0.145098
0 0.841912 0.662745 0.101471 0.125490
0 0.922059 0.474510 0.144118 0.235294
0 0.929412 0.636275 0.082353 0.111765
0 0.961765 0.755882 0.055882 0.135294