0 0.233824 0.235294 0.279412 0.247059
0 0.083088 0.341176 0.072059 0.145098
0 0.185294 0.418627 0.152941 0.158824
0 0.495588 0.188235 0.220588 0.227451
0 0.692647 0.167647 0.167647 0.170588
0 0.835294 0.157843 0.117647 0.182353
0 0.914706 0.188235 0.155882 0.227451
0 0.289706 0.482353 0.108824 0.137255
0 0.093382 0.529412 0.095588 0.129412
0 0.481618 0.393137 0.119118 0.135294
0 0.458088 0.539216 0.098529 0.133333
0 0.580147 0.461765 0.089706 0.100000
0 0.639706 0.342157 0.123529 0.158824
0 0.723529 0.404902 0.141176 0.174510
0 0.785294 0.292157 0.079412 0.105882
0 0.918382 0.361765 0.142647 0.174510
0 0.832353 0.479412 0.173529 0.229412
0 0.123529 0.654902 0.123529 0.141176
0 0.274265 0.756863 0.151471 0.235294
0 0.125735 0.818627 0.119118 0.150980
0 0.419118 0.744118 0.150000 0.205882
0 0.581618 0.744118 0.122059 0.256863
0 0.666176 0.530392 0.129412 0.158824
0 0.676471 0.711765 0.088235 0.145098
0 0.735294 0.664706 0.094118 0.125490
0 0.826471 0.639216 0.082353 0.109804
0 0.931618 0.604902 0.122059 0.147059
0 0.899265 0.750980 0.142647 0.149020