0 0.113235 0.309804 0.120588 0.145098
0 0.245588 0.328431 0.120588 0.150980
0 0.143382 0.448039 0.145588 0.139216
0 0.417647 0.234314 0.305882 0.260784
0 0.355882 0.408824 0.158824 0.166667
0 0.270588 0.530392 0.108824 0.139216
0 0.105147 0.683333 0.116176 0.401961
0 0.161765 0.673529 0.111765 0.135294
0 0.154412 0.799020 0.161765 0.154902
0 0.311765 0.665686 0.108824 0.123529
0 0.461765 0.481373 0.100000 0.123529
0 0.313971 0.830392 0.101471 0.147059
0 0.442647 0.753922 0.150000 0.229412
0 0.674265 0.192157 0.216176 0.239216
0 0.661029 0.392157 0.122059 0.129412
0 0.634559 0.536275 0.101471 0.127451
0 0.600735 0.753922 0.151471 0.186275
0 0.866176 0.167647 0.161765 0.154902
0 0.808088 0.340196 0.122059 0.158824
0 0.750735 0.457843 0.089706 0.100000
0 0.755882 0.744118 0.135294 0.241176
0 0.893382 0.403922 0.148529 0.168627
0 0.839706 0.527451 0.144118 0.160784
0 0.858824 0.712745 0.082353 0.131373
0 0.902206 0.666667 0.101471 0.121569
0 0.951471 0.282353 0.079412 0.117647