0 0.112500 0.240196 0.130882 0.205882
0 0.214706 0.300980 0.123529 0.139216
0 0.241912 0.440196 0.139706 0.127451
0 0.163971 0.683333 0.236765 0.405882
0 0.336765 0.329412 0.114706 0.141176
0 0.494853 0.227451 0.277941 0.266667
0 0.443382 0.407843 0.154412 0.172549
0 0.363235 0.531373 0.102941 0.133333
0 0.267647 0.678431 0.108824 0.125490
0 0.262500 0.801961 0.157353 0.149020
0 0.402941 0.661765 0.100000 0.127451
0 0.403676 0.833333 0.098529 0.145098
0 0.554412 0.480392 0.102941 0.137255
0 0.531618 0.753922 0.151471 0.233333
0 0.765441 0.185294 0.222059 0.221569
0 0.752206 0.393137 0.136765 0.127451
0 0.722059 0.535294 0.108824 0.129412
0 0.693382 0.750980 0.157353 0.188235
0 0.935294 0.166667 0.117647 0.160784
0 0.894853 0.339216 0.119118 0.152941
0 0.843382 0.456863 0.089706 0.105882
0 0.848529 0.744118 0.158824 0.252941
0 0.948529 0.397059 0.085294 0.166667
0 0.921324 0.529412 0.139706 0.156863
0 0.950000 0.706863 0.076471 0.147059