0 0.131618 0.229412 0.163235 0.211765
0 0.250000 0.296078 0.105882 0.137255
0 0.105882 0.507843 0.082353 0.086275
0 0.191176 0.684314 0.264706 0.415686
0 0.537500 0.241176 0.289706 0.247059
0 0.371324 0.328431 0.113235 0.143137
0 0.278676 0.443137 0.133824 0.137255
0 0.306618 0.677451 0.095588 0.123529
0 0.302941 0.801961 0.138235 0.152941
0 0.478676 0.408824 0.154412 0.166667
0 0.397059 0.527451 0.102941 0.129412
0 0.440441 0.662745 0.098529 0.129412
0 0.441912 0.843137 0.095588 0.125490
0 0.591912 0.480392 0.101471 0.129412
0 0.566912 0.751961 0.145588 0.225490
0 0.802941 0.183333 0.229412 0.221569
0 0.790441 0.392157 0.122059 0.129412
0 0.757353 0.537255 0.120588 0.125490
0 0.727206 0.755882 0.163235 0.186275
0 0.952941 0.165686 0.079412 0.150980
0 0.930147 0.340196 0.119118 0.158824
0 0.875000 0.457843 0.097059 0.096078
0 0.885294 0.745098 0.158824 0.247059
0 0.938971 0.533333 0.098529 0.164706