0 0.132353 0.309804 0.123529 0.141176
0 0.162500 0.445098 0.142647 0.137255
0 0.118382 0.683333 0.145588 0.405882
0 0.431618 0.235294 0.286765 0.258824
0 0.263235 0.327451 0.111765 0.137255
0 0.375000 0.408824 0.155882 0.166667
0 0.290441 0.527451 0.107353 0.133333
0 0.180882 0.670588 0.120588 0.133333
0 0.175000 0.797059 0.164706 0.158824
0 0.330882 0.663725 0.105882 0.131373
0 0.333824 0.834314 0.102941 0.150980
0 0.480882 0.483333 0.100000 0.131373
0 0.459559 0.752941 0.151471 0.227451
0 0.696324 0.184314 0.219118 0.250980
0 0.678676 0.393137 0.127941 0.123529
0 0.652941 0.537255 0.097059 0.129412
0 0.618382 0.752941 0.151471 0.188235
0 0.886029 0.167647 0.160294 0.158824
0 0.823529 0.338235 0.120588 0.158824
0 0.770588 0.457843 0.094118 0.103922
0 0.771324 0.740196 0.145588 0.252941
0 0.911765 0.401961 0.152941 0.168627
0 0.855147 0.526471 0.142647 0.158824
0 0.878676 0.706863 0.086765 0.139216
0 0.919853 0.662745 0.098529 0.121569