0 0.213235 0.223529 0.197059 0.219608
0 0.083088 0.219608 0.072059 0.180392
0 0.094118 0.442157 0.091176 0.201961
0 0.634559 0.235294 0.272059 0.254902
0 0.361765 0.290196 0.108824 0.133333
0 0.886765 0.196078 0.208824 0.243137
0 0.473529 0.325490 0.108824 0.137255
0 0.219118 0.510784 0.079412 0.084314
0 0.103676 0.688235 0.113235 0.278431
0 0.384559 0.435294 0.122059 0.113725
0 0.296324 0.688235 0.277941 0.415686
0 0.497059 0.529412 0.100000 0.125490
0 0.419853 0.680392 0.089706 0.129412
0 0.416176 0.816667 0.138235 0.147059
0 0.544118 0.664706 0.100000 0.129412
0 0.572059 0.407843 0.155882 0.164706
0 0.696324 0.472549 0.101471 0.133333
0 0.544853 0.833333 0.095588 0.137255
0 0.666912 0.754902 0.145588 0.223529
0 0.886029 0.394118 0.148529 0.129412
0 0.858088 0.536275 0.125000 0.131373
0 0.836029 0.748039 0.166176 0.194118
0 0.961029 0.454902 0.063235 0.090196
0 0.946324 0.743137 0.092647 0.247059