0 0.113235 0.223529 0.126471 0.203922
0 0.280882 0.216667 0.202941 0.205882
0 0.127941 0.439216 0.161765 0.196078
0 0.141912 0.687255 0.166176 0.288235
0 0.064706 0.715686 0.038235 0.156863
0 0.279412 0.512745 0.073529 0.096078
0 0.418382 0.292157 0.101471 0.141176
0 0.438235 0.430392 0.123529 0.111765
0 0.360294 0.690196 0.279412 0.415686
0 0.526471 0.328431 0.108824 0.143137
0 0.623529 0.408824 0.155882 0.166667
0 0.550735 0.531373 0.098529 0.133333
0 0.478676 0.680392 0.086765 0.121569
0 0.480147 0.814706 0.133824 0.147059
0 0.600735 0.662745 0.098529 0.125490
0 0.745588 0.479412 0.114706 0.135294
0 0.600000 0.831373 0.094118 0.141176
0 0.718382 0.752941 0.148529 0.227451
0 0.680147 0.230392 0.277941 0.268627
0 0.911765 0.197059 0.161765 0.245098
0 0.927206 0.388235 0.125000 0.125490
0 0.911029 0.540196 0.127941 0.131373
0 0.886765 0.748039 0.179412 0.201961