0 0.341176 0.200000 0.141176 0.188235
0 0.510294 0.210784 0.185294 0.198039
0 0.331618 0.427451 0.230882 0.203922
0 0.646324 0.287255 0.107353 0.143137
0 0.502941 0.515686 0.076471 0.082353
0 0.369853 0.680392 0.160294 0.294118
0 0.287500 0.710784 0.066176 0.154902
0 0.876471 0.220588 0.226471 0.241176
0 0.752941 0.328431 0.105882 0.143137
0 0.672794 0.428431 0.119118 0.123529
0 0.841912 0.401961 0.154412 0.176471
0 0.586765 0.685294 0.291176 0.413725
0 0.772794 0.529412 0.101471 0.133333
0 0.720588 0.676471 0.076471 0.121569
0 0.719118 0.811765 0.120588 0.141176
0 0.946324 0.481373 0.083824 0.127451
0 0.828676 0.659804 0.110294 0.135294
0 0.835294 0.830392 0.094118 0.139216
0 0.925735 0.757843 0.122059 0.217647