0 0.377941 0.200000 0.144118 0.188235
0 0.548529 0.210784 0.188235 0.205882
0 0.365441 0.428431 0.230882 0.205882
0 0.677941 0.294118 0.108824 0.160784
0 0.891176 0.220588 0.197059 0.229412
0 0.786765 0.327451 0.102941 0.145098
0 0.539706 0.511765 0.070588 0.090196
0 0.320588 0.713725 0.064706 0.160784
0 0.405147 0.682353 0.160294 0.305882
0 0.624265 0.686275 0.289706 0.415686
0 0.705882 0.433333 0.117647 0.113725
0 0.872794 0.405882 0.157353 0.164706
0 0.812500 0.529412 0.089706 0.133333
0 0.755147 0.678431 0.077941 0.125490
0 0.755147 0.810784 0.127941 0.139216
0 0.862500 0.657843 0.110294 0.131373
0 0.963971 0.481373 0.054412 0.127451
0 0.942647 0.752941 0.097059 0.211765
0 0.869853 0.827451 0.098529 0.141176