0 0.271324 0.201961 0.139706 0.196078
0 0.434559 0.211765 0.186765 0.196078
0 0.248529 0.428431 0.226471 0.205882
0 0.572794 0.286275 0.104412 0.141176
0 0.299265 0.686275 0.151471 0.298039
0 0.217647 0.713725 0.070588 0.160784
0 0.433088 0.514706 0.072059 0.080392
0 0.513235 0.686275 0.288235 0.407843
0 0.599265 0.435294 0.119118 0.121569
0 0.680882 0.325490 0.108824 0.141176
0 0.834559 0.232353 0.283824 0.260784
0 0.770588 0.407843 0.155882 0.160784
0 0.704412 0.529412 0.091176 0.129412
0 0.900000 0.471569 0.129412 0.147059
0 0.642647 0.676471 0.073529 0.125490
0 0.642647 0.812745 0.126471 0.143137
0 0.754412 0.658824 0.108824 0.125490
0 0.761029 0.826471 0.098529 0.150980
0 0.869853 0.755882 0.151471 0.217647
0 0.969853 0.747059 0.045588 0.164706