0 0.388971 0.197059 0.151471 0.194118
0 0.558824 0.208824 0.191176 0.205882
0 0.382353 0.426471 0.223529 0.205882
0 0.691912 0.286275 0.110294 0.141176
0 0.551471 0.512745 0.070588 0.080392
0 0.411765 0.680392 0.152941 0.294118
0 0.333088 0.713725 0.075000 0.160784
0 0.897794 0.214706 0.189706 0.221569
0 0.800000 0.324510 0.102941 0.150980
0 0.717647 0.426471 0.132353 0.107843
0 0.641912 0.687255 0.298529 0.409804
0 0.886029 0.406863 0.157353 0.162745
0 0.815441 0.526471 0.104412 0.135294
0 0.767647 0.678431 0.070588 0.125490
0 0.772794 0.808824 0.113235 0.135294
0 0.872059 0.658824 0.114706 0.129412
0 0.881618 0.833333 0.101471 0.141176
0 0.950000 0.753922 0.082353 0.213725
0 0.968382 0.481373 0.042647 0.123529