0 0.457353 0.199020 0.155882 0.190196
0 0.633824 0.208824 0.188235 0.198039
0 0.927206 0.219608 0.125000 0.196078
0 0.758824 0.289216 0.117647 0.150980
0 0.458088 0.427451 0.225000 0.203922
0 0.485294 0.682353 0.161765 0.298039
0 0.402941 0.714706 0.073529 0.170588
0 0.624265 0.513725 0.080882 0.094118
0 0.794118 0.425490 0.120588 0.113725
0 0.873529 0.324510 0.111765 0.139216
0 0.712500 0.689216 0.307353 0.413725
0 0.932353 0.408824 0.114706 0.147059
0 0.891912 0.529412 0.092647 0.129412
0 0.841912 0.677451 0.069118 0.123529
0 0.935294 0.660784 0.108824 0.129412
0 0.842647 0.808824 0.114706 0.147059
0 0.944118 0.830392 0.088235 0.147059