0 0.061579 0.240786 0.123157 0.191646
0 0.219902 0.262285 0.199017 0.278870
0 0.374232 0.335381 0.137285 0.228501
0 0.454853 0.230958 0.130835 0.206388
0 0.596744 0.196560 0.158477 0.223587
0 0.666308 0.321253 0.124386 0.175676
0 0.822021 0.351351 0.146499 0.186732
0 0.895270 0.173833 0.199017 0.237101
0 0.290387 0.460074 0.118857 0.141278
0 0.483415 0.477887 0.082924 0.110565
0 0.656173 0.598894 0.133600 0.175676
0 0.882371 0.646806 0.162162 0.207617
0 0.846898 0.851351 0.105958 0.108108
0 0.398649 0.601351 0.092138 0.116708
0 0.516585 0.716216 0.090295 0.135135
0 0.607340 0.765356 0.096744 0.125307
0 0.287623 0.800369 0.227580 0.232187
0 0.090448 0.791769 0.161241 0.183047
0 0.039005 0.560197 0.078010 0.159705