0 0.038084 0.249386 0.076167 0.179361
0 0.174754 0.274570 0.193489 0.269042
0 0.332310 0.331081 0.151106 0.224816
0 0.414773 0.234029 0.139128 0.192875
0 0.558047 0.192260 0.162162 0.227273
0 0.623925 0.315725 0.129914 0.174447
0 0.854269 0.176290 0.212838 0.246929
0 0.789312 0.350737 0.132678 0.173219
0 0.848280 0.648649 0.154791 0.201474
0 0.815571 0.852580 0.096744 0.105651
0 0.445639 0.477273 0.088452 0.109337
0 0.616093 0.598894 0.136364 0.175676
0 0.361333 0.600737 0.091216 0.113022
0 0.474201 0.711916 0.097666 0.136364
0 0.570946 0.764742 0.095823 0.126536
0 0.249386 0.802826 0.237715 0.205160
0 0.065725 0.789926 0.131450 0.169533
0 0.250768 0.460688 0.137285 0.157248