0 0.184429 0.223587 0.115172 0.213759
0 0.322635 0.254914 0.181511 0.404177
0 0.473741 0.210688 0.126229 0.175676
0 0.620240 0.260442 0.188882 0.280098
0 0.755221 0.326781 0.130835 0.228501
0 0.852426 0.234029 0.163084 0.202703
0 0.961149 0.214373 0.076474 0.229730
0 0.687500 0.458231 0.124386 0.149877
0 0.858876 0.477273 0.089373 0.121622
0 0.785627 0.595823 0.095823 0.117936
0 0.904484 0.708845 0.123464 0.147420
0 0.966677 0.760442 0.065418 0.125307
0 0.705928 0.796069 0.225737 0.211302
0 0.503686 0.798526 0.182432 0.189189
0 0.430897 0.566339 0.125307 0.167076
0 0.263206 0.648649 0.211916 0.331695
0 0.091063 0.643735 0.182125 0.238329