0 0.116708 0.644349 0.230344 0.246929
0 0.237869 0.214373 0.104115 0.207617
0 0.366861 0.257985 0.192568 0.390663
0 0.521192 0.207617 0.130835 0.169533
0 0.671376 0.259214 0.176904 0.253071
0 0.798986 0.324324 0.133600 0.228501
0 0.897113 0.231572 0.167690 0.200246
0 0.738176 0.456388 0.124386 0.151106
0 0.905405 0.476044 0.095823 0.111794
0 0.324478 0.649263 0.187039 0.345209
0 0.478808 0.563882 0.127150 0.164619
0 0.552058 0.795455 0.179668 0.180590
0 0.753378 0.792383 0.234029 0.206388
0 0.944564 0.702088 0.109644 0.141278
0 0.830313 0.595209 0.091216 0.114251