0 0.580160 0.164619 0.224816 0.262899
0 0.513360 0.356880 0.140971 0.163391
0 0.582463 0.651720 0.172297 0.212531
0 0.541923 0.856265 0.098587 0.110565
0 0.337838 0.604423 0.136364 0.181818
0 0.336456 0.320639 0.129914 0.176904
0 0.275184 0.202703 0.165848 0.230958
0 0.121775 0.243857 0.161241 0.207617
0 0.060657 0.354423 0.121314 0.214988
0 0.175215 0.486486 0.093059 0.117936
0 0.069257 0.598280 0.100430 0.120393
0 0.200092 0.715602 0.117015 0.141278
0 0.301904 0.769656 0.097666 0.128993
0 0.031634 0.782555 0.063268 0.221130