0 0.166462 0.222973 0.114251 0.207617
0 0.312039 0.262899 0.182432 0.398034
0 0.454853 0.211302 0.127150 0.186732
0 0.603194 0.261671 0.182432 0.270270
0 0.738176 0.326781 0.131757 0.221130
0 0.834459 0.231572 0.160319 0.205160
0 0.950860 0.214373 0.098280 0.249386
0 0.668151 0.455160 0.124386 0.151106
0 0.842291 0.475430 0.089373 0.117936
0 0.765817 0.597052 0.094902 0.113022
0 0.409705 0.564496 0.128993 0.165848
0 0.246161 0.651106 0.205467 0.334152
0 0.486179 0.798526 0.182432 0.186732
0 0.687500 0.796069 0.225737 0.203931
0 0.888360 0.704545 0.105958 0.138821
0 0.959306 0.761671 0.078317 0.122850
0 0.080006 0.644349 0.160012 0.239558