0 0.646959 0.165233 0.220209 0.264128
0 0.580620 0.353194 0.128071 0.168305
0 0.644656 0.649877 0.169533 0.206388
0 0.605498 0.853194 0.094902 0.101966
0 0.403256 0.604423 0.127150 0.167076
0 0.404638 0.316953 0.126229 0.169533
0 0.344748 0.198403 0.159398 0.222359
0 0.194103 0.233415 0.143735 0.206388
0 0.116708 0.343980 0.151106 0.218673
0 0.245240 0.482187 0.089373 0.119165
0 0.268274 0.716830 0.113329 0.146192
0 0.367783 0.769042 0.096744 0.127764
0 0.146192 0.600123 0.097666 0.126536
0 0.047297 0.463759 0.094594 0.148649
0 0.072635 0.786241 0.145270 0.226044