0 0.941646 0.172604 0.116708 0.239558
0 0.923372 0.355037 0.148342 0.171990
0 0.762592 0.320025 0.147420 0.178133
0 0.701781 0.201474 0.160319 0.223587
0 0.563114 0.236486 0.135442 0.200246
0 0.477426 0.332310 0.135442 0.227273
0 0.392199 0.458845 0.116093 0.148649
0 0.582463 0.477887 0.089373 0.108108
0 0.754760 0.598894 0.144656 0.175676
0 0.950860 0.649877 0.098280 0.211302
0 0.941339 0.848280 0.112408 0.109337
0 0.708231 0.762285 0.093980 0.121622
0 0.618397 0.709459 0.104115 0.141278
0 0.501843 0.599509 0.086609 0.120393
0 0.398649 0.805283 0.228501 0.217445
0 0.199171 0.800369 0.168612 0.180590
0 0.114404 0.569410 0.157555 0.168305
0 0.164158 0.222359 0.139128 0.186732
0 0.331388 0.264128 0.187961 0.270270
0 0.050061 0.307740 0.100122 0.323096