0 0.129146 0.231572 0.120700 0.207617
0 0.268274 0.262285 0.188882 0.386978
0 0.413391 0.207617 0.123464 0.169533
0 0.566800 0.256757 0.187039 0.275184
0 0.701321 0.325553 0.133600 0.223587
0 0.797144 0.230344 0.157555 0.195332
0 0.932586 0.204545 0.131757 0.239558
0 0.958385 0.329238 0.080160 0.162162
0 0.808200 0.477273 0.085688 0.116708
0 0.631296 0.457002 0.122543 0.149877
0 0.730805 0.598280 0.089373 0.113022
0 0.850123 0.705160 0.106880 0.149877
0 0.948710 0.593366 0.101351 0.181818
0 0.930743 0.760442 0.098587 0.130221
0 0.369165 0.564496 0.127150 0.168305
0 0.448403 0.796683 0.175061 0.178133
0 0.646959 0.795455 0.223894 0.205160
0 0.207463 0.644963 0.201781 0.336609
0 0.059275 0.654177 0.118550 0.219902