0 0.178440 0.646806 0.232187 0.251843
0 0.292690 0.213145 0.106880 0.200246
0 0.422604 0.262285 0.189803 0.404177
0 0.578317 0.214373 0.127150 0.192875
0 0.724816 0.268428 0.180590 0.266585
0 0.847359 0.325553 0.141892 0.228501
0 0.933047 0.236486 0.130835 0.200246
0 0.790694 0.455160 0.129914 0.156020
0 0.951935 0.478501 0.093059 0.106880
0 0.883753 0.592752 0.093059 0.121622
0 0.534552 0.563882 0.131757 0.164619
0 0.363636 0.650491 0.219287 0.342752
0 0.607340 0.796069 0.183354 0.186732
0 0.812346 0.794840 0.235872 0.208845
0 0.969287 0.702088 0.061425 0.133907
0 0.047604 0.340295 0.093980 0.208845