0 0.723894 0.168305 0.221130 0.262899
0 0.653409 0.356265 0.140971 0.169533
0 0.484337 0.320025 0.128993 0.173219
0 0.420301 0.199017 0.168612 0.226044
0 0.276106 0.233415 0.147420 0.208845
0 0.200092 0.337838 0.150184 0.216216
0 0.321253 0.480958 0.090295 0.114251
0 0.480190 0.605651 0.129914 0.174447
0 0.718366 0.646192 0.162162 0.211302
0 0.678286 0.852580 0.104115 0.115479
0 0.443335 0.769042 0.096744 0.127764
0 0.343827 0.713145 0.111486 0.146192
0 0.229576 0.600123 0.093059 0.111794
0 0.102887 0.463759 0.147420 0.153563
0 0.066186 0.272113 0.132371 0.281327
0 0.113176 0.792383 0.226351 0.221130