0 0.185350 0.217445 0.140971 0.179361
0 0.340141 0.270270 0.207310 0.262899
0 0.494472 0.329238 0.138206 0.228501
0 0.579238 0.234644 0.138206 0.199017
0 0.722052 0.199631 0.162162 0.229730
0 0.781941 0.321867 0.143735 0.186732
0 0.933354 0.349509 0.133292 0.173219
0 0.775031 0.601351 0.142813 0.175676
0 0.599509 0.474816 0.084767 0.114251
0 0.517967 0.598280 0.091216 0.117936
0 0.411087 0.460688 0.118857 0.149877
0 0.139742 0.567568 0.151106 0.167076
0 0.062961 0.294226 0.125921 0.350123
0 0.029791 0.635749 0.059582 0.283784
0 0.219441 0.799754 0.172297 0.181818
0 0.421222 0.802211 0.222052 0.211302
0 0.637746 0.711916 0.102273 0.148649
0 0.726658 0.763514 0.095823 0.126536
0 0.952242 0.848280 0.095516 0.106880
0 0.955928 0.656020 0.088144 0.221130
0 0.952242 0.171990 0.095516 0.238329