0 0.683354 0.649263 0.169533 0.205160
0 0.683814 0.168919 0.218366 0.264128
0 0.617475 0.355037 0.133600 0.171990
0 0.446560 0.316953 0.132678 0.169533
0 0.381603 0.200860 0.166769 0.224816
0 0.237869 0.234029 0.152027 0.202703
0 0.160934 0.339066 0.152948 0.211302
0 0.282095 0.483415 0.089373 0.114251
0 0.444717 0.603808 0.132678 0.175676
0 0.406020 0.770270 0.095823 0.125307
0 0.306511 0.714373 0.110565 0.153563
0 0.187193 0.599509 0.093059 0.113022
0 0.644656 0.855037 0.097666 0.110565
0 0.094748 0.791155 0.189496 0.221130
0 0.066646 0.466830 0.133292 0.162162
0 0.038544 0.257371 0.077088 0.222359