0 0.033477 0.246929 0.066953 0.206388
0 0.153563 0.263514 0.193489 0.394349
0 0.304208 0.210688 0.129914 0.183047
0 0.468673 0.267199 0.184275 0.246929
0 0.604115 0.328624 0.127150 0.222359
0 0.694410 0.235258 0.141892 0.202703
0 0.838145 0.199631 0.156634 0.229730
0 0.896652 0.321867 0.153870 0.184275
0 0.707770 0.478501 0.080160 0.106880
0 0.884214 0.596437 0.147420 0.173219
0 0.751075 0.708231 0.109644 0.141278
0 0.832617 0.762285 0.093980 0.124079
0 0.628993 0.597052 0.090295 0.117936
0 0.527181 0.457617 0.111486 0.146192
0 0.263667 0.570639 0.133600 0.175676
0 0.095977 0.648034 0.187039 0.340295
0 0.340141 0.801597 0.177826 0.178133
0 0.541462 0.797297 0.222973 0.221130