0 0.140663 0.330467 0.210074 0.216216
0 0.423986 0.211916 0.117015 0.202703
0 0.548372 0.260442 0.187039 0.395577
0 0.713299 0.212531 0.128071 0.196560
0 0.848741 0.260442 0.183354 0.270270
0 0.952242 0.318796 0.095516 0.212531
0 0.668612 0.561425 0.130835 0.171990
0 0.918305 0.455774 0.138206 0.152334
0 0.510135 0.645577 0.195332 0.342752
0 0.321714 0.646192 0.214681 0.253071
0 0.980344 0.587838 0.039312 0.131450
0 0.737254 0.792383 0.192568 0.184275
0 0.917383 0.791769 0.158477 0.212531
0 0.038544 0.779484 0.077088 0.227273