0 0.119932 0.339066 0.209152 0.221130
0 0.405559 0.213145 0.115172 0.205160
0 0.532248 0.258600 0.180590 0.396806
0 0.694871 0.210688 0.126229 0.187961
0 0.830313 0.259214 0.181511 0.265356
0 0.947635 0.317568 0.104730 0.207617
0 0.900799 0.453931 0.138206 0.151106
0 0.649263 0.561425 0.132678 0.167076
0 0.488943 0.647420 0.200860 0.346437
0 0.302365 0.644349 0.218366 0.256757
0 0.720670 0.794226 0.181511 0.185504
0 0.900184 0.791155 0.199631 0.213759
0 0.024263 0.781327 0.048526 0.213759
0 0.970209 0.595209 0.059582 0.114251