0 0.052672 0.343366 0.104115 0.207617
0 0.303286 0.214373 0.109644 0.202703
0 0.431818 0.259214 0.182432 0.393120
0 0.587070 0.210074 0.129914 0.189189
0 0.730805 0.268428 0.183354 0.256757
0 0.860719 0.323710 0.133600 0.219902
0 0.938421 0.233415 0.123157 0.203931
0 0.797144 0.455160 0.133600 0.156020
0 0.957770 0.476658 0.084459 0.108108
0 0.545147 0.565725 0.132678 0.165848
0 0.374693 0.649877 0.217445 0.343980
0 0.187654 0.646192 0.228501 0.253071
0 0.619779 0.792383 0.184275 0.189189
0 0.821560 0.793612 0.234029 0.213759
0 0.893888 0.596437 0.093059 0.116708