0 0.044072 0.241400 0.088144 0.197789
0 0.174294 0.264128 0.183354 0.395577
0 0.327703 0.208231 0.127150 0.170762
0 0.484337 0.264742 0.186118 0.254300
0 0.617475 0.329238 0.140971 0.223587
0 0.712838 0.234029 0.145577 0.200246
0 0.858876 0.204545 0.152027 0.239558
0 0.913698 0.321253 0.158477 0.183047
0 0.546990 0.456388 0.117936 0.151106
0 0.280252 0.569410 0.131757 0.168305
0 0.649724 0.597052 0.087531 0.115479
0 0.727580 0.475430 0.084767 0.105651
0 0.899877 0.597666 0.154791 0.180590
0 0.767199 0.705774 0.110565 0.143735
0 0.851966 0.762285 0.097666 0.121622
0 0.558507 0.793612 0.223894 0.213759
0 0.357647 0.800369 0.172297 0.180590
0 0.113483 0.648034 0.190725 0.342752