0 0.103501 0.276413 0.207002 0.294840
0 0.271499 0.332310 0.149263 0.214988
0 0.343366 0.234029 0.138206 0.200246
0 0.489404 0.198403 0.159398 0.224816
0 0.553900 0.319410 0.131757 0.179361
0 0.722052 0.356265 0.138206 0.174447
0 0.787930 0.165848 0.218366 0.262899
0 0.781020 0.647420 0.167690 0.208845
0 0.744165 0.851351 0.103194 0.110565
0 0.548833 0.601966 0.127150 0.171990
0 0.382985 0.479115 0.086609 0.105651
0 0.298219 0.602580 0.090295 0.116708
0 0.407862 0.714373 0.103194 0.146192
0 0.508292 0.766585 0.097666 0.127764
0 0.177058 0.463759 0.139128 0.156020
0 0.171990 0.799140 0.252457 0.219902
0 0.022420 0.786855 0.044840 0.175676