0 0.078624 0.278256 0.157248 0.305897
0 0.133292 0.463145 0.141892 0.154791
0 0.233262 0.336609 0.150184 0.218673
0 0.305590 0.233415 0.143735 0.201474
0 0.451167 0.199017 0.164005 0.228501
0 0.515663 0.319410 0.128993 0.181818
0 0.681050 0.358108 0.142813 0.180590
0 0.750154 0.171376 0.220209 0.264128
0 0.743704 0.648649 0.166769 0.208845
0 0.511057 0.606265 0.127150 0.175676
0 0.349355 0.480344 0.083845 0.110565
0 0.261824 0.603194 0.098587 0.120393
0 0.370086 0.713145 0.103194 0.143735
0 0.469134 0.767813 0.094902 0.130221
0 0.706388 0.852580 0.103194 0.113022
0 0.132064 0.794840 0.264128 0.223587