0 0.703624 0.168305 0.226658 0.265356
0 0.397267 0.198403 0.175983 0.227273
0 0.467752 0.316339 0.134521 0.178133
0 0.637746 0.350123 0.140971 0.169533
0 0.702703 0.648034 0.176904 0.212531
0 0.661701 0.851966 0.104115 0.116708
0 0.464066 0.601966 0.134521 0.181818
0 0.424447 0.768428 0.097666 0.131450
0 0.325860 0.711916 0.114251 0.143735
0 0.209306 0.600737 0.093059 0.122850
0 0.303286 0.480344 0.089373 0.113022
0 0.256757 0.234029 0.152948 0.207617
0 0.180743 0.340909 0.153870 0.222359
0 0.079392 0.468059 0.150184 0.159705
0 0.103962 0.792383 0.207924 0.226044
0 0.055897 0.262899 0.110565 0.260442