0 0.054975 0.238943 0.108722 0.207617
0 0.200092 0.264742 0.192568 0.391892
0 0.347512 0.211916 0.120700 0.183047
0 0.502764 0.267813 0.187961 0.243243
0 0.640049 0.328010 0.127150 0.223587
0 0.731265 0.233415 0.152948 0.203931
0 0.876843 0.201474 0.152948 0.223587
0 0.924294 0.321253 0.146499 0.185504
0 0.744165 0.478501 0.082924 0.109337
0 0.567721 0.461302 0.118857 0.160934
0 0.300983 0.571253 0.132678 0.176904
0 0.130528 0.647420 0.197174 0.336609
0 0.377918 0.799140 0.177826 0.180590
0 0.579238 0.799754 0.222973 0.213759
0 0.787009 0.706388 0.111486 0.144963
0 0.869472 0.762899 0.099509 0.125307
0 0.919226 0.599509 0.156634 0.176904
0 0.667230 0.597666 0.089373 0.121622