0 0.100123 0.232801 0.152948 0.195332
0 0.271038 0.263514 0.192568 0.288698
0 0.422604 0.328010 0.134521 0.228501
0 0.503686 0.234029 0.136364 0.195332
0 0.646959 0.200246 0.153870 0.226044
0 0.711456 0.318182 0.129914 0.181818
0 0.876382 0.353808 0.133600 0.186732
0 0.919072 0.167690 0.161855 0.234644
0 0.531787 0.480344 0.083845 0.103194
0 0.063421 0.568796 0.126842 0.176904
0 0.336456 0.460074 0.124386 0.141278
0 0.448864 0.598280 0.089373 0.113022
0 0.702703 0.601351 0.138206 0.173219
0 0.923372 0.648649 0.150184 0.206388
0 0.892967 0.849509 0.105958 0.109337
0 0.563575 0.709459 0.093980 0.146192
0 0.655713 0.764128 0.095823 0.120393
0 0.340602 0.802826 0.230344 0.205160
0 0.143428 0.799754 0.165848 0.181818