0 0.125000 0.169611 0.108657 0.109541
0 0.257509 0.183746 0.103357 0.134276
0 0.372792 0.153710 0.103357 0.151943
0 0.560954 0.167845 0.185512 0.208481
0 0.079947 0.347173 0.066254 0.157244
0 0.187279 0.387809 0.148410 0.157244
0 0.454284 0.342756 0.123233 0.159011
0 0.721952 0.332155 0.139134 0.176678
0 0.090548 0.605124 0.082155 0.121908
0 0.314488 0.535336 0.108657 0.144876
0 0.426458 0.579505 0.117933 0.148410
0 0.628534 0.601590 0.135159 0.178445
0 0.077959 0.789753 0.059629 0.144876
0 0.172041 0.757951 0.149735 0.180212
0 0.319125 0.759717 0.115283 0.162544
0 0.460247 0.819788 0.132509 0.176678