0 0.180654 0.159011 0.100707 0.113074
0 0.311837 0.180212 0.100707 0.127208
0 0.427120 0.152827 0.103357 0.146643
0 0.616608 0.169611 0.185512 0.204947
0 0.109761 0.344523 0.120583 0.155477
0 0.246246 0.388693 0.144435 0.151943
0 0.506625 0.340989 0.124558 0.169611
0 0.771643 0.331272 0.145760 0.174912
0 0.127650 0.607774 0.124558 0.130742
0 0.370141 0.536219 0.106007 0.139576
0 0.485424 0.577739 0.119258 0.151943
0 0.683525 0.602473 0.131184 0.166078
0 0.121025 0.794170 0.090106 0.146643
0 0.236307 0.757951 0.140459 0.180212
0 0.375442 0.760601 0.111307 0.157244
0 0.513913 0.817138 0.133834 0.174912