0 0.124337 0.354240 0.152385 0.227915
0 0.266122 0.296820 0.155035 0.190813
0 0.458922 0.145760 0.100707 0.125442
0 0.406581 0.325972 0.112633 0.150177
0 0.575530 0.177562 0.098057 0.125442
0 0.702076 0.151060 0.115283 0.153710
0 0.884276 0.172261 0.198763 0.203180
0 0.521864 0.383392 0.120583 0.151943
0 0.772968 0.338339 0.121908 0.160777
0 0.232332 0.642226 0.249117 0.326855
0 0.415857 0.608657 0.104682 0.139576
0 0.649072 0.533569 0.112633 0.141343
0 0.758392 0.571555 0.132509 0.150177
0 0.929991 0.596290 0.117933 0.181979
0 0.412544 0.798587 0.090106 0.148410
0 0.515901 0.759717 0.127208 0.183746
0 0.659011 0.759717 0.111307 0.151943
0 0.790857 0.806537 0.147085 0.189046