0 0.109761 0.315371 0.131184 0.185512
0 0.302562 0.145760 0.103357 0.128975
0 0.425133 0.181095 0.096731 0.125442
0 0.549028 0.151943 0.100707 0.151943
0 0.733216 0.168728 0.190813 0.203180
0 0.244258 0.334806 0.113958 0.153710
0 0.362191 0.390459 0.124558 0.151943
0 0.619920 0.340989 0.123233 0.159011
0 0.890239 0.329505 0.155035 0.181979
0 0.114399 0.659011 0.135159 0.286219
0 0.259496 0.609541 0.109982 0.130742
0 0.493375 0.537102 0.106007 0.137809
0 0.606670 0.576855 0.117933 0.157244
0 0.801458 0.599823 0.152385 0.178445
0 0.253534 0.806537 0.092756 0.146643
0 0.358216 0.761484 0.129859 0.173145
0 0.497350 0.763251 0.108657 0.148410
0 0.637147 0.818021 0.131184 0.173145