0 0.121687 0.314488 0.147085 0.183746
0 0.322438 0.148410 0.100707 0.123675
0 0.442359 0.179329 0.096731 0.128975
0 0.566254 0.151943 0.103357 0.144876
0 0.751104 0.169611 0.194788 0.204947
0 0.265459 0.333922 0.119258 0.151943
0 0.381405 0.384276 0.128534 0.150177
0 0.640459 0.339223 0.121908 0.162544
0 0.906140 0.324205 0.152385 0.178445
0 0.123012 0.639576 0.155035 0.325088
0 0.281360 0.611307 0.113958 0.137809
0 0.510601 0.533569 0.108657 0.141343
0 0.623233 0.575972 0.121908 0.155477
0 0.819346 0.597173 0.151060 0.190813
0 0.380080 0.761484 0.133834 0.173145
0 0.272085 0.806537 0.087456 0.139576
0 0.515239 0.763251 0.102032 0.155477
0 0.656360 0.810071 0.132509 0.185512