0 0.897527 0.170495 0.190813 0.203180
0 0.719965 0.152827 0.113958 0.150177
0 0.591431 0.175795 0.098057 0.125442
0 0.476148 0.144876 0.100707 0.120141
0 0.134276 0.344523 0.174912 0.247350
0 0.284673 0.298587 0.160336 0.187279
0 0.424470 0.325972 0.113958 0.143110
0 0.543728 0.383392 0.121908 0.148410
0 0.788869 0.338339 0.121908 0.160777
0 0.252871 0.643110 0.250442 0.318021
0 0.433746 0.608657 0.103357 0.136042
0 0.667624 0.534452 0.112633 0.143110
0 0.777606 0.573322 0.133834 0.160777
0 0.939929 0.598057 0.100707 0.181979
0 0.430433 0.801237 0.091431 0.139576
0 0.535115 0.752650 0.128534 0.183746
0 0.676899 0.762367 0.112633 0.146643
0 0.808746 0.807420 0.145760 0.187279