0 0.114399 0.359541 0.135159 0.220848
0 0.246246 0.302120 0.157686 0.183746
0 0.439708 0.141343 0.099382 0.120141
0 0.556316 0.176678 0.099382 0.123675
0 0.684187 0.152827 0.111307 0.146643
0 0.864399 0.169611 0.201413 0.204947
0 0.387367 0.326855 0.113958 0.144876
0 0.503975 0.385159 0.127208 0.151943
0 0.754417 0.340989 0.124558 0.166078
0 0.208481 0.639576 0.249117 0.325088
0 0.397306 0.611307 0.102032 0.127208
0 0.628534 0.534452 0.113958 0.143110
0 0.740504 0.572438 0.133834 0.159011
0 0.924691 0.596290 0.136484 0.181979
0 0.639797 0.761484 0.109982 0.151943
0 0.499337 0.756184 0.125883 0.180212
0 0.393993 0.800353 0.084806 0.144876
0 0.772968 0.805654 0.143110 0.190813