0 0.134276 0.314488 0.164311 0.183746
0 0.340327 0.145760 0.096731 0.128975
0 0.460910 0.177562 0.099382 0.128975
0 0.586131 0.155477 0.098057 0.148410
0 0.766343 0.169611 0.190813 0.204947
0 0.284011 0.331272 0.119258 0.150177
0 0.401943 0.387809 0.132509 0.146643
0 0.657686 0.339223 0.121908 0.162544
0 0.918065 0.328622 0.147085 0.183746
0 0.132951 0.640459 0.174912 0.326855
0 0.299249 0.609541 0.112633 0.134276
0 0.529814 0.534452 0.107332 0.143110
0 0.643772 0.574205 0.120583 0.151943
0 0.833922 0.597173 0.148410 0.183746
0 0.290636 0.803004 0.090106 0.139576
0 0.393993 0.760601 0.127208 0.174912
0 0.535115 0.764134 0.109982 0.146643
0 0.674912 0.808304 0.137809 0.196113