0 0.230345 0.338339 0.231890 0.249117
0 0.392668 0.294170 0.156360 0.196113
0 0.583481 0.143993 0.103357 0.121908
0 0.697438 0.175795 0.095406 0.121908
0 0.537765 0.325972 0.115283 0.146643
0 0.825972 0.151943 0.116608 0.151943
0 0.653710 0.381625 0.116608 0.148410
0 0.892889 0.338339 0.128534 0.164311
0 0.947880 0.181979 0.079505 0.166078
0 0.364841 0.646643 0.243816 0.325088
0 0.545716 0.610424 0.099382 0.128975
0 0.774293 0.535336 0.124558 0.148410
0 0.884276 0.574205 0.143110 0.159011
0 0.646422 0.755300 0.123233 0.192580
0 0.539753 0.798587 0.087456 0.137809
0 0.782244 0.758834 0.119258 0.157244
0 0.916740 0.803004 0.147085 0.196113