522.0 208.0 599.0 250.0 547.0 346.0 470.0 303.0 Box 0
0.0 168.0 171.0 168.0 171.0 363.0 0.0 363.0 Box 0
183.0 303.0 269.0 337.0 228.0 443.0 142.0 410.0 Box 0
733.0 64.0 782.0 64.0 782.0 157.0 733.0 157.0 Box 0
215.0 150.0 286.0 206.0 217.0 295.0 146.0 240.0 Box 0
254.0 61.0 283.0 125.0 211.0 157.0 182.0 94.0 Box 0
438.0 340.0 462.0 405.0 387.0 432.0 364.0 367.0 Box 0
6.0 80.0 107.0 75.0 112.0 157.0 10.0 162.0 Box 0
0.0 170.0 32.0 170.0 32.0 288.0 0.0 288.0 Box 0
75.0 376.0 120.0 400.0 98.0 442.0 52.0 418.0 Box 0
0.0 337.0 70.0 337.0 70.0 397.0 0.0 397.0 Box 0
0.0 87.0 12.0 87.0 12.0 164.0 0.0 164.0 Box 0
