148.0 19.0 216.0 25.0 207.0 139.0 139.0 133.0 Box 0
0.0 351.0 19.0 351.0 19.0 384.0 0.0 384.0 Box 0
0.0 355.0 60.0 355.0 60.0 427.0 0.0 427.0 Box 0
737.0 74.0 782.0 74.0 782.0 170.0 737.0 170.0 Box 0
93.0 314.0 169.0 359.0 110.0 458.0 34.0 412.0 Box 0
494.0 337.0 595.0 319.0 609.0 402.0 509.0 420.0 Box 0
151.0 315.0 202.0 292.0 235.0 363.0 183.0 386.0 Box 0
84.0 242.0 124.0 178.0 171.0 209.0 131.0 272.0 Box 0
244.0 115.0 284.0 265.0 168.0 295.0 128.0 145.0 Box 0
311.0 264.0 329.0 342.0 228.0 366.0 209.0 288.0 Box 0
0.0 243.0 120.0 243.0 120.0 368.0 0.0 368.0 Box 0
0.0 167.0 27.0 167.0 27.0 256.0 0.0 256.0 Box 0
501.0 368.0 509.0 440.0 428.0 449.0 420.0 377.0 Box 0
