193.0 282.0 276.0 265.0 289.0 336.0 207.0 352.0 Box 0
0.0 152.0 28.0 152.0 28.0 234.0 0.0 234.0 Box 0
166.0 187.0 225.0 258.0 146.0 323.0 87.0 252.0 Box 0
466.0 63.0 551.0 49.0 569.0 157.0 484.0 171.0 Box 0
0.0 259.0 38.0 259.0 38.0 335.0 0.0 335.0 Box 0
555.0 66.0 631.0 62.0 634.0 115.0 558.0 119.0 Box 0
0.0 88.0 67.0 88.0 67.0 152.0 0.0 152.0 Box 0
37.0 262.0 94.0 271.0 85.0 324.0 29.0 315.0 Box 0
395.0 384.0 442.0 367.0 461.0 421.0 415.0 438.0 Box 0
181.0 88.0 254.0 128.0 221.0 189.0 148.0 149.0 Box 0
79.0 60.0 158.0 71.0 148.0 141.0 69.0 131.0 Box 0
276.0 393.0 329.0 345.0 382.0 404.0 329.0 452.0 Box 0
18.0 159.0 88.0 148.0 101.0 228.0 32.0 240.0 Box 0
0.0 318.0 117.0 318.0 117.0 451.0 0.0 451.0 Box 0
