78.0 137.0 173.0 197.0 127.0 271.0 32.0 212.0 Box 0
501.0 241.0 562.0 307.0 480.0 384.0 419.0 318.0 Box 0
236.0 166.0 291.0 230.0 204.0 305.0 148.0 241.0 Box 0
22.0 158.0 57.0 173.0 35.0 226.0 0.0 211.0 Box 0
364.0 377.0 410.0 355.0 434.0 405.0 389.0 427.0 Box 0
0.0 213.0 59.0 213.0 59.0 385.0 0.0 385.0 Box 0
94.0 357.0 184.0 341.0 200.0 437.0 110.0 453.0 Box 0
683.0 219.0 782.0 219.0 782.0 313.0 683.0 313.0 Box 0
42.0 242.0 92.0 254.0 73.0 332.0 23.0 320.0 Box 0
114.0 347.0 72.0 337.0 91.0 258.0 133.0 268.0 Box 0
