3.0 285.0 66.0 242.0 106.0 302.0 43.0 344.0 Box 0
50.0 226.0 177.0 128.0 255.0 230.0 128.0 327.0 Box 0
224.0 345.0 337.0 373.0 315.0 463.0 202.0 434.0 Box 0
101.0 66.0 167.0 117.0 125.0 171.0 59.0 120.0 Box 0
42.0 334.0 153.0 368.0 127.0 454.0 16.0 420.0 Box 0
714.0 246.0 782.0 246.0 782.0 311.0 714.0 311.0 Box 0
0.0 86.0 54.0 86.0 54.0 187.0 0.0 187.0 Box 0
217.0 255.0 301.0 267.0 290.0 338.0 206.0 325.0 Box 0
68.0 130.0 121.0 176.0 68.0 238.0 15.0 192.0 Box 0
601.0 139.0 587.0 191.0 536.0 177.0 551.0 125.0 Box 0
453.0 78.0 504.0 69.0 513.0 122.0 461.0 130.0 Box 0
