227.0 158.0 236.0 227.0 155.0 238.0 146.0 168.0 Box 0
0.0 182.0 49.0 182.0 49.0 262.0 0.0 262.0 Box 0
684.0 272.0 690.0 354.0 620.0 360.0 613.0 278.0 Box 0
280.0 243.0 299.0 322.0 228.0 339.0 209.0 260.0 Box 0
465.0 104.0 520.0 59.0 571.0 121.0 517.0 166.0 Box 0
534.0 206.0 619.0 204.0 621.0 275.0 535.0 277.0 Box 0
5.0 117.0 62.0 78.0 109.0 146.0 52.0 186.0 Box 0
85.0 188.0 140.0 177.0 156.0 255.0 101.0 267.0 Box 0
139.0 358.0 181.0 368.0 162.0 453.0 120.0 443.0 Box 0
181.0 69.0 252.0 68.0 253.0 148.0 182.0 149.0 Box 0
0.0 262.0 14.0 262.0 14.0 363.0 0.0 363.0 Box 0
