685.0 310.0 782.0 310.0 782.0 419.0 685.0 419.0 Box 0
0.0 149.0 60.0 149.0 60.0 249.0 0.0 249.0 Box 0
0.0 245.0 133.0 245.0 133.0 369.0 0.0 369.0 Box 0
0.0 345.0 27.0 345.0 27.0 410.0 0.0 410.0 Box 0
536.0 369.0 544.0 441.0 463.0 450.0 455.0 378.0 Box 0
83.0 240.0 123.0 177.0 170.0 207.0 130.0 270.0 Box 0
244.0 116.0 283.0 269.0 167.0 298.0 128.0 146.0 Box 0
73.0 341.0 149.0 314.0 190.0 429.0 114.0 456.0 Box 0
149.0 20.0 216.0 27.0 205.0 136.0 138.0 129.0 Box 0
39.0 365.0 81.0 403.0 43.0 446.0 1.0 409.0 Box 0
312.0 262.0 331.0 343.0 229.0 367.0 210.0 286.0 Box 0
163.0 302.0 212.0 290.0 228.0 361.0 179.0 373.0 Box 0
