0.0 301.0 33.0 301.0 33.0 402.0 0.0 402.0 Box 0
90.0 327.0 269.0 327.0 269.0 452.0 90.0 452.0 Box 0
110.0 86.0 154.0 66.0 176.0 115.0 132.0 135.0 Box 0
84.0 236.0 154.0 236.0 154.0 314.0 84.0 314.0 Box 0
230.0 228.0 285.0 222.0 293.0 299.0 238.0 304.0 Box 0
0.0 98.0 46.0 98.0 46.0 160.0 0.0 160.0 Box 0
25.0 157.0 93.0 140.0 113.0 217.0 45.0 235.0 Box 0
0.0 204.0 24.0 204.0 24.0 262.0 0.0 262.0 Box 0
144.0 147.0 209.0 125.0 234.0 200.0 169.0 222.0 Box 0
292.0 70.0 396.0 58.0 406.0 139.0 301.0 151.0 Box 0
596.0 171.0 698.0 157.0 710.0 242.0 607.0 255.0 Box 0
