402.0 147.0 481.0 147.0 481.0 202.0 402.0 202.0 Box 0
0.0 258.0 94.0 258.0 94.0 341.0 0.0 341.0 Box 0
528.0 67.0 579.0 80.0 566.0 131.0 515.0 118.0 Box 0
0.0 234.0 49.0 234.0 49.0 300.0 0.0 300.0 Box 0
65.0 160.0 131.0 185.0 103.0 260.0 37.0 235.0 Box 0
272.0 83.0 327.0 90.0 321.0 140.0 265.0 134.0 Box 0
260.0 232.0 301.0 263.0 268.0 306.0 227.0 275.0 Box 0
224.0 289.0 262.0 332.0 222.0 367.0 184.0 325.0 Box 0
0.0 169.0 59.0 169.0 59.0 246.0 0.0 246.0 Box 0
165.0 57.0 247.0 61.0 243.0 130.0 160.0 125.0 Box 0
50.0 351.0 112.0 401.0 65.0 459.0 3.0 409.0 Box 0
677.0 369.0 729.0 362.0 736.0 416.0 685.0 423.0 Box 0
0.0 305.0 72.0 305.0 72.0 409.0 0.0 409.0 Box 0
0.0 83.0 86.0 83.0 86.0 171.0 0.0 171.0 Box 0
