0.0 161.0 62.0 161.0 62.0 325.0 0.0 325.0 Box 0
360.0 240.0 421.0 294.0 374.0 347.0 313.0 293.0 Box 0
256.0 249.0 108.0 269.0 91.0 144.0 240.0 125.0 Box 0
714.0 131.0 671.0 162.0 625.0 98.0 668.0 67.0 Box 0
75.0 343.0 137.0 309.0 176.0 382.0 114.0 415.0 Box 0
109.0 52.0 173.0 68.0 156.0 138.0 92.0 123.0 Box 0
0.0 358.0 61.0 358.0 61.0 421.0 0.0 421.0 Box 0
0.0 83.0 63.0 83.0 63.0 160.0 0.0 160.0 Box 0
521.0 120.0 473.0 146.0 436.0 77.0 484.0 52.0 Box 0
273.0 337.0 316.0 302.0 350.0 344.0 307.0 379.0 Box 0
