0.0 349.0 55.0 349.0 55.0 446.0 0.0 446.0 Box 0
235.0 152.0 373.0 187.0 333.0 343.0 195.0 307.0 Box 0
0.0 191.0 170.0 191.0 170.0 322.0 0.0 322.0 Box 0
219.0 40.0 293.0 59.0 275.0 128.0 201.0 109.0 Box 0
57.0 348.0 124.0 356.0 112.0 458.0 45.0 450.0 Box 0
151.0 292.0 215.0 321.0 187.0 383.0 123.0 354.0 Box 0
223.0 354.0 296.0 351.0 298.0 416.0 226.0 419.0 Box 0
154.0 139.0 238.0 151.0 225.0 246.0 140.0 234.0 Box 0
146.0 387.0 218.0 397.0 209.0 464.0 137.0 454.0 Box 0
142.0 19.0 209.0 27.0 200.0 97.0 133.0 88.0 Box 0
0.0 244.0 34.0 244.0 34.0 345.0 0.0 345.0 Box 0
0.0 63.0 179.0 63.0 179.0 188.0 0.0 188.0 Box 0
