0.0 95.0 51.0 95.0 51.0 194.0 0.0 194.0 Box 0
65.0 192.0 122.0 174.0 145.0 249.0 89.0 267.0 Box 0
94.0 56.0 190.0 55.0 190.0 143.0 95.0 143.0 Box 0
175.0 349.0 275.0 352.0 273.0 436.0 172.0 433.0 Box 0
739.0 347.0 782.0 347.0 782.0 429.0 739.0 429.0 Box 0
225.0 123.0 312.0 158.0 245.0 322.0 158.0 286.0 Box 0
0.0 270.0 86.0 270.0 86.0 417.0 0.0 417.0 Box 0
481.0 239.0 594.0 223.0 607.0 310.0 493.0 327.0 Box 0
103.0 313.0 163.0 378.0 84.0 451.0 24.0 387.0 Box 0
0.0 190.0 57.0 190.0 57.0 282.0 0.0 282.0 Box 0
398.0 251.0 454.0 254.0 450.0 336.0 394.0 333.0 Box 0
