16.0 195.0 71.0 191.0 75.0 243.0 19.0 247.0 Box 0
749.0 152.0 782.0 152.0 782.0 219.0 749.0 219.0 Box 0
87.0 232.0 126.0 306.0 62.0 338.0 24.0 265.0 Box 0
251.0 157.0 331.0 172.0 321.0 226.0 241.0 211.0 Box 0
266.0 301.0 344.0 324.0 323.0 393.0 245.0 370.0 Box 0
56.0 72.0 111.0 127.0 61.0 178.0 5.0 122.0 Box 0
550.0 266.0 601.0 280.0 590.0 319.0 539.0 305.0 Box 0
594.0 368.0 606.0 425.0 553.0 436.0 541.0 380.0 Box 0
467.0 276.0 485.0 224.0 534.0 242.0 516.0 293.0 Box 0
0.0 263.0 30.0 263.0 30.0 323.0 0.0 323.0 Box 0
0.0 310.0 79.0 310.0 79.0 378.0 0.0 378.0 Box 0
498.0 63.0 565.0 62.0 565.0 141.0 498.0 141.0 Box 0
0.0 190.0 19.0 190.0 19.0 258.0 0.0 258.0 Box 0
115.0 129.0 184.0 171.0 149.0 229.0 80.0 187.0 Box 0
210.0 358.0 251.0 395.0 215.0 436.0 173.0 400.0 Box 0
