142.0 152.0 199.0 152.0 199.0 215.0 142.0 215.0 Box 0
666.0 43.0 782.0 43.0 782.0 154.0 666.0 154.0 Box 0
603.0 356.0 622.0 408.0 573.0 427.0 553.0 375.0 Box 0
153.0 359.0 235.0 329.0 269.0 422.0 187.0 452.0 Box 0
83.0 220.0 166.0 231.0 150.0 342.0 67.0 330.0 Box 0
0.0 85.0 57.0 85.0 57.0 150.0 0.0 150.0 Box 0
127.0 58.0 233.0 58.0 233.0 154.0 127.0 154.0 Box 0
0.0 161.0 37.0 161.0 37.0 225.0 0.0 225.0 Box 0
41.0 171.0 82.0 178.0 72.0 231.0 32.0 224.0 Box 0
57.0 86.0 113.0 88.0 112.0 166.0 55.0 165.0 Box 0
348.0 159.0 510.0 170.0 501.0 292.0 340.0 280.0 Box 0
