415.0 289.0 500.0 308.0 475.0 418.0 390.0 399.0 Box 0
207.0 30.0 287.0 54.0 256.0 156.0 176.0 131.0 Box 0
105.0 168.0 155.0 227.0 112.0 263.0 62.0 204.0 Box 0
0.0 63.0 39.0 63.0 39.0 150.0 0.0 150.0 Box 0
701.0 36.0 784.0 36.0 784.0 169.0 701.0 169.0 Box 0
267.0 240.0 346.0 232.0 353.0 302.0 273.0 310.0 Box 0
357.0 174.0 435.0 164.0 442.0 219.0 365.0 230.0 Box 0
99.0 300.0 156.0 260.0 195.0 316.0 137.0 356.0 Box 0
24.0 337.0 97.0 306.0 122.0 366.0 49.0 397.0 Box 0
0.0 191.0 54.0 191.0 54.0 279.0 0.0 279.0 Box 0
