512.0 204.0 653.0 196.0 661.0 325.0 520.0 334.0 Box 0
216.0 296.0 457.0 173.0 536.0 327.0 295.0 451.0 Box 0
328.0 113.0 402.0 27.0 482.0 95.0 408.0 182.0 Box 0
507.0 350.0 570.0 396.0 527.0 456.0 463.0 411.0 Box 0
646.0 382.0 717.0 390.0 709.0 459.0 638.0 451.0 Box 0
478.0 46.0 666.0 92.0 635.0 216.0 448.0 170.0 Box 0
538.0 337.0 631.0 347.0 620.0 457.0 526.0 448.0 Box 0
642.0 18.0 709.0 24.0 702.0 96.0 635.0 89.0 Box 0
729.0 40.0 798.0 57.0 782.0 124.0 712.0 107.0 Box 0
644.0 136.0 720.0 149.0 705.0 246.0 628.0 234.0 Box 0
722.0 350.0 793.0 348.0 795.0 410.0 724.0 413.0 Box 0
652.0 283.0 718.0 314.0 689.0 375.0 623.0 344.0 Box 0
719.0 153.0 866.0 186.0 833.0 335.0 685.0 302.0 Box 0
