526.0 135.0 614.0 149.0 600.0 244.0 512.0 231.0 Box 0
544.0 383.0 612.0 392.0 603.0 459.0 536.0 450.0 Box 0
372.0 356.0 429.0 399.0 385.0 456.0 329.0 413.0 Box 0
350.0 44.0 551.0 98.0 517.0 223.0 317.0 170.0 Box 0
88.0 291.0 332.0 172.0 409.0 329.0 165.0 447.0 Box 0
439.0 347.0 497.0 354.0 484.0 454.0 426.0 446.0 Box 0
539.0 18.0 605.0 26.0 596.0 97.0 531.0 89.0 Box 0
608.0 153.0 736.0 187.0 696.0 335.0 568.0 301.0 Box 0
618.0 351.0 660.0 349.0 664.0 412.0 622.0 414.0 Box 0
551.0 285.0 612.0 316.0 582.0 376.0 521.0 345.0 Box 0
373.0 202.0 535.0 172.0 560.0 310.0 399.0 340.0 Box 0
626.0 40.0 662.0 49.0 644.0 121.0 608.0 112.0 Box 0
279.0 27.0 358.0 98.0 280.0 184.0 201.0 114.0 Box 0
