44.0 131.0 109.0 182.0 66.0 238.0 0.0 188.0 Box 0
85.0 295.0 151.0 344.0 108.0 401.0 43.0 352.0 Box 0
57.0 360.0 97.0 397.0 59.0 438.0 19.0 400.0 Box 0
0.0 194.0 28.0 194.0 28.0 246.0 0.0 246.0 Box 0
0.0 331.0 30.0 331.0 30.0 360.0 0.0 360.0 Box 0
287.0 58.0 395.0 64.0 391.0 146.0 283.0 140.0 Box 0
124.0 281.0 151.0 229.0 185.0 246.0 158.0 298.0 Box 0
0.0 100.0 44.0 100.0 44.0 190.0 0.0 190.0 Box 0
207.0 378.0 214.0 432.0 157.0 440.0 149.0 386.0 Box 0
195.0 270.0 244.0 290.0 228.0 329.0 179.0 309.0 Box 0
150.0 63.0 213.0 66.0 209.0 147.0 146.0 144.0 Box 0
351.0 174.0 333.0 226.0 282.0 208.0 300.0 156.0 Box 0
149.0 159.0 208.0 198.0 178.0 244.0 119.0 206.0 Box 0
712.0 133.0 782.0 133.0 782.0 240.0 712.0 240.0 Box 0
0.0 230.0 86.0 230.0 86.0 338.0 0.0 338.0 Box 0
