35.0 249.0 88.0 264.0 74.0 315.0 21.0 300.0 Box 0
729.0 51.0 782.0 51.0 782.0 122.0 729.0 122.0 Box 0
195.0 192.0 276.0 191.0 277.0 261.0 196.0 262.0 Box 0
92.0 270.0 158.0 278.0 151.0 337.0 85.0 329.0 Box 0
0.0 81.0 80.0 81.0 80.0 207.0 0.0 207.0 Box 0
521.0 349.0 600.0 354.0 596.0 408.0 518.0 404.0 Box 0
213.0 83.0 327.0 77.0 331.0 164.0 217.0 170.0 Box 0
278.0 280.0 332.0 289.0 323.0 343.0 269.0 334.0 Box 0
0.0 307.0 36.0 307.0 36.0 386.0 0.0 386.0 Box 0
465.0 233.0 539.0 202.0 566.0 267.0 492.0 298.0 Box 0
87.0 373.0 150.0 338.0 190.0 411.0 127.0 446.0 Box 0
106.0 78.0 155.0 64.0 170.0 115.0 121.0 130.0 Box 0
76.0 145.0 150.0 131.0 160.0 185.0 86.0 199.0 Box 0
492.0 67.0 581.0 78.0 568.0 187.0 479.0 176.0 Box 0
