381.0 133.0 461.0 153.0 439.0 243.0 359.0 223.0 Box 0
380.0 20.0 442.0 28.0 434.0 98.0 371.0 90.0 Box 0
464.0 41.0 533.0 58.0 516.0 126.0 447.0 109.0 Box 0
389.0 288.0 452.0 319.0 422.0 378.0 359.0 347.0 Box 0
227.0 191.0 387.0 191.0 387.0 338.0 227.0 338.0 Box 0
0.0 186.0 236.0 186.0 236.0 406.0 0.0 406.0 Box 0
193.0 50.0 393.0 99.0 363.0 221.0 163.0 172.0 Box 0
457.0 152.0 603.0 189.0 563.0 344.0 417.0 307.0 Box 0
458.0 354.0 527.0 348.0 532.0 412.0 463.0 418.0 Box 0
125.0 27.0 209.0 101.0 133.0 187.0 49.0 113.0 Box 0
206.0 357.0 262.0 399.0 218.0 458.0 162.0 415.0 Box 0
382.0 386.0 451.0 394.0 443.0 462.0 374.0 454.0 Box 0
279.0 348.0 340.0 354.0 331.0 454.0 270.0 449.0 Box 0
