64.0 146.0 127.0 158.0 109.0 253.0 45.0 240.0 Box 0
118.0 356.0 191.0 353.0 194.0 416.0 120.0 419.0 Box 0
0.0 347.0 21.0 347.0 21.0 454.0 0.0 454.0 Box 0
0.0 195.0 66.0 195.0 66.0 338.0 0.0 338.0 Box 0
44.0 24.0 111.0 34.0 101.0 104.0 34.0 95.0 Box 0
41.0 387.0 118.0 397.0 109.0 465.0 32.0 455.0 Box 0
36.0 293.0 104.0 318.0 80.0 384.0 12.0 358.0 Box 0
116.0 41.0 195.0 64.0 174.0 132.0 96.0 108.0 Box 0
131.0 151.0 269.0 183.0 231.0 344.0 93.0 311.0 Box 0
0.0 85.0 80.0 85.0 80.0 199.0 0.0 199.0 Box 0
