427.0 59.0 455.0 123.0 383.0 155.0 355.0 91.0 Box 0
170.0 352.0 146.0 401.0 105.0 380.0 129.0 331.0 Box 0
529.0 294.0 599.0 352.0 529.0 437.0 459.0 379.0 Box 0
4.0 94.0 69.0 48.0 110.0 107.0 45.0 152.0 Box 0
157.0 159.0 267.0 188.0 225.0 354.0 114.0 326.0 Box 0
192.0 374.0 238.0 398.0 214.0 442.0 169.0 417.0 Box 0
125.0 63.0 218.0 60.0 221.0 145.0 128.0 148.0 Box 0
0.0 90.0 30.0 90.0 30.0 145.0 0.0 145.0 Box 0
0.0 143.0 152.0 143.0 152.0 325.0 0.0 325.0 Box 0
0.0 307.0 111.0 307.0 111.0 443.0 0.0 443.0 Box 0
