0.0 244.0 45.0 244.0 45.0 339.0 0.0 339.0 Box 0
524.0 370.0 580.0 329.0 629.0 397.0 572.0 437.0 Box 0
0.0 266.0 200.0 266.0 200.0 449.0 0.0 449.0 Box 0
371.0 270.0 450.0 263.0 454.0 318.0 376.0 325.0 Box 0
731.0 41.0 782.0 41.0 782.0 122.0 731.0 122.0 Box 0
42.0 171.0 90.0 195.0 56.0 264.0 7.0 239.0 Box 0
363.0 133.0 442.0 127.0 446.0 182.0 367.0 187.0 Box 0
542.0 188.0 620.0 188.0 620.0 258.0 542.0 258.0 Box 0
185.0 243.0 237.0 262.0 218.0 312.0 167.0 293.0 Box 0
0.0 88.0 48.0 88.0 48.0 178.0 0.0 178.0 Box 0
41.0 84.0 98.0 80.0 104.0 158.0 48.0 162.0 Box 0
108.0 55.0 258.0 63.0 252.0 182.0 102.0 175.0 Box 0
94.0 199.0 168.0 228.0 147.0 279.0 74.0 250.0 Box 0
