745.0 200.0 782.0 200.0 782.0 270.0 745.0 270.0 Box 0
0.0 299.0 45.0 299.0 45.0 411.0 0.0 411.0 Box 0
291.0 115.0 363.0 156.0 328.0 218.0 256.0 176.0 Box 0
505.0 64.0 560.0 65.0 558.0 117.0 504.0 115.0 Box 0
260.0 315.0 340.0 325.0 331.0 396.0 252.0 386.0 Box 0
0.0 142.0 87.0 142.0 87.0 298.0 0.0 298.0 Box 0
75.0 111.0 131.0 111.0 131.0 188.0 75.0 188.0 Box 0
190.0 211.0 289.0 228.0 275.0 311.0 176.0 294.0 Box 0
164.0 80.0 241.0 67.0 250.0 121.0 173.0 134.0 Box 0
119.0 202.0 160.0 208.0 151.0 262.0 110.0 256.0 Box 0
