0.0 191.0 88.0 191.0 88.0 271.0 0.0 271.0 Box 0
55.0 308.0 136.0 344.0 90.0 447.0 9.0 411.0 Box 0
0.0 55.0 112.0 55.0 112.0 195.0 0.0 195.0 Box 0
268.0 224.0 296.0 305.0 196.0 340.0 168.0 260.0 Box 0
690.0 335.0 782.0 335.0 782.0 443.0 690.0 443.0 Box 0
451.0 32.0 490.0 105.0 400.0 153.0 361.0 80.0 Box 0
212.0 336.0 314.0 329.0 320.0 414.0 217.0 420.0 Box 0
134.0 103.0 235.0 222.0 147.0 297.0 46.0 177.0 Box 0
203.0 370.0 214.0 441.0 149.0 451.0 138.0 381.0 Box 0
0.0 267.0 75.0 267.0 75.0 365.0 0.0 365.0 Box 0
435.0 121.0 548.0 86.0 608.0 277.0 494.0 312.0 Box 0
126.0 307.0 175.0 284.0 207.0 353.0 157.0 376.0 Box 0
