92.0 390.0 168.0 398.0 161.0 466.0 85.0 458.0 Box 0
164.0 41.0 237.0 59.0 220.0 126.0 147.0 108.0 Box 0
0.0 76.0 127.0 76.0 127.0 195.0 0.0 195.0 Box 0
105.0 144.0 181.0 158.0 164.0 253.0 87.0 239.0 Box 0
0.0 345.0 70.0 345.0 70.0 453.0 0.0 453.0 Box 0
94.0 17.0 163.0 29.0 151.0 100.0 82.0 89.0 Box 0
169.0 356.0 242.0 350.0 247.0 414.0 173.0 420.0 Box 0
0.0 197.0 113.0 197.0 113.0 324.0 0.0 324.0 Box 0
182.0 153.0 321.0 187.0 282.0 344.0 144.0 310.0 Box 0
90.0 292.0 157.0 317.0 132.0 383.0 65.0 358.0 Box 0
