288.0 33.0 317.0 107.0 252.0 133.0 222.0 60.0 Box 0
0.0 249.0 82.0 249.0 82.0 349.0 0.0 349.0 Box 0
86.0 269.0 142.0 282.0 129.0 334.0 74.0 321.0 Box 0
0.0 186.0 48.0 186.0 48.0 259.0 0.0 259.0 Box 0
329.0 103.0 359.0 180.0 294.0 206.0 263.0 129.0 Box 0
244.0 282.0 326.0 266.0 340.0 337.0 258.0 353.0 Box 0
604.0 64.0 687.0 41.0 717.0 149.0 634.0 172.0 Box 0
0.0 332.0 39.0 332.0 39.0 447.0 0.0 447.0 Box 0
105.0 65.0 158.0 82.0 141.0 133.0 88.0 115.0 Box 0
63.0 154.0 133.0 146.0 143.0 226.0 73.0 235.0 Box 0
40.0 337.0 132.0 351.0 115.0 462.0 23.0 448.0 Box 0
0.0 145.0 78.0 145.0 78.0 231.0 0.0 231.0 Box 0
219.0 183.0 275.0 253.0 184.0 325.0 128.0 255.0 Box 0
