94.0 182.0 171.0 226.0 114.0 329.0 36.0 285.0 Box 0
122.0 420.0 50.0 447.0 20.0 367.0 92.0 340.0 Box 0
0.0 248.0 92.0 248.0 92.0 373.0 0.0 373.0 Box 0
208.0 128.0 241.0 155.0 206.0 198.0 174.0 171.0 Box 0
155.0 193.0 267.0 250.0 190.0 402.0 78.0 345.0 Box 0
415.0 284.0 451.0 261.0 495.0 329.0 459.0 353.0 Box 0
673.0 122.0 766.0 183.0 719.0 255.0 626.0 194.0 Box 0
0.0 175.0 45.0 175.0 45.0 270.0 0.0 270.0 Box 0
274.0 262.0 324.0 290.0 286.0 359.0 235.0 331.0 Box 0
46.0 153.0 97.0 183.0 55.0 253.0 4.0 223.0 Box 0
