724.0 271.0 782.0 271.0 782.0 350.0 724.0 350.0 Box 0
0.0 200.0 106.0 200.0 106.0 297.0 0.0 297.0 Box 0
0.0 136.0 83.0 136.0 83.0 231.0 0.0 231.0 Box 0
159.0 379.0 127.0 454.0 62.0 426.0 95.0 351.0 Box 0
440.0 186.0 494.0 201.0 480.0 251.0 426.0 236.0 Box 0
103.0 74.0 162.0 60.0 182.0 147.0 123.0 160.0 Box 0
246.0 40.0 269.0 87.0 222.0 110.0 199.0 63.0 Box 0
275.0 258.0 305.0 286.0 268.0 327.0 237.0 298.0 Box 0
0.0 89.0 57.0 89.0 57.0 149.0 0.0 149.0 Box 0
116.0 293.0 163.0 290.0 166.0 348.0 120.0 351.0 Box 0
0.0 297.0 33.0 297.0 33.0 371.0 0.0 371.0 Box 0
106.0 180.0 154.0 173.0 163.0 229.0 114.0 237.0 Box 0
