95.0 156.0 156.0 193.0 114.0 262.0 53.0 225.0 Box 0
188.0 56.0 268.0 64.0 262.0 133.0 181.0 125.0 Box 0
565.0 230.0 610.0 255.0 584.0 303.0 539.0 278.0 Box 0
116.0 264.0 160.0 296.0 126.0 341.0 82.0 309.0 Box 0
0.0 168.0 71.0 168.0 71.0 240.0 0.0 240.0 Box 0
0.0 83.0 104.0 83.0 104.0 177.0 0.0 177.0 Box 0
0.0 283.0 20.0 283.0 20.0 327.0 0.0 327.0 Box 0
67.0 304.0 131.0 357.0 83.0 414.0 19.0 360.0 Box 0
272.0 86.0 327.0 90.0 324.0 141.0 269.0 137.0 Box 0
132.0 356.0 195.0 390.0 160.0 454.0 98.0 420.0 Box 0
401.0 301.0 403.0 356.0 351.0 357.0 350.0 302.0 Box 0
34.0 243.0 89.0 244.0 88.0 296.0 33.0 295.0 Box 0
