344.0 261.0 393.0 291.0 352.0 359.0 302.0 329.0 Box 0
95.0 184.0 172.0 228.0 116.0 327.0 39.0 284.0 Box 0
0.0 175.0 60.0 175.0 60.0 282.0 0.0 282.0 Box 0
563.0 335.0 585.0 285.0 657.0 315.0 635.0 365.0 Box 0
209.0 125.0 240.0 150.0 203.0 195.0 172.0 170.0 Box 0
156.0 208.0 273.0 220.0 256.0 391.0 139.0 379.0 Box 0
158.0 415.0 100.0 456.0 50.0 386.0 108.0 346.0 Box 0
0.0 124.0 34.0 124.0 34.0 191.0 0.0 191.0 Box 0
0.0 249.0 102.0 249.0 102.0 390.0 0.0 390.0 Box 0
48.0 151.0 99.0 182.0 57.0 252.0 6.0 221.0 Box 0
