0.0 182.0 63.0 182.0 63.0 248.0 0.0 248.0 Box 0
194.0 257.0 212.0 295.0 162.0 319.0 144.0 281.0 Box 0
554.0 379.0 608.0 372.0 615.0 427.0 561.0 434.0 Box 0
114.0 64.0 144.0 106.0 99.0 138.0 69.0 96.0 Box 0
0.0 82.0 85.0 82.0 85.0 180.0 0.0 180.0 Box 0
308.0 279.0 343.0 320.0 299.0 357.0 264.0 316.0 Box 0
328.0 98.0 382.0 111.0 362.0 191.0 308.0 178.0 Box 0
554.0 156.0 599.0 210.0 536.0 262.0 491.0 208.0 Box 0
361.0 307.0 445.0 307.0 444.0 380.0 361.0 379.0 Box 0
645.0 54.0 661.0 123.0 584.0 141.0 568.0 72.0 Box 0
49.0 286.0 104.0 294.0 96.0 350.0 41.0 342.0 Box 0
84.0 357.0 72.0 438.0 1.0 428.0 13.0 346.0 Box 0
210.0 186.0 259.0 208.0 239.0 255.0 189.0 233.0 Box 0
