0.0 115.0 114.0 115.0 114.0 294.0 0.0 294.0 Box 0
38.0 271.0 109.0 238.0 132.0 287.0 61.0 320.0 Box 0
54.0 71.0 113.0 124.0 76.0 166.0 17.0 112.0 Box 0
258.0 347.0 370.0 322.0 390.0 411.0 279.0 436.0 Box 0
311.0 95.0 359.0 37.0 412.0 80.0 364.0 139.0 Box 0
611.0 329.0 599.0 383.0 550.0 372.0 561.0 318.0 Box 0
702.0 364.0 730.0 407.0 689.0 434.0 660.0 391.0 Box 0
163.0 68.0 244.0 65.0 246.0 107.0 165.0 110.0 Box 0
484.0 68.0 581.0 48.0 598.0 129.0 500.0 149.0 Box 0
0.0 318.0 114.0 318.0 114.0 429.0 0.0 429.0 Box 0
