45.0 294.0 112.0 319.0 88.0 384.0 21.0 358.0 Box 0
0.0 347.0 24.0 347.0 24.0 451.0 0.0 451.0 Box 0
67.0 145.0 135.0 156.0 120.0 253.0 52.0 241.0 Box 0
139.0 151.0 279.0 183.0 244.0 342.0 103.0 310.0 Box 0
125.0 40.0 202.0 62.0 183.0 129.0 106.0 106.0 Box 0
53.0 21.0 120.0 34.0 107.0 105.0 40.0 92.0 Box 0
124.0 356.0 197.0 353.0 200.0 417.0 127.0 420.0 Box 0
49.0 389.0 123.0 397.0 116.0 464.0 42.0 456.0 Box 0
0.0 83.0 87.0 83.0 87.0 199.0 0.0 199.0 Box 0
0.0 197.0 70.0 197.0 70.0 324.0 0.0 324.0 Box 0
