254.0 163.0 327.0 167.0 324.0 222.0 251.0 217.0 Box 0
692.0 207.0 770.0 274.0 717.0 336.0 639.0 269.0 Box 0
349.0 304.0 363.0 358.0 308.0 372.0 294.0 318.0 Box 0
21.0 352.0 134.0 366.0 123.0 454.0 11.0 441.0 Box 0
202.0 76.0 270.0 60.0 288.0 136.0 221.0 152.0 Box 0
0.0 339.0 38.0 339.0 38.0 424.0 0.0 424.0 Box 0
248.0 232.0 254.0 324.0 155.0 331.0 149.0 239.0 Box 0
0.0 189.0 123.0 189.0 123.0 324.0 0.0 324.0 Box 0
244.0 380.0 300.0 371.0 308.0 427.0 252.0 435.0 Box 0
0.0 60.0 135.0 60.0 135.0 179.0 0.0 179.0 Box 0
