365.0 70.0 416.0 84.0 402.0 135.0 351.0 121.0 Box 0
0.0 255.0 55.0 255.0 55.0 338.0 0.0 338.0 Box 0
4.0 162.0 76.0 159.0 79.0 239.0 8.0 242.0 Box 0
223.0 292.0 259.0 332.0 221.0 366.0 185.0 326.0 Box 0
519.0 313.0 573.0 307.0 579.0 361.0 525.0 367.0 Box 0
577.0 121.0 627.0 56.0 712.0 122.0 662.0 187.0 Box 0
3.0 80.0 84.0 77.0 87.0 146.0 6.0 150.0 Box 0
0.0 335.0 104.0 335.0 104.0 443.0 0.0 443.0 Box 0
228.0 152.0 306.0 146.0 310.0 201.0 232.0 207.0 Box 0
283.0 372.0 336.0 376.0 331.0 431.0 279.0 427.0 Box 0
154.0 83.0 210.0 89.0 204.0 140.0 148.0 133.0 Box 0
260.0 231.0 302.0 262.0 269.0 305.0 227.0 274.0 Box 0
