234.0 152.0 294.0 194.0 263.0 238.0 203.0 196.0 Box 0
490.0 58.0 689.0 49.0 694.0 166.0 495.0 174.0 Box 0
259.0 322.0 249.0 377.0 193.0 367.0 203.0 313.0 Box 0
295.0 211.0 371.0 281.0 315.0 342.0 239.0 272.0 Box 0
240.0 381.0 295.0 368.0 309.0 422.0 253.0 436.0 Box 0
20.0 346.0 130.0 370.0 112.0 457.0 1.0 433.0 Box 0
139.0 222.0 206.0 243.0 177.0 337.0 110.0 316.0 Box 0
0.0 340.0 24.0 340.0 24.0 420.0 0.0 420.0 Box 0
0.0 61.0 128.0 61.0 128.0 184.0 0.0 184.0 Box 0
0.0 193.0 115.0 193.0 115.0 324.0 0.0 324.0 Box 0
123.0 86.0 186.0 58.0 220.0 135.0 156.0 162.0 Box 0
