122.0 63.0 155.0 102.0 113.0 137.0 80.0 98.0 Box 0
649.0 154.0 694.0 207.0 632.0 258.0 588.0 205.0 Box 0
308.0 279.0 343.0 321.0 300.0 357.0 265.0 315.0 Box 0
221.0 186.0 273.0 203.0 256.0 252.0 204.0 234.0 Box 0
122.0 375.0 86.0 450.0 20.0 419.0 55.0 344.0 Box 0
485.0 101.0 540.0 112.0 524.0 193.0 469.0 182.0 Box 0
0.0 182.0 72.0 182.0 72.0 244.0 0.0 244.0 Box 0
82.0 297.0 136.0 295.0 137.0 349.0 84.0 351.0 Box 0
0.0 83.0 92.0 83.0 92.0 178.0 0.0 178.0 Box 0
201.0 256.0 232.0 285.0 195.0 325.0 164.0 297.0 Box 0
