241.0 125.0 261.0 192.0 182.0 216.0 162.0 149.0 Box 0
494.0 174.0 546.0 163.0 557.0 219.0 505.0 229.0 Box 0
452.0 365.0 533.0 345.0 550.0 415.0 469.0 435.0 Box 0
0.0 275.0 90.0 275.0 90.0 354.0 0.0 354.0 Box 0
280.0 74.0 332.0 75.0 331.0 128.0 279.0 127.0 Box 0
461.0 70.0 512.0 62.0 520.0 114.0 469.0 121.0 Box 0
263.0 193.0 291.0 257.0 214.0 291.0 186.0 227.0 Box 0
111.0 375.0 105.0 445.0 24.0 438.0 31.0 368.0 Box 0
0.0 86.0 41.0 86.0 41.0 198.0 0.0 198.0 Box 0
72.0 199.0 135.0 167.0 174.0 243.0 111.0 275.0 Box 0
0.0 192.0 65.0 192.0 65.0 282.0 0.0 282.0 Box 0
555.0 287.0 607.0 284.0 611.0 341.0 559.0 344.0 Box 0
737.0 68.0 782.0 68.0 782.0 163.0 737.0 163.0 Box 0
41.0 102.0 109.0 98.0 113.0 176.0 45.0 180.0 Box 0
171.0 324.0 251.0 300.0 271.0 367.0 192.0 391.0 Box 0
