202.0 241.0 247.0 269.0 207.0 334.0 161.0 305.0 Box 0
559.0 85.0 668.0 55.0 691.0 141.0 582.0 171.0 Box 0
701.0 188.0 758.0 252.0 681.0 320.0 624.0 255.0 Box 0
114.0 178.0 187.0 178.0 187.0 250.0 114.0 250.0 Box 0
242.0 144.0 345.0 174.0 322.0 254.0 219.0 223.0 Box 0
397.0 322.0 421.0 369.0 373.0 394.0 349.0 347.0 Box 0
352.0 287.0 322.0 335.0 278.0 307.0 307.0 260.0 Box 0
0.0 151.0 122.0 151.0 122.0 309.0 0.0 309.0 Box 0
123.0 285.0 185.0 285.0 185.0 355.0 123.0 355.0 Box 0
110.0 101.0 180.0 101.0 180.0 168.0 110.0 168.0 Box 0
