95.0 375.0 140.0 409.0 105.0 455.0 60.0 421.0 Box 0
87.0 241.0 127.0 178.0 174.0 208.0 134.0 271.0 Box 0
230.0 109.0 335.0 226.0 245.0 307.0 140.0 189.0 Box 0
149.0 22.0 214.0 26.0 207.0 135.0 142.0 131.0 Box 0
381.0 286.0 429.0 349.0 384.0 383.0 336.0 320.0 Box 0
128.0 358.0 205.0 310.0 266.0 406.0 189.0 455.0 Box 0
0.0 337.0 86.0 337.0 86.0 420.0 0.0 420.0 Box 0
577.0 259.0 600.0 338.0 500.0 367.0 477.0 288.0 Box 0
0.0 246.0 153.0 246.0 153.0 372.0 0.0 372.0 Box 0
0.0 152.0 67.0 152.0 67.0 261.0 0.0 261.0 Box 0
