0.0 98.0 37.0 98.0 37.0 190.0 0.0 190.0 Box 0
688.0 221.0 755.0 268.0 715.0 326.0 648.0 279.0 Box 0
298.0 43.0 342.0 98.0 277.0 148.0 234.0 92.0 Box 0
349.0 311.0 331.0 363.0 281.0 345.0 299.0 294.0 Box 0
225.0 268.0 276.0 250.0 294.0 301.0 242.0 318.0 Box 0
0.0 205.0 60.0 205.0 60.0 281.0 0.0 281.0 Box 0
26.0 98.0 104.0 60.0 151.0 156.0 73.0 194.0 Box 0
113.0 189.0 184.0 180.0 191.0 242.0 121.0 250.0 Box 0
0.0 276.0 42.0 276.0 42.0 360.0 0.0 360.0 Box 0
8.0 373.0 90.0 377.0 87.0 432.0 5.0 428.0 Box 0
515.0 169.0 527.0 220.0 474.0 233.0 462.0 182.0 Box 0
