362.0 287.0 410.0 351.0 365.0 385.0 317.0 321.0 Box 0
130.0 357.0 205.0 309.0 266.0 406.0 191.0 453.0 Box 0
94.0 372.0 140.0 406.0 105.0 452.0 60.0 418.0 Box 0
765.0 353.0 782.0 353.0 782.0 419.0 765.0 419.0 Box 0
0.0 342.0 81.0 342.0 81.0 423.0 0.0 423.0 Box 0
84.0 242.0 124.0 178.0 172.0 209.0 131.0 272.0 Box 0
0.0 249.0 149.0 249.0 149.0 375.0 0.0 375.0 Box 0
148.0 21.0 215.0 26.0 206.0 135.0 139.0 130.0 Box 0
0.0 152.0 66.0 152.0 66.0 258.0 0.0 258.0 Box 0
542.0 258.0 565.0 337.0 464.0 366.0 441.0 286.0 Box 0
232.0 107.0 333.0 227.0 241.0 305.0 139.0 185.0 Box 0
