643.0 175.0 782.0 175.0 782.0 322.0 643.0 322.0 Box 0
0.0 138.0 32.0 138.0 32.0 242.0 0.0 242.0 Box 0
289.0 40.0 362.0 84.0 304.0 179.0 231.0 134.0 Box 0
476.0 86.0 584.0 126.0 531.0 272.0 423.0 233.0 Box 0
349.0 131.0 438.0 172.0 404.0 245.0 315.0 204.0 Box 0
48.0 89.0 135.0 89.0 135.0 195.0 48.0 195.0 Box 0
91.0 259.0 135.0 293.0 109.0 326.0 66.0 293.0 Box 0
175.0 258.0 228.0 272.0 217.0 312.0 164.0 298.0 Box 0
0.0 253.0 28.0 253.0 28.0 322.0 0.0 322.0 Box 0
147.0 78.0 222.0 78.0 222.0 188.0 147.0 188.0 Box 0
606.0 309.0 687.0 310.0 686.0 363.0 605.0 362.0 Box 0
