0.0 87.0 87.0 87.0 87.0 170.0 0.0 170.0 Box 0
0.0 290.0 20.0 290.0 20.0 335.0 0.0 335.0 Box 0
668.0 111.0 782.0 111.0 782.0 218.0 668.0 218.0 Box 0
300.0 101.0 379.0 79.0 399.0 149.0 320.0 171.0 Box 0
128.0 78.0 170.0 63.0 190.0 118.0 148.0 133.0 Box 0
84.0 370.0 154.0 335.0 193.0 415.0 124.0 449.0 Box 0
73.0 101.0 123.0 80.0 155.0 154.0 105.0 176.0 Box 0
536.0 46.0 565.0 92.0 522.0 119.0 492.0 74.0 Box 0
99.0 247.0 151.0 224.0 188.0 307.0 137.0 331.0 Box 0
0.0 204.0 33.0 204.0 33.0 284.0 0.0 284.0 Box 0
