0.0 346.0 72.0 346.0 72.0 435.0 0.0 435.0 Box 0
151.0 190.0 216.0 253.0 141.0 330.0 76.0 267.0 Box 0
275.0 261.0 369.0 189.0 470.0 321.0 376.0 393.0 Box 0
239.0 126.0 270.0 151.0 233.0 196.0 202.0 171.0 Box 0
0.0 168.0 84.0 168.0 84.0 303.0 0.0 303.0 Box 0
164.0 337.0 217.0 403.0 159.0 449.0 106.0 384.0 Box 0
0.0 247.0 130.0 247.0 130.0 382.0 0.0 382.0 Box 0
0.0 291.0 34.0 291.0 34.0 386.0 0.0 386.0 Box 0
692.0 257.0 782.0 257.0 782.0 354.0 692.0 354.0 Box 0
97.0 138.0 153.0 178.0 103.0 246.0 48.0 205.0 Box 0
0.0 91.0 63.0 91.0 63.0 176.0 0.0 176.0 Box 0
