415.0 236.0 452.0 273.0 413.0 314.0 375.0 277.0 Box 0
95.0 156.0 100.0 235.0 45.0 238.0 41.0 159.0 Box 0
45.0 98.0 97.0 87.0 107.0 139.0 56.0 150.0 Box 0
495.0 260.0 510.0 190.0 589.0 208.0 574.0 277.0 Box 0
0.0 101.0 64.0 101.0 64.0 163.0 0.0 163.0 Box 0
0.0 230.0 77.0 230.0 77.0 310.0 0.0 310.0 Box 0
9.0 314.0 64.0 314.0 64.0 367.0 9.0 367.0 Box 0
139.0 107.0 204.0 57.0 269.0 142.0 204.0 192.0 Box 0
698.0 161.0 782.0 161.0 782.0 253.0 698.0 253.0 Box 0
0.0 299.0 29.0 299.0 29.0 356.0 0.0 356.0 Box 0
0.0 364.0 68.0 364.0 68.0 432.0 0.0 432.0 Box 0
393.0 64.0 447.0 109.0 396.0 171.0 342.0 126.0 Box 0
0.0 164.0 31.0 164.0 31.0 249.0 0.0 249.0 Box 0
