0.0 137.0 144.0 137.0 144.0 274.0 0.0 274.0 Box 0
154.0 291.0 255.0 265.0 276.0 347.0 175.0 374.0 Box 0
2.0 85.0 82.0 78.0 87.0 132.0 6.0 139.0 Box 0
420.0 175.0 460.0 210.0 425.0 251.0 384.0 216.0 Box 0
755.0 359.0 782.0 359.0 782.0 423.0 755.0 423.0 Box 0
28.0 319.0 80.0 305.0 94.0 358.0 43.0 372.0 Box 0
162.0 340.0 94.0 356.0 75.0 276.0 144.0 260.0 Box 0
0.0 301.0 63.0 301.0 63.0 391.0 0.0 391.0 Box 0
187.0 71.0 245.0 126.0 206.0 166.0 149.0 111.0 Box 0
517.0 54.0 627.0 51.0 629.0 138.0 519.0 141.0 Box 0
