0.0 102.0 27.0 102.0 27.0 168.0 0.0 168.0 Box 0
22.0 113.0 95.0 70.0 150.0 162.0 76.0 205.0 Box 0
639.0 174.0 653.0 254.0 584.0 266.0 570.0 186.0 Box 0
194.0 213.0 240.0 159.0 300.0 211.0 254.0 264.0 Box 0
143.0 190.0 198.0 226.0 158.0 288.0 103.0 252.0 Box 0
0.0 157.0 13.0 157.0 13.0 245.0 0.0 245.0 Box 0
0.0 246.0 67.0 246.0 67.0 325.0 0.0 325.0 Box 0
218.0 66.0 273.0 111.0 222.0 173.0 167.0 128.0 Box 0
465.0 134.0 474.0 202.0 393.0 212.0 385.0 144.0 Box 0
123.0 357.0 166.0 371.0 149.0 425.0 105.0 411.0 Box 0
498.0 274.0 507.0 344.0 424.0 354.0 416.0 284.0 Box 0
