325.0 344.0 378.0 326.0 392.0 366.0 339.0 384.0 Box 0
287.0 133.0 329.0 169.0 302.0 200.0 260.0 164.0 Box 0
0.0 110.0 23.0 110.0 23.0 203.0 0.0 203.0 Box 0
112.0 303.0 156.0 261.0 215.0 324.0 171.0 365.0 Box 0
245.0 357.0 326.0 372.0 314.0 440.0 233.0 426.0 Box 0
341.0 47.0 396.0 99.0 359.0 138.0 305.0 86.0 Box 0
118.0 134.0 153.0 126.0 166.0 179.0 131.0 187.0 Box 0
671.0 151.0 782.0 151.0 782.0 292.0 671.0 292.0 Box 0
104.0 71.0 151.0 72.0 150.0 125.0 102.0 123.0 Box 0
51.0 138.0 106.0 143.0 102.0 184.0 46.0 179.0 Box 0
0.0 277.0 72.0 277.0 72.0 399.0 0.0 399.0 Box 0
208.0 69.0 262.0 84.0 248.0 135.0 194.0 120.0 Box 0
204.0 262.0 261.0 222.0 307.0 287.0 250.0 327.0 Box 0
32.0 86.0 87.0 78.0 95.0 129.0 40.0 137.0 Box 0
0.0 195.0 72.0 195.0 72.0 269.0 0.0 269.0 Box 0
