0.0 132.0 119.0 132.0 119.0 259.0 0.0 259.0 Box 0
493.0 75.0 524.0 119.0 482.0 148.0 451.0 104.0 Box 0
80.0 93.0 133.0 97.0 130.0 137.0 77.0 133.0 Box 0
228.0 133.0 296.0 138.0 292.0 212.0 223.0 207.0 Box 0
415.0 378.0 445.0 305.0 496.0 326.0 465.0 399.0 Box 0
0.0 307.0 49.0 307.0 49.0 436.0 0.0 436.0 Box 0
268.0 259.0 324.0 256.0 327.0 299.0 271.0 302.0 Box 0
592.0 286.0 692.0 239.0 730.0 320.0 630.0 367.0 Box 0
0.0 95.0 23.0 95.0 23.0 147.0 0.0 147.0 Box 0
237.0 67.0 286.0 47.0 307.0 97.0 258.0 118.0 Box 0
