174.0 351.0 275.0 354.0 272.0 437.0 172.0 434.0 Box 0
2.0 79.0 114.0 60.0 128.0 145.0 15.0 163.0 Box 0
0.0 107.0 27.0 107.0 27.0 192.0 0.0 192.0 Box 0
434.0 372.0 513.0 364.0 519.0 420.0 440.0 429.0 Box 0
680.0 65.0 731.0 113.0 676.0 172.0 625.0 125.0 Box 0
43.0 195.0 96.0 177.0 123.0 252.0 69.0 271.0 Box 0
170.0 124.0 255.0 159.0 188.0 321.0 104.0 286.0 Box 0
248.0 251.0 304.0 254.0 300.0 336.0 244.0 333.0 Box 0
0.0 191.0 37.0 191.0 37.0 271.0 0.0 271.0 Box 0
349.0 240.0 462.0 223.0 475.0 311.0 361.0 327.0 Box 0
102.0 313.0 162.0 378.0 83.0 451.0 23.0 387.0 Box 0
0.0 275.0 80.0 275.0 80.0 411.0 0.0 411.0 Box 0
