84.0 295.0 139.0 296.0 137.0 350.0 82.0 348.0 Box 0
554.0 154.0 599.0 208.0 536.0 260.0 491.0 206.0 Box 0
394.0 97.0 448.0 110.0 429.0 190.0 374.0 177.0 Box 0
0.0 183.0 71.0 183.0 71.0 247.0 0.0 247.0 Box 0
122.0 63.0 155.0 102.0 112.0 137.0 79.0 98.0 Box 0
121.0 375.0 86.0 449.0 21.0 419.0 57.0 344.0 Box 0
202.0 258.0 233.0 286.0 195.0 327.0 164.0 298.0 Box 0
307.0 279.0 341.0 320.0 300.0 355.0 265.0 314.0 Box 0
621.0 308.0 702.0 307.0 703.0 376.0 622.0 377.0 Box 0
0.0 82.0 91.0 82.0 91.0 175.0 0.0 175.0 Box 0
221.0 186.0 272.0 203.0 255.0 252.0 204.0 234.0 Box 0
