42.0 316.0 87.0 348.0 56.0 392.0 11.0 361.0 Box 0
3.0 152.0 81.0 142.0 88.0 195.0 10.0 205.0 Box 0
0.0 88.0 60.0 88.0 60.0 149.0 0.0 149.0 Box 0
529.0 59.0 575.0 73.0 559.0 124.0 512.0 109.0 Box 0
563.0 158.0 615.0 176.0 589.0 249.0 537.0 230.0 Box 0
152.0 121.0 250.0 182.0 147.0 344.0 50.0 284.0 Box 0
0.0 354.0 16.0 354.0 16.0 407.0 0.0 407.0 Box 0
217.0 231.0 302.0 248.0 281.0 350.0 196.0 333.0 Box 0
0.0 288.0 24.0 288.0 24.0 342.0 0.0 342.0 Box 0
147.0 63.0 216.0 77.0 205.0 132.0 136.0 118.0 Box 0
0.0 219.0 81.0 219.0 81.0 311.0 0.0 311.0 Box 0
