35.0 249.0 88.0 265.0 73.0 315.0 20.0 299.0 Box 0
219.0 83.0 332.0 77.0 337.0 164.0 223.0 170.0 Box 0
194.0 191.0 276.0 190.0 277.0 261.0 195.0 263.0 Box 0
531.0 235.0 602.0 200.0 634.0 262.0 562.0 298.0 Box 0
0.0 299.0 37.0 299.0 37.0 387.0 0.0 387.0 Box 0
215.0 38.0 255.0 72.0 219.0 113.0 180.0 79.0 Box 0
77.0 145.0 149.0 131.0 159.0 185.0 87.0 199.0 Box 0
0.0 82.0 80.0 82.0 80.0 206.0 0.0 206.0 Box 0
407.0 280.0 461.0 281.0 460.0 336.0 406.0 335.0 Box 0
194.0 368.0 253.0 333.0 295.0 405.0 235.0 440.0 Box 0
95.0 273.0 163.0 265.0 171.0 326.0 103.0 334.0 Box 0
