0.0 86.0 39.0 86.0 39.0 178.0 0.0 178.0 Box 0
252.0 353.0 322.0 367.0 305.0 450.0 236.0 436.0 Box 0
0.0 176.0 82.0 176.0 82.0 259.0 0.0 259.0 Box 0
0.0 257.0 61.0 257.0 61.0 383.0 0.0 383.0 Box 0
504.0 104.0 558.0 59.0 609.0 121.0 555.0 166.0 Box 0
492.0 243.0 510.0 323.0 440.0 339.0 421.0 260.0 Box 0
283.0 157.0 292.0 226.0 211.0 237.0 202.0 167.0 Box 0
633.0 207.0 716.0 205.0 718.0 274.0 635.0 276.0 Box 0
52.0 111.0 110.0 73.0 154.0 142.0 96.0 179.0 Box 0
118.0 186.0 166.0 166.0 197.0 239.0 148.0 259.0 Box 0
382.0 69.0 453.0 68.0 454.0 148.0 383.0 149.0 Box 0
