0.0 324.0 23.0 324.0 23.0 365.0 0.0 365.0 Box 0
691.0 78.0 734.0 49.0 777.0 113.0 734.0 142.0 Box 0
537.0 341.0 494.0 376.0 461.0 336.0 503.0 301.0 Box 0
0.0 158.0 101.0 158.0 101.0 323.0 0.0 323.0 Box 0
385.0 242.0 215.0 262.0 201.0 146.0 371.0 125.0 Box 0
234.0 37.0 291.0 91.0 243.0 142.0 186.0 89.0 Box 0
80.0 379.0 150.0 379.0 150.0 435.0 80.0 435.0 Box 0
193.0 354.0 239.0 300.0 302.0 353.0 257.0 407.0 Box 0
0.0 76.0 103.0 76.0 103.0 159.0 0.0 159.0 Box 0
553.0 237.0 614.0 291.0 569.0 342.0 508.0 288.0 Box 0
