505.0 226.0 587.0 316.0 512.0 384.0 431.0 295.0 Box 0
572.0 354.0 660.0 355.0 658.0 450.0 570.0 448.0 Box 0
521.0 237.0 615.0 172.0 703.0 300.0 609.0 365.0 Box 0
203.0 64.0 403.0 43.0 415.0 163.0 216.0 184.0 Box 0
293.0 178.0 381.0 210.0 345.0 307.0 258.0 275.0 Box 0
401.0 22.0 465.0 11.0 477.0 79.0 413.0 90.0 Box 0
222.0 354.0 329.0 275.0 415.0 393.0 308.0 472.0 Box 0
436.0 356.0 575.0 356.0 575.0 460.0 436.0 460.0 Box 0
401.0 186.0 464.0 177.0 475.0 254.0 412.0 263.0 Box 0
482.0 86.0 539.0 124.0 502.0 179.0 445.0 141.0 Box 0
554.0 27.0 621.0 17.0 631.0 82.0 563.0 92.0 Box 0
534.0 156.0 583.0 196.0 541.0 249.0 491.0 210.0 Box 0
567.0 111.0 635.0 107.0 639.0 174.0 571.0 179.0 Box 0
350.0 288.0 399.0 253.0 459.0 337.0 410.0 371.0 Box 0
470.0 23.0 539.0 8.0 553.0 73.0 484.0 88.0 Box 0
419.0 383.0 462.0 417.0 428.0 460.0 385.0 426.0 Box 0
