559.0 27.0 630.0 15.0 641.0 82.0 571.0 94.0 Box 0
530.0 243.0 617.0 176.0 712.0 297.0 625.0 364.0 Box 0
212.0 62.0 410.0 43.0 421.0 165.0 223.0 184.0 Box 0
583.0 354.0 669.0 355.0 667.0 450.0 581.0 448.0 Box 0
542.0 157.0 591.0 196.0 549.0 250.0 500.0 211.0 Box 0
447.0 356.0 582.0 356.0 582.0 461.0 447.0 461.0 Box 0
408.0 187.0 470.0 177.0 482.0 254.0 420.0 263.0 Box 0
491.0 86.0 549.0 123.0 513.0 180.0 455.0 143.0 Box 0
573.0 111.0 639.0 105.0 646.0 173.0 580.0 179.0 Box 0
409.0 23.0 474.0 11.0 487.0 78.0 421.0 90.0 Box 0
480.0 21.0 547.0 8.0 560.0 74.0 493.0 88.0 Box 0
425.0 383.0 470.0 416.0 437.0 460.0 393.0 426.0 Box 0
233.0 353.0 340.0 277.0 426.0 399.0 318.0 474.0 Box 0
440.0 292.0 531.0 230.0 594.0 324.0 503.0 386.0 Box 0
360.0 289.0 407.0 254.0 467.0 336.0 420.0 371.0 Box 0
299.0 178.0 388.0 209.0 356.0 303.0 267.0 272.0 Box 0
