143.0 372.0 195.0 365.0 202.0 419.0 151.0 426.0 Box 0
0.0 38.0 143.0 38.0 143.0 291.0 0.0 291.0 Box 0
0.0 291.0 50.0 291.0 50.0 339.0 0.0 339.0 Box 0
573.0 328.0 627.0 322.0 634.0 396.0 580.0 402.0 Box 0
196.0 342.0 324.0 336.0 329.0 438.0 202.0 444.0 Box 0
130.0 197.0 197.0 201.0 190.0 310.0 124.0 306.0 Box 0
357.0 360.0 409.0 336.0 442.0 408.0 390.0 432.0 Box 0
572.0 81.0 649.0 91.0 642.0 144.0 565.0 134.0 Box 0
349.0 79.0 432.0 66.0 447.0 166.0 365.0 179.0 Box 0
47.0 286.0 128.0 283.0 129.0 336.0 49.0 338.0 Box 0
260.0 250.0 333.0 233.0 345.0 288.0 272.0 304.0 Box 0
534.0 145.0 610.0 161.0 596.0 227.0 520.0 211.0 Box 0
