347.0 79.0 431.0 65.0 449.0 166.0 365.0 181.0 Box 0
74.0 291.0 131.0 286.0 136.0 340.0 79.0 345.0 Box 0
722.0 313.0 782.0 313.0 782.0 402.0 722.0 402.0 Box 0
546.0 358.0 597.0 336.0 628.0 409.0 577.0 430.0 Box 0
253.0 337.0 376.0 337.0 376.0 443.0 253.0 443.0 Box 0
0.0 301.0 96.0 301.0 96.0 445.0 0.0 445.0 Box 0
130.0 288.0 196.0 278.0 203.0 330.0 137.0 339.0 Box 0
0.0 29.0 275.0 29.0 275.0 285.0 0.0 285.0 Box 0
530.0 146.0 610.0 160.0 599.0 228.0 518.0 214.0 Box 0
244.0 199.0 333.0 206.0 326.0 311.0 237.0 305.0 Box 0
179.0 375.0 238.0 365.0 247.0 416.0 188.0 427.0 Box 0
379.0 249.0 453.0 232.0 464.0 285.0 391.0 301.0 Box 0
626.0 82.0 703.0 87.0 699.0 141.0 622.0 136.0 Box 0
