0.0 23.0 293.0 23.0 293.0 281.0 0.0 281.0 Box 0
534.0 146.0 610.0 160.0 597.0 228.0 521.0 213.0 Box 0
304.0 336.0 428.0 333.0 431.0 438.0 306.0 441.0 Box 0
347.0 79.0 432.0 64.0 449.0 162.0 365.0 177.0 Box 0
272.0 197.0 361.0 209.0 346.0 318.0 257.0 306.0 Box 0
133.0 287.0 203.0 281.0 207.0 328.0 137.0 334.0 Box 0
79.0 295.0 137.0 287.0 144.0 339.0 86.0 347.0 Box 0
600.0 356.0 649.0 334.0 681.0 406.0 631.0 428.0 Box 0
234.0 373.0 290.0 364.0 299.0 417.0 243.0 426.0 Box 0
0.0 299.0 98.0 299.0 98.0 445.0 0.0 445.0 Box 0
635.0 80.0 712.0 87.0 707.0 141.0 630.0 134.0 Box 0
381.0 249.0 453.0 233.0 464.0 286.0 392.0 301.0 Box 0
