200.0 337.0 327.0 337.0 327.0 445.0 200.0 445.0 Box 0
0.0 304.0 82.0 304.0 82.0 438.0 0.0 438.0 Box 0
144.0 372.0 193.0 367.0 198.0 420.0 150.0 425.0 Box 0
533.0 146.0 612.0 161.0 599.0 229.0 520.0 214.0 Box 0
0.0 37.0 207.0 37.0 207.0 289.0 0.0 289.0 Box 0
347.0 79.0 432.0 64.0 450.0 168.0 365.0 182.0 Box 0
611.0 80.0 688.0 87.0 683.0 140.0 605.0 132.0 Box 0
60.0 291.0 116.0 286.0 120.0 339.0 64.0 343.0 Box 0
350.0 250.0 421.0 233.0 434.0 285.0 362.0 302.0 Box 0
634.0 333.0 688.0 316.0 710.0 388.0 656.0 405.0 Box 0
217.0 187.0 297.0 227.0 249.0 324.0 169.0 284.0 Box 0
115.0 286.0 180.0 279.0 187.0 332.0 121.0 340.0 Box 0
456.0 361.0 506.0 338.0 538.0 408.0 489.0 432.0 Box 0
