107.0 23.0 181.0 16.0 188.0 83.0 113.0 90.0 Box 0
40.0 212.0 87.0 157.0 136.0 199.0 90.0 254.0 Box 0
13.0 288.0 101.0 234.0 161.0 332.0 73.0 386.0 Box 0
99.0 240.0 204.0 169.0 293.0 300.0 188.0 371.0 Box 0
36.0 89.0 103.0 124.0 69.0 188.0 3.0 154.0 Box 0
151.0 356.0 234.0 358.0 232.0 454.0 149.0 452.0 Box 0
29.0 362.0 150.0 362.0 150.0 461.0 29.0 461.0 Box 0
28.0 24.0 99.0 13.0 110.0 83.0 39.0 94.0 Box 0
0.0 183.0 63.0 183.0 63.0 255.0 0.0 255.0 Box 0
117.0 112.0 191.0 107.0 195.0 177.0 121.0 181.0 Box 0
0.0 286.0 24.0 286.0 24.0 366.0 0.0 366.0 Box 0
0.0 376.0 37.0 376.0 37.0 453.0 0.0 453.0 Box 0
