176.0 295.0 254.0 281.0 263.0 335.0 185.0 349.0 Box 0
380.0 247.0 452.0 233.0 463.0 286.0 391.0 300.0 Box 0
751.0 86.0 782.0 86.0 782.0 151.0 751.0 151.0 Box 0
477.0 333.0 602.0 333.0 602.0 439.0 477.0 439.0 Box 0
347.0 78.0 432.0 64.0 450.0 170.0 365.0 184.0 Box 0
0.0 280.0 149.0 280.0 149.0 462.0 0.0 462.0 Box 0
314.0 367.0 368.0 365.0 370.0 419.0 316.0 421.0 Box 0
533.0 145.0 612.0 158.0 601.0 226.0 522.0 213.0 Box 0
131.0 299.0 174.0 290.0 188.0 350.0 145.0 360.0 Box 0
292.0 199.0 379.0 218.0 355.0 325.0 268.0 306.0 Box 0
0.0 0.0 333.0 0.0 333.0 299.0 0.0 299.0 Box 0
