348.0 79.0 432.0 65.0 449.0 167.0 365.0 181.0 Box 0
283.0 201.0 372.0 215.0 354.0 322.0 266.0 308.0 Box 0
116.0 298.0 161.0 289.0 171.0 344.0 126.0 352.0 Box 0
160.0 288.0 238.0 279.0 245.0 333.0 167.0 343.0 Box 0
695.0 78.0 774.0 85.0 769.0 140.0 690.0 133.0 Box 0
0.0 5.0 317.0 5.0 317.0 292.0 0.0 292.0 Box 0
379.0 247.0 452.0 232.0 463.0 287.0 390.0 302.0 Box 0
0.0 284.0 131.0 284.0 131.0 454.0 0.0 454.0 Box 0
401.0 334.0 523.0 334.0 523.0 440.0 401.0 440.0 Box 0
534.0 145.0 609.0 160.0 596.0 228.0 520.0 213.0 Box 0
677.0 359.0 724.0 336.0 759.0 405.0 712.0 429.0 Box 0
308.0 370.0 362.0 366.0 366.0 418.0 313.0 422.0 Box 0
