380.0 248.0 452.0 233.0 463.0 285.0 392.0 301.0 Box 0
126.0 296.0 171.0 287.0 183.0 345.0 138.0 354.0 Box 0
172.0 291.0 249.0 277.0 260.0 334.0 182.0 348.0 Box 0
0.0 284.0 145.0 284.0 145.0 458.0 0.0 458.0 Box 0
348.0 79.0 433.0 65.0 450.0 168.0 365.0 182.0 Box 0
445.0 334.0 569.0 336.0 567.0 443.0 442.0 441.0 Box 0
289.0 199.0 376.0 216.0 354.0 326.0 267.0 309.0 Box 0
0.0 0.0 328.0 0.0 328.0 297.0 0.0 297.0 Box 0
313.0 368.0 369.0 366.0 371.0 420.0 316.0 422.0 Box 0
715.0 78.0 782.0 78.0 782.0 146.0 715.0 146.0 Box 0
710.0 332.0 782.0 332.0 782.0 426.0 710.0 426.0 Box 0
533.0 147.0 610.0 161.0 598.0 228.0 521.0 214.0 Box 0
