14.0 28.0 82.0 16.0 94.0 85.0 26.0 97.0 Box 0
157.0 232.0 221.0 329.0 133.0 387.0 69.0 289.0 Box 0
0.0 60.0 83.0 60.0 83.0 182.0 0.0 182.0 Box 0
210.0 353.0 314.0 358.0 309.0 457.0 205.0 451.0 Box 0
85.0 360.0 204.0 360.0 204.0 464.0 85.0 464.0 Box 0
0.0 194.0 32.0 194.0 32.0 277.0 0.0 277.0 Box 0
92.0 87.0 157.0 123.0 123.0 184.0 59.0 149.0 Box 0
0.0 259.0 85.0 259.0 85.0 374.0 0.0 374.0 Box 0
88.0 17.0 160.0 8.0 169.0 79.0 97.0 88.0 Box 0
103.0 212.0 148.0 156.0 201.0 198.0 156.0 255.0 Box 0
61.0 378.0 103.0 417.0 64.0 460.0 22.0 421.0 Box 0
41.0 190.0 110.0 181.0 119.0 250.0 50.0 258.0 Box 0
0.0 305.0 64.0 305.0 64.0 432.0 0.0 432.0 Box 0
158.0 239.0 263.0 168.0 352.0 301.0 248.0 372.0 Box 0
164.0 29.0 234.0 16.0 247.0 78.0 177.0 92.0 Box 0
178.0 112.0 251.0 106.0 257.0 175.0 184.0 181.0 Box 0
