280.0 199.0 368.0 212.0 352.0 322.0 263.0 308.0 Box 0
531.0 145.0 610.0 159.0 597.0 228.0 519.0 214.0 Box 0
0.0 293.0 106.0 293.0 106.0 451.0 0.0 451.0 Box 0
653.0 359.0 696.0 331.0 739.0 396.0 696.0 424.0 Box 0
380.0 248.0 452.0 232.0 464.0 286.0 392.0 302.0 Box 0
348.0 78.0 433.0 64.0 449.0 167.0 364.0 180.0 Box 0
658.0 79.0 738.0 87.0 732.0 141.0 652.0 133.0 Box 0
291.0 372.0 343.0 365.0 351.0 415.0 298.0 423.0 Box 0
91.0 297.0 146.0 289.0 154.0 342.0 99.0 350.0 Box 0
0.0 17.0 313.0 17.0 313.0 289.0 0.0 289.0 Box 0
370.0 334.0 491.0 338.0 487.0 444.0 367.0 440.0 Box 0
145.0 291.0 218.0 280.0 226.0 328.0 153.0 340.0 Box 0
