349.0 78.0 432.0 65.0 449.0 169.0 366.0 182.0 Box 0
678.0 78.0 755.0 87.0 749.0 141.0 671.0 132.0 Box 0
532.0 145.0 610.0 160.0 597.0 228.0 519.0 213.0 Box 0
151.0 287.0 230.0 274.0 239.0 330.0 161.0 343.0 Box 0
0.0 289.0 121.0 289.0 121.0 451.0 0.0 451.0 Box 0
0.0 9.0 323.0 9.0 323.0 291.0 0.0 291.0 Box 0
285.0 202.0 372.0 216.0 354.0 322.0 267.0 307.0 Box 0
381.0 248.0 452.0 233.0 463.0 286.0 391.0 300.0 Box 0
299.0 370.0 352.0 365.0 358.0 418.0 305.0 424.0 Box 0
660.0 362.0 706.0 333.0 747.0 399.0 702.0 428.0 Box 0
108.0 298.0 152.0 289.0 163.0 344.0 119.0 353.0 Box 0
384.0 334.0 506.0 334.0 506.0 439.0 384.0 439.0 Box 0
