131.0 299.0 175.0 289.0 190.0 351.0 145.0 361.0 Box 0
177.0 295.0 255.0 282.0 264.0 337.0 186.0 350.0 Box 0
380.0 248.0 452.0 233.0 463.0 286.0 391.0 301.0 Box 0
0.0 0.0 335.0 0.0 335.0 297.0 0.0 297.0 Box 0
623.0 332.0 749.0 332.0 749.0 438.0 623.0 438.0 Box 0
422.0 370.0 476.0 357.0 488.0 410.0 435.0 423.0 Box 0
0.0 277.0 150.0 277.0 150.0 462.0 0.0 462.0 Box 0
547.0 147.0 626.0 143.0 630.0 212.0 551.0 216.0 Box 0
348.0 79.0 431.0 64.0 449.0 169.0 366.0 183.0 Box 0
296.0 196.0 381.0 219.0 352.0 327.0 267.0 304.0 Box 0
