347.0 79.0 432.0 64.0 450.0 168.0 365.0 183.0 Box 0
0.0 278.0 150.0 278.0 150.0 463.0 0.0 463.0 Box 0
635.0 331.0 766.0 331.0 766.0 438.0 635.0 438.0 Box 0
0.0 0.0 336.0 0.0 336.0 297.0 0.0 297.0 Box 0
295.0 197.0 382.0 219.0 354.0 327.0 267.0 305.0 Box 0
380.0 248.0 453.0 233.0 464.0 285.0 391.0 301.0 Box 0
131.0 300.0 175.0 289.0 189.0 350.0 145.0 360.0 Box 0
431.0 370.0 483.0 357.0 496.0 410.0 445.0 423.0 Box 0
546.0 147.0 625.0 143.0 629.0 212.0 549.0 216.0 Box 0
177.0 295.0 256.0 282.0 265.0 336.0 186.0 349.0 Box 0
