257.0 27.0 327.0 17.0 337.0 82.0 266.0 92.0 Box 0
183.0 85.0 243.0 124.0 206.0 180.0 147.0 141.0 Box 0
0.0 57.0 159.0 57.0 159.0 188.0 0.0 188.0 Box 0
100.0 428.0 138.0 384.0 181.0 421.0 143.0 465.0 Box 0
103.0 19.0 171.0 9.0 181.0 79.0 113.0 89.0 Box 0
121.0 186.0 188.0 179.0 197.0 256.0 129.0 263.0 Box 0
69.0 287.0 120.0 259.0 168.0 346.0 117.0 375.0 Box 0
150.0 291.0 242.0 229.0 307.0 325.0 215.0 387.0 Box 0
168.0 361.0 285.0 353.0 293.0 459.0 176.0 467.0 Box 0
345.0 169.0 438.0 299.0 340.0 370.0 246.0 239.0 Box 0
0.0 282.0 138.0 282.0 138.0 459.0 0.0 459.0 Box 0
269.0 112.0 342.0 106.0 348.0 174.0 275.0 180.0 Box 0
235.0 158.0 290.0 201.0 248.0 255.0 193.0 213.0 Box 0
0.0 189.0 106.0 189.0 106.0 287.0 0.0 287.0 Box 0
294.0 356.0 397.0 360.0 393.0 455.0 290.0 451.0 Box 0
174.0 21.0 242.0 7.0 256.0 74.0 188.0 88.0 Box 0
