0.0 279.0 149.0 279.0 149.0 462.0 0.0 462.0 Box 0
0.0 0.0 336.0 0.0 336.0 299.0 0.0 299.0 Box 0
724.0 331.0 782.0 331.0 782.0 434.0 724.0 434.0 Box 0
297.0 196.0 382.0 220.0 352.0 328.0 267.0 304.0 Box 0
380.0 248.0 452.0 233.0 464.0 285.0 391.0 301.0 Box 0
547.0 147.0 627.0 142.0 631.0 210.0 551.0 215.0 Box 0
175.0 294.0 254.0 280.0 264.0 336.0 185.0 350.0 Box 0
503.0 370.0 556.0 357.0 568.0 408.0 515.0 421.0 Box 0
348.0 78.0 431.0 64.0 449.0 168.0 366.0 182.0 Box 0
133.0 297.0 176.0 291.0 185.0 353.0 143.0 360.0 Box 0
