474.0 183.0 516.0 175.0 524.0 218.0 482.0 226.0 Box 0
110.0 74.0 128.0 123.0 78.0 141.0 60.0 92.0 Box 0
0.0 68.0 63.0 68.0 63.0 136.0 0.0 136.0 Box 0
355.0 60.0 428.0 81.0 421.0 106.0 348.0 85.0 Box 0
72.0 230.0 60.0 161.0 142.0 146.0 154.0 216.0 Box 0
0.0 293.0 115.0 293.0 115.0 392.0 0.0 392.0 Box 0
147.0 228.0 163.0 266.0 85.0 299.0 69.0 261.0 Box 0
328.0 297.0 530.0 282.0 539.0 402.0 336.0 417.0 Box 0
127.0 98.0 210.0 133.0 187.0 187.0 104.0 152.0 Box 0
163.0 289.0 193.0 325.0 158.0 354.0 128.0 318.0 Box 0
0.0 186.0 83.0 186.0 83.0 286.0 0.0 286.0 Box 0
557.0 102.0 665.0 80.0 682.0 161.0 574.0 184.0 Box 0
741.0 205.0 784.0 205.0 784.0 286.0 741.0 286.0 Box 0
291.0 231.0 371.0 212.0 386.0 274.0 306.0 293.0 Box 0
