663.0 220.0 742.0 220.0 742.0 283.0 663.0 283.0 Box 0
569.0 9.0 679.0 0.0 686.0 82.0 576.0 91.0 Box 0
0.0 37.0 19.0 37.0 19.0 95.0 0.0 95.0 Box 0
541.0 194.0 597.0 187.0 604.0 241.0 547.0 247.0 Box 0
298.0 323.0 348.0 318.0 353.0 372.0 303.0 376.0 Box 0
486.0 116.0 567.0 113.0 569.0 170.0 489.0 174.0 Box 0
433.0 0.0 542.0 0.0 542.0 82.0 433.0 82.0 Box 0
526.0 317.0 623.0 317.0 623.0 378.0 526.0 378.0 Box 0
666.0 289.0 742.0 289.0 742.0 378.0 666.0 378.0 Box 0
305.0 231.0 362.0 222.0 374.0 300.0 317.0 309.0 Box 0
155.0 0.0 340.0 0.0 340.0 225.0 155.0 225.0 Box 0
410.0 284.0 488.0 284.0 488.0 378.0 410.0 378.0 Box 0
26.0 6.0 140.0 2.0 147.0 206.0 33.0 210.0 Box 0
0.0 105.0 18.0 105.0 18.0 189.0 0.0 189.0 Box 0
0.0 273.0 12.0 273.0 12.0 342.0 0.0 342.0 Box 0
30.0 247.0 114.0 257.0 101.0 367.0 17.0 357.0 Box 0
642.0 99.0 742.0 99.0 742.0 193.0 642.0 193.0 Box 0
159.0 245.0 242.0 244.0 244.0 352.0 160.0 353.0 Box 0
429.0 185.0 497.0 199.0 480.0 280.0 412.0 265.0 Box 0
546.0 255.0 625.0 261.0 621.0 317.0 541.0 310.0 Box 0
