689.0 280.0 784.0 280.0 784.0 421.0 689.0 421.0 Box 0
361.0 229.0 358.0 159.0 437.0 155.0 441.0 225.0 Box 0
635.0 229.0 713.0 211.0 727.0 272.0 650.0 291.0 Box 0
165.0 207.0 287.0 187.0 303.0 289.0 182.0 309.0 Box 0
478.0 245.0 483.0 287.0 402.0 297.0 397.0 255.0 Box 0
701.0 59.0 774.0 80.0 767.0 104.0 694.0 84.0 Box 0
446.0 98.0 520.0 132.0 495.0 186.0 421.0 152.0 Box 0
164.0 58.0 219.0 56.0 221.0 110.0 165.0 112.0 Box 0
302.0 408.0 187.0 398.0 196.0 291.0 311.0 301.0 Box 0
503.0 293.0 531.0 326.0 497.0 355.0 469.0 322.0 Box 0
375.0 71.0 389.0 122.0 339.0 136.0 325.0 85.0 Box 0
