36.0 232.0 24.0 162.0 106.0 148.0 118.0 217.0 Box 0
0.0 294.0 76.0 294.0 76.0 383.0 0.0 383.0 Box 0
111.0 225.0 128.0 264.0 50.0 297.0 33.0 258.0 Box 0
76.0 78.0 94.0 127.0 44.0 145.0 26.0 96.0 Box 0
93.0 99.0 172.0 133.0 149.0 187.0 70.0 153.0 Box 0
464.0 105.0 571.0 83.0 588.0 164.0 480.0 186.0 Box 0
227.0 298.0 429.0 284.0 438.0 404.0 235.0 418.0 Box 0
267.0 65.0 341.0 86.0 334.0 111.0 261.0 90.0 Box 0
388.0 182.0 430.0 175.0 437.0 218.0 396.0 225.0 Box 0
132.0 288.0 156.0 328.0 118.0 352.0 93.0 311.0 Box 0
705.0 41.0 784.0 41.0 784.0 144.0 705.0 144.0 Box 0
0.0 185.0 49.0 185.0 49.0 284.0 0.0 284.0 Box 0
664.0 215.0 717.0 194.0 748.0 271.0 695.0 292.0 Box 0
0.0 73.0 32.0 73.0 32.0 141.0 0.0 141.0 Box 0
207.0 229.0 287.0 210.0 301.0 272.0 221.0 291.0 Box 0
