106.0 302.0 139.0 310.0 120.0 396.0 86.0 389.0 Box 0
310.0 266.0 420.0 307.0 399.0 362.0 290.0 321.0 Box 0
106.0 137.0 190.0 122.0 201.0 185.0 117.0 199.0 Box 0
228.0 59.0 311.0 32.0 333.0 99.0 249.0 126.0 Box 0
410.0 2.0 468.0 29.0 433.0 104.0 374.0 76.0 Box 0
32.0 110.0 115.0 110.0 115.0 231.0 32.0 231.0 Box 0
141.0 349.0 166.0 340.0 184.0 391.0 160.0 399.0 Box 0
105.0 29.0 183.0 29.0 183.0 106.0 105.0 106.0 Box 0
0.0 225.0 124.0 225.0 124.0 342.0 0.0 342.0 Box 0
0.0 21.0 115.0 21.0 115.0 110.0 0.0 110.0 Box 0
100.0 222.0 164.0 184.0 218.0 274.0 154.0 312.0 Box 0
0.0 134.0 53.0 134.0 53.0 259.0 0.0 259.0 Box 0
262.0 162.0 369.0 139.0 386.0 221.0 280.0 244.0 Box 0
501.0 161.0 553.0 150.0 565.0 203.0 512.0 214.0 Box 0
6.0 331.0 63.0 336.0 58.0 395.0 0.0 390.0 Box 0
