521.0 350.0 674.0 336.0 683.0 436.0 530.0 450.0 Box 0
713.0 263.0 888.0 263.0 888.0 445.0 713.0 445.0 Box 0
698.0 0.0 853.0 0.0 853.0 138.0 698.0 138.0 Box 0
740.0 168.0 847.0 153.0 859.0 238.0 752.0 253.0 Box 0
583.0 78.0 684.0 54.0 700.0 121.0 599.0 145.0 Box 0
428.0 16.0 497.0 1.0 512.0 71.0 443.0 86.0 Box 0
384.0 139.0 439.0 96.0 482.0 151.0 427.0 194.0 Box 0
569.0 80.0 589.0 145.0 525.0 164.0 505.0 100.0 Box 0
332.0 210.0 431.0 217.0 425.0 305.0 325.0 298.0 Box 0
455.0 327.0 530.0 386.0 475.0 455.0 400.0 396.0 Box 0
433.0 187.0 571.0 143.0 623.0 308.0 484.0 352.0 Box 0
599.0 182.0 695.0 159.0 726.0 291.0 631.0 313.0 Box 0
