79.0 109.0 175.0 109.0 175.0 228.0 79.0 228.0 Box 0
342.0 58.0 426.0 32.0 447.0 99.0 362.0 125.0 Box 0
544.0 2.0 602.0 30.0 566.0 104.0 508.0 75.0 Box 0
620.0 159.0 672.0 148.0 684.0 201.0 631.0 213.0 Box 0
243.0 351.0 284.0 336.0 304.0 391.0 263.0 406.0 Box 0
160.0 20.0 251.0 20.0 251.0 105.0 160.0 105.0 Box 0
26.0 25.0 143.0 12.0 151.0 74.0 33.0 88.0 Box 0
55.0 340.0 113.0 345.0 107.0 404.0 50.0 398.0 Box 0
209.0 226.0 280.0 181.0 337.0 273.0 266.0 317.0 Box 0
449.0 267.0 559.0 308.0 537.0 366.0 428.0 325.0 Box 0
138.0 313.0 211.0 313.0 211.0 402.0 138.0 402.0 Box 0
208.0 140.0 291.0 125.0 301.0 183.0 219.0 198.0 Box 0
78.0 211.0 188.0 264.0 146.0 351.0 36.0 298.0 Box 0
384.0 162.0 494.0 138.0 512.0 219.0 401.0 243.0 Box 0
0.0 127.0 106.0 127.0 106.0 263.0 0.0 263.0 Box 0
