160.0 233.0 237.0 214.0 252.0 273.0 175.0 292.0 Box 0
755.0 124.0 784.0 124.0 784.0 170.0 755.0 170.0 Box 0
714.0 208.0 784.0 208.0 784.0 312.0 714.0 312.0 Box 0
710.0 29.0 759.0 61.0 712.0 132.0 664.0 100.0 Box 0
251.0 339.0 331.0 342.0 329.0 399.0 249.0 396.0 Box 0
440.0 314.0 550.0 311.0 553.0 397.0 443.0 400.0 Box 0
0.0 141.0 129.0 141.0 129.0 281.0 0.0 281.0 Box 0
109.0 27.0 203.0 46.0 188.0 121.0 94.0 102.0 Box 0
645.0 177.0 693.0 157.0 713.0 205.0 666.0 226.0 Box 0
62.0 326.0 144.0 343.0 130.0 411.0 47.0 393.0 Box 0
427.0 75.0 559.0 88.0 538.0 294.0 407.0 281.0 Box 0
