2.0 84.0 125.0 75.0 140.0 279.0 17.0 288.0 Box 0
609.0 258.0 648.0 301.0 587.0 355.0 549.0 312.0 Box 0
403.0 36.0 512.0 14.0 529.0 97.0 420.0 120.0 Box 0
629.0 136.0 762.0 136.0 762.0 261.0 629.0 261.0 Box 0
313.0 206.0 359.0 261.0 295.0 315.0 249.0 260.0 Box 0
0.0 312.0 66.0 312.0 66.0 380.0 0.0 380.0 Box 0
215.0 32.0 263.0 67.0 214.0 137.0 165.0 102.0 Box 0
402.0 355.0 485.0 353.0 486.0 410.0 403.0 411.0 Box 0
478.0 206.0 528.0 231.0 503.0 282.0 452.0 257.0 Box 0
67.0 305.0 164.0 312.0 158.0 396.0 62.0 389.0 Box 0
303.0 142.0 348.0 85.0 413.0 137.0 368.0 193.0 Box 0
421.0 269.0 456.0 308.0 413.0 346.0 378.0 307.0 Box 0
205.0 157.0 272.0 157.0 272.0 226.0 205.0 226.0 Box 0
