424.0 227.0 493.0 180.0 554.0 269.0 484.0 316.0 Box 0
545.0 57.0 631.0 31.0 651.0 98.0 565.0 124.0 Box 0
401.0 141.0 483.0 123.0 496.0 183.0 414.0 200.0 Box 0
678.0 266.0 783.0 305.0 762.0 361.0 658.0 322.0 Box 0
601.0 162.0 711.0 138.0 728.0 220.0 618.0 243.0 Box 0
226.0 214.0 333.0 266.0 292.0 352.0 184.0 300.0 Box 0
158.0 341.0 235.0 341.0 235.0 412.0 158.0 412.0 Box 0
330.0 53.0 378.0 26.0 405.0 74.0 357.0 101.0 Box 0
374.0 311.0 404.0 324.0 366.0 405.0 337.0 392.0 Box 0
105.0 8.0 242.0 8.0 242.0 106.0 105.0 106.0 Box 0
251.0 111.0 332.0 111.0 332.0 229.0 251.0 229.0 Box 0
67.0 127.0 211.0 127.0 211.0 265.0 67.0 265.0 Box 0
464.0 350.0 505.0 335.0 525.0 389.0 484.0 405.0 Box 0
