380.0 216.0 488.0 268.0 446.0 354.0 338.0 302.0 Box 0
744.0 157.0 784.0 157.0 784.0 238.0 744.0 238.0 Box 0
493.0 53.0 544.0 24.0 571.0 74.0 520.0 102.0 Box 0
533.0 311.0 564.0 325.0 526.0 408.0 495.0 394.0 Box 0
556.0 142.0 637.0 125.0 650.0 184.0 568.0 201.0 Box 0
409.0 110.0 486.0 110.0 486.0 226.0 409.0 226.0 Box 0
698.0 32.0 784.0 32.0 784.0 126.0 698.0 126.0 Box 0
631.0 353.0 671.0 337.0 693.0 390.0 652.0 407.0 Box 0
589.0 225.0 659.0 177.0 723.0 271.0 652.0 319.0 Box 0
212.0 45.0 317.0 4.0 338.0 59.0 234.0 100.0 Box 0
273.0 138.0 322.0 204.0 235.0 267.0 186.0 201.0 Box 0
314.0 359.0 370.0 347.0 381.0 402.0 326.0 414.0 Box 0
