453.0 303.0 558.0 334.0 534.0 414.0 429.0 382.0 Box 0
260.0 195.0 362.0 258.0 256.0 430.0 154.0 367.0 Box 0
335.0 93.0 355.0 143.0 304.0 164.0 284.0 114.0 Box 0
704.0 149.0 755.0 127.0 775.0 174.0 724.0 196.0 Box 0
441.0 86.0 486.0 114.0 457.0 161.0 412.0 133.0 Box 0
536.0 151.0 575.0 119.0 618.0 172.0 579.0 204.0 Box 0
594.0 189.0 784.0 189.0 784.0 340.0 594.0 340.0 Box 0
170.0 32.0 220.0 22.0 231.0 77.0 181.0 87.0 Box 0
93.0 42.0 134.0 36.0 141.0 90.0 100.0 95.0 Box 0
133.0 36.0 167.0 29.0 179.0 90.0 144.0 96.0 Box 0
