701.0 271.0 709.0 315.0 629.0 330.0 621.0 286.0 Box 0
230.0 220.0 298.0 229.0 292.0 274.0 224.0 265.0 Box 0
712.0 410.0 630.0 405.0 633.0 346.0 715.0 351.0 Box 0
697.0 38.0 784.0 38.0 784.0 127.0 697.0 127.0 Box 0
417.0 152.0 621.0 152.0 621.0 269.0 417.0 269.0 Box 0
105.0 74.0 234.0 74.0 234.0 207.0 105.0 207.0 Box 0
588.0 40.0 667.0 56.0 657.0 110.0 577.0 94.0 Box 0
457.0 39.0 533.0 58.0 520.0 113.0 443.0 95.0 Box 0
102.0 23.0 201.0 23.0 201.0 85.0 102.0 85.0 Box 0
318.0 96.0 382.0 92.0 384.0 135.0 321.0 138.0 Box 0
29.0 268.0 266.0 268.0 266.0 426.0 29.0 426.0 Box 0
305.0 163.0 362.0 170.0 355.0 226.0 298.0 219.0 Box 0
486.0 330.0 537.0 338.0 529.0 394.0 478.0 387.0 Box 0
