594.0 248.0 707.0 259.0 699.0 343.0 587.0 333.0 Box 0
259.0 263.0 339.0 255.0 346.0 324.0 265.0 332.0 Box 0
260.0 342.0 316.0 340.0 318.0 392.0 262.0 394.0 Box 0
572.0 108.0 656.0 99.0 663.0 168.0 579.0 177.0 Box 0
97.0 316.0 184.0 316.0 184.0 403.0 97.0 403.0 Box 0
462.0 289.0 516.0 312.0 497.0 360.0 442.0 337.0 Box 0
20.0 26.0 194.0 26.0 194.0 153.0 20.0 153.0 Box 0
455.0 35.0 533.0 32.0 535.0 86.0 457.0 89.0 Box 0
577.0 185.0 658.0 180.0 661.0 235.0 580.0 240.0 Box 0
0.0 156.0 71.0 156.0 71.0 272.0 0.0 272.0 Box 0
454.0 206.0 525.0 208.0 522.0 291.0 452.0 289.0 Box 0
97.0 221.0 186.0 221.0 186.0 310.0 97.0 310.0 Box 0
28.0 156.0 145.0 156.0 145.0 215.0 28.0 215.0 Box 0
162.0 153.0 240.0 166.0 229.0 229.0 151.0 217.0 Box 0
394.0 354.0 462.0 348.0 466.0 396.0 399.0 403.0 Box 0
0.0 282.0 82.0 282.0 82.0 403.0 0.0 403.0 Box 0
346.0 40.0 455.0 40.0 455.0 124.0 346.0 124.0 Box 0
0.0 44.0 26.0 44.0 26.0 144.0 0.0 144.0 Box 0
642.0 356.0 689.0 341.0 705.0 391.0 658.0 406.0 Box 0
344.0 131.0 427.0 131.0 427.0 202.0 344.0 202.0 Box 0
530.0 357.0 582.0 350.0 589.0 400.0 537.0 407.0 Box 0
