405.0 158.0 518.0 155.0 519.0 213.0 407.0 216.0 Box 0
57.0 167.0 111.0 169.0 108.0 250.0 55.0 249.0 Box 0
0.0 42.0 76.0 42.0 76.0 109.0 0.0 109.0 Box 0
681.0 145.0 775.0 163.0 763.0 228.0 668.0 210.0 Box 0
722.0 250.0 784.0 250.0 784.0 334.0 722.0 334.0 Box 0
58.0 107.0 139.0 100.0 144.0 156.0 63.0 162.0 Box 0
0.0 283.0 39.0 283.0 39.0 394.0 0.0 394.0 Box 0
52.0 253.0 132.0 253.0 132.0 309.0 52.0 309.0 Box 0
0.0 109.0 48.0 109.0 48.0 221.0 0.0 221.0 Box 0
422.0 24.0 625.0 32.0 620.0 153.0 417.0 145.0 Box 0
185.0 38.0 293.0 40.0 291.0 125.0 184.0 123.0 Box 0
0.0 221.0 56.0 221.0 56.0 280.0 0.0 280.0 Box 0
517.0 227.0 630.0 230.0 627.0 317.0 515.0 314.0 Box 0
717.0 334.0 784.0 334.0 784.0 399.0 717.0 399.0 Box 0
216.0 165.0 299.0 159.0 307.0 266.0 224.0 272.0 Box 0
72.0 42.0 151.0 34.0 157.0 89.0 77.0 97.0 Box 0
500.0 325.0 611.0 326.0 610.0 412.0 500.0 411.0 Box 0
116.0 170.0 163.0 172.0 158.0 252.0 111.0 249.0 Box 0
124.0 293.0 304.0 300.0 300.0 422.0 119.0 414.0 Box 0
44.0 318.0 113.0 318.0 113.0 397.0 44.0 397.0 Box 0
