93.0 86.0 197.0 86.0 197.0 265.0 93.0 265.0 Box 0
99.0 261.0 215.0 267.0 209.0 395.0 92.0 389.0 Box 0
167.0 41.0 237.0 46.0 230.0 133.0 160.0 127.0 Box 0
320.0 84.0 449.0 102.0 435.0 202.0 306.0 183.0 Box 0
28.0 183.0 101.0 183.0 101.0 245.0 28.0 245.0 Box 0
278.0 327.0 334.0 326.0 335.0 399.0 279.0 400.0 Box 0
16.0 46.0 103.0 56.0 89.0 167.0 2.0 157.0 Box 0
0.0 51.0 31.0 51.0 31.0 174.0 0.0 174.0 Box 0
0.0 257.0 120.0 257.0 120.0 394.0 0.0 394.0 Box 0
0.0 196.0 28.0 196.0 28.0 252.0 0.0 252.0 Box 0
298.0 203.0 426.0 196.0 432.0 311.0 304.0 318.0 Box 0
343.0 47.0 431.0 37.0 435.0 70.0 346.0 80.0 Box 0
