417.0 168.0 468.0 185.0 443.0 260.0 391.0 242.0 Box 0
82.0 345.0 162.0 359.0 153.0 411.0 73.0 397.0 Box 0
564.0 289.0 784.0 289.0 784.0 423.0 564.0 423.0 Box 0
129.0 35.0 167.0 27.0 181.0 85.0 143.0 94.0 Box 0
200.0 226.0 278.0 229.0 276.0 285.0 198.0 283.0 Box 0
550.0 170.0 601.0 190.0 572.0 263.0 521.0 242.0 Box 0
378.0 263.0 458.0 261.0 459.0 316.0 379.0 318.0 Box 0
640.0 35.0 750.0 37.0 748.0 122.0 638.0 120.0 Box 0
210.0 111.0 294.0 99.0 308.0 206.0 224.0 218.0 Box 0
56.0 250.0 165.0 258.0 159.0 342.0 50.0 334.0 Box 0
669.0 164.0 756.0 158.0 764.0 266.0 677.0 272.0 Box 0
87.0 131.0 165.0 135.0 158.0 243.0 80.0 238.0 Box 0
295.0 30.0 373.0 27.0 376.0 81.0 298.0 85.0 Box 0
233.0 288.0 312.0 317.0 274.0 419.0 196.0 391.0 Box 0
71.0 41.0 127.0 33.0 138.0 112.0 82.0 121.0 Box 0
377.0 332.0 445.0 319.0 460.0 399.0 393.0 412.0 Box 0
173.0 30.0 251.0 24.0 256.0 77.0 178.0 84.0 Box 0
431.0 102.0 511.0 99.0 513.0 153.0 433.0 156.0 Box 0
