50.0 196.0 124.0 196.0 124.0 251.0 50.0 251.0 Box 0
523.0 203.0 649.0 193.0 659.0 312.0 533.0 322.0 Box 0
154.0 34.0 227.0 60.0 186.0 172.0 113.0 146.0 Box 0
15.0 50.0 126.0 36.0 142.0 165.0 31.0 179.0 Box 0
130.0 187.0 213.0 178.0 220.0 239.0 137.0 248.0 Box 0
394.0 39.0 464.0 45.0 457.0 132.0 387.0 126.0 Box 0
555.0 91.0 674.0 100.0 667.0 195.0 547.0 186.0 Box 0
571.0 46.0 659.0 36.0 663.0 68.0 575.0 78.0 Box 0
0.0 258.0 225.0 258.0 225.0 405.0 0.0 405.0 Box 0
502.0 328.0 558.0 327.0 560.0 400.0 504.0 401.0 Box 0
317.0 266.0 433.0 266.0 433.0 396.0 317.0 396.0 Box 0
303.0 86.0 411.0 96.0 395.0 274.0 287.0 264.0 Box 0
