740.0 28.0 784.0 28.0 784.0 84.0 740.0 84.0 Box 0
693.0 290.0 773.0 318.0 737.0 421.0 657.0 393.0 Box 0
642.0 226.0 724.0 229.0 722.0 285.0 640.0 281.0 Box 0
195.0 23.0 244.0 45.0 223.0 94.0 173.0 72.0 Box 0
502.0 130.0 583.0 159.0 546.0 260.0 465.0 231.0 Box 0
375.0 257.0 482.0 262.0 478.0 344.0 371.0 338.0 Box 0
665.0 107.0 752.0 97.0 764.0 205.0 677.0 215.0 Box 0
151.0 41.0 208.0 101.0 165.0 141.0 109.0 82.0 Box 0
413.0 355.0 493.0 352.0 495.0 406.0 415.0 409.0 Box 0
592.0 22.0 673.0 19.0 675.0 73.0 594.0 76.0 Box 0
