536.0 323.0 579.0 299.0 607.0 348.0 564.0 372.0 Box 0
18.0 345.0 132.0 340.0 135.0 400.0 21.0 405.0 Box 0
712.0 33.0 783.0 33.0 783.0 117.0 712.0 117.0 Box 0
0.0 51.0 46.0 51.0 46.0 106.0 0.0 106.0 Box 0
119.0 81.0 156.0 76.0 163.0 132.0 127.0 137.0 Box 0
379.0 234.0 408.0 221.0 444.0 302.0 414.0 315.0 Box 0
466.0 136.0 580.0 139.0 579.0 196.0 465.0 194.0 Box 0
527.0 48.0 574.0 28.0 594.0 75.0 547.0 95.0 Box 0
157.0 281.0 233.0 281.0 233.0 391.0 157.0 391.0 Box 0
665.0 192.0 784.0 192.0 784.0 332.0 665.0 332.0 Box 0
0.0 136.0 70.0 136.0 70.0 219.0 0.0 219.0 Box 0
0.0 220.0 31.0 220.0 31.0 293.0 0.0 293.0 Box 0
121.0 247.0 67.0 306.0 27.0 269.0 81.0 210.0 Box 0
466.0 36.0 571.0 82.0 548.0 135.0 443.0 89.0 Box 0
211.0 63.0 265.0 58.0 270.0 115.0 216.0 120.0 Box 0
232.0 161.0 269.0 234.0 214.0 262.0 177.0 189.0 Box 0
25.0 78.0 85.0 65.0 108.0 177.0 48.0 190.0 Box 0
