256.0 86.0 311.0 82.0 314.0 136.0 260.0 139.0 Box 0
397.0 161.0 435.0 234.0 382.0 261.0 345.0 188.0 Box 0
180.0 251.0 126.0 310.0 85.0 272.0 140.0 213.0 Box 0
333.0 291.0 387.0 322.0 341.0 405.0 287.0 374.0 Box 0
556.0 235.0 585.0 222.0 620.0 303.0 591.0 316.0 Box 0
6.0 46.0 85.0 37.0 92.0 94.0 13.0 103.0 Box 0
87.0 74.0 146.0 59.0 175.0 170.0 116.0 185.0 Box 0
110.0 213.0 55.0 216.0 50.0 137.0 105.0 133.0 Box 0
662.0 33.0 767.0 78.0 744.0 132.0 639.0 86.0 Box 0
391.0 62.0 443.0 57.0 449.0 111.0 396.0 116.0 Box 0
0.0 104.0 81.0 104.0 81.0 310.0 0.0 310.0 Box 0
701.0 46.0 748.0 26.0 768.0 72.0 721.0 92.0 Box 0
665.0 134.0 779.0 136.0 778.0 194.0 664.0 192.0 Box 0
705.0 297.0 784.0 297.0 784.0 371.0 705.0 371.0 Box 0
81.0 360.0 177.0 347.0 184.0 403.0 88.0 416.0 Box 0
