746.0 31.0 784.0 31.0 784.0 132.0 746.0 132.0 Box 0
763.0 145.0 784.0 145.0 784.0 201.0 763.0 201.0 Box 0
690.0 234.0 719.0 221.0 754.0 302.0 725.0 314.0 Box 0
67.0 39.0 146.0 28.0 154.0 82.0 75.0 94.0 Box 0
523.0 162.0 560.0 235.0 507.0 262.0 470.0 189.0 Box 0
391.0 83.0 445.0 79.0 448.0 133.0 394.0 136.0 Box 0
0.0 96.0 142.0 96.0 142.0 323.0 0.0 323.0 Box 0
186.0 271.0 254.0 229.0 283.0 275.0 214.0 317.0 Box 0
491.0 292.0 545.0 322.0 499.0 405.0 445.0 375.0 Box 0
163.0 214.0 114.0 212.0 116.0 132.0 165.0 134.0 Box 0
159.0 368.0 268.0 337.0 283.0 394.0 175.0 424.0 Box 0
527.0 60.0 579.0 55.0 585.0 109.0 532.0 114.0 Box 0
188.0 89.0 236.0 55.0 300.0 146.0 252.0 180.0 Box 0
