330.0 271.0 398.0 229.0 426.0 275.0 358.0 317.0 Box 0
290.0 221.0 238.0 213.0 250.0 135.0 303.0 143.0 Box 0
43.0 115.0 139.0 96.0 180.0 304.0 83.0 323.0 Box 0
0.0 197.0 53.0 197.0 53.0 314.0 0.0 314.0 Box 0
0.0 316.0 26.0 316.0 26.0 376.0 0.0 376.0 Box 0
313.0 369.0 422.0 338.0 438.0 394.0 329.0 425.0 Box 0
672.0 61.0 725.0 56.0 730.0 110.0 677.0 115.0 Box 0
656.0 294.0 710.0 325.0 664.0 408.0 609.0 377.0 Box 0
0.0 93.0 28.0 93.0 28.0 203.0 0.0 203.0 Box 0
343.0 86.0 392.0 53.0 454.0 145.0 405.0 178.0 Box 0
660.0 160.0 698.0 233.0 644.0 261.0 605.0 189.0 Box 0
534.0 82.0 588.0 78.0 592.0 132.0 537.0 135.0 Box 0
101.0 35.0 180.0 23.0 188.0 78.0 109.0 89.0 Box 0
