746.0 160.0 783.0 233.0 729.0 261.0 692.0 188.0 Box 0
420.0 270.0 488.0 228.0 517.0 274.0 448.0 316.0 Box 0
628.0 83.0 682.0 79.0 686.0 133.0 631.0 136.0 Box 0
379.0 221.0 327.0 213.0 339.0 135.0 392.0 143.0 Box 0
95.0 114.0 186.0 99.0 218.0 309.0 127.0 323.0 Box 0
442.0 86.0 491.0 53.0 553.0 145.0 504.0 178.0 Box 0
0.0 91.0 61.0 91.0 61.0 211.0 0.0 211.0 Box 0
671.0 287.0 784.0 287.0 784.0 411.0 671.0 411.0 Box 0
413.0 369.0 521.0 339.0 537.0 395.0 428.0 425.0 Box 0
0.0 201.0 80.0 201.0 80.0 319.0 0.0 319.0 Box 0
102.0 37.0 175.0 22.0 186.0 77.0 112.0 91.0 Box 0
0.0 318.0 54.0 318.0 54.0 381.0 0.0 381.0 Box 0
742.0 58.0 784.0 58.0 784.0 124.0 742.0 124.0 Box 0
