678.0 336.0 742.0 336.0 742.0 378.0 678.0 378.0 Box 0
388.0 0.0 443.0 0.0 443.0 45.0 388.0 45.0 Box 0
463.0 0.0 546.0 0.0 546.0 44.0 463.0 44.0 Box 0
122.0 0.0 195.0 0.0 195.0 59.0 122.0 59.0 Box 0
708.0 0.0 742.0 0.0 742.0 40.0 708.0 40.0 Box 0
539.0 311.0 652.0 311.0 652.0 378.0 539.0 378.0 Box 0
401.0 324.0 486.0 324.0 486.0 378.0 401.0 378.0 Box 0
0.0 14.0 36.0 14.0 36.0 108.0 0.0 108.0 Box 0
0.0 102.0 40.0 102.0 40.0 194.0 0.0 194.0 Box 0
585.0 0.0 666.0 0.0 666.0 39.0 585.0 39.0 Box 0
255.0 0.0 331.0 0.0 331.0 71.0 255.0 71.0 Box 0
0.0 271.0 55.0 271.0 55.0 360.0 0.0 360.0 Box 0
221.0 342.0 278.0 342.0 278.0 378.0 221.0 378.0 Box 0
305.0 338.0 383.0 338.0 383.0 378.0 305.0 378.0 Box 0
1.0 215.0 103.0 215.0 103.0 270.0 1.0 270.0 Box 0
