723.0 0.0 742.0 0.0 742.0 52.0 723.0 52.0 Box 0
0.0 99.0 64.0 99.0 64.0 190.0 0.0 190.0 Box 0
718.0 335.0 742.0 335.0 742.0 378.0 718.0 378.0 Box 0
0.0 273.0 54.0 273.0 54.0 362.0 0.0 362.0 Box 0
422.0 0.0 477.0 0.0 477.0 45.0 422.0 45.0 Box 0
576.0 310.0 689.0 310.0 689.0 378.0 576.0 378.0 Box 0
0.0 212.0 28.0 212.0 28.0 270.0 0.0 270.0 Box 0
254.0 341.0 312.0 341.0 312.0 378.0 254.0 378.0 Box 0
37.0 215.0 119.0 213.0 120.0 268.0 38.0 270.0 Box 0
285.0 0.0 364.0 0.0 364.0 67.0 285.0 67.0 Box 0
337.0 339.0 418.0 339.0 418.0 378.0 337.0 378.0 Box 0
440.0 326.0 520.0 326.0 520.0 378.0 440.0 378.0 Box 0
127.0 0.0 178.0 0.0 178.0 42.0 127.0 42.0 Box 0
498.0 0.0 583.0 0.0 583.0 45.0 498.0 45.0 Box 0
0.0 11.0 57.0 11.0 57.0 104.0 0.0 104.0 Box 0
621.0 0.0 703.0 0.0 703.0 43.0 621.0 43.0 Box 0
