162.0 70.0 226.0 149.0 174.0 191.0 110.0 112.0 Box 0
270.0 200.0 284.0 315.0 168.0 329.0 154.0 214.0 Box 0
1.0 150.0 95.0 100.0 122.0 150.0 29.0 201.0 Box 0
174.0 22.0 251.0 22.0 251.0 77.0 174.0 77.0 Box 0
743.0 220.0 690.0 212.0 702.0 134.0 755.0 142.0 Box 0
40.0 262.0 99.0 238.0 131.0 313.0 73.0 338.0 Box 0
42.0 49.0 133.0 35.0 143.0 102.0 52.0 116.0 Box 0
0.0 339.0 21.0 339.0 21.0 381.0 0.0 381.0 Box 0
497.0 117.0 593.0 102.0 625.0 310.0 529.0 325.0 Box 0
116.0 333.0 207.0 341.0 201.0 401.0 110.0 393.0 Box 0
16.0 328.0 100.0 328.0 100.0 384.0 16.0 384.0 Box 0
0.0 53.0 51.0 53.0 51.0 151.0 0.0 151.0 Box 0
99.0 200.0 112.0 235.0 68.0 251.0 55.0 217.0 Box 0
0.0 198.0 66.0 198.0 66.0 274.0 0.0 274.0 Box 0
0.0 269.0 59.0 269.0 59.0 327.0 0.0 327.0 Box 0
