460.0 22.0 540.0 21.0 541.0 74.0 462.0 76.0 Box 0
80.0 233.0 132.0 221.0 147.0 284.0 95.0 296.0 Box 0
220.0 144.0 325.0 102.0 347.0 157.0 242.0 199.0 Box 0
34.0 85.0 106.0 85.0 106.0 113.0 34.0 113.0 Box 0
78.0 185.0 121.0 192.0 114.0 236.0 72.0 230.0 Box 0
81.0 336.0 105.0 321.0 145.0 384.0 121.0 399.0 Box 0
304.0 243.0 354.0 309.0 308.0 343.0 259.0 276.0 Box 0
229.0 23.0 314.0 51.0 281.0 152.0 195.0 123.0 Box 0
0.0 78.0 34.0 78.0 34.0 188.0 0.0 188.0 Box 0
16.0 238.0 78.0 238.0 78.0 282.0 16.0 282.0 Box 0
135.0 209.0 192.0 191.0 216.0 267.0 160.0 285.0 Box 0
453.0 67.0 531.0 143.0 474.0 201.0 396.0 126.0 Box 0
12.0 148.0 71.0 154.0 63.0 232.0 4.0 226.0 Box 0
444.0 217.0 567.0 201.0 582.0 314.0 459.0 330.0 Box 0
374.0 340.0 457.0 340.0 457.0 402.0 374.0 402.0 Box 0
302.0 199.0 320.0 238.0 280.0 257.0 262.0 218.0 Box 0
1.0 306.0 39.0 258.0 106.0 310.0 69.0 359.0 Box 0
173.0 340.0 250.0 340.0 250.0 400.0 173.0 400.0 Box 0
194.0 338.0 113.0 348.0 106.0 293.0 187.0 283.0 Box 0
