496.0 0.0 550.0 0.0 550.0 44.0 496.0 44.0 Box 0
127.0 0.0 177.0 0.0 177.0 46.0 127.0 46.0 Box 0
513.0 325.0 595.0 325.0 595.0 378.0 513.0 378.0 Box 0
100.0 221.0 169.0 220.0 170.0 275.0 102.0 276.0 Box 0
9.0 224.0 63.0 215.0 71.0 265.0 17.0 274.0 Box 0
0.0 94.0 117.0 94.0 117.0 194.0 0.0 194.0 Box 0
0.0 242.0 14.0 242.0 14.0 292.0 0.0 292.0 Box 0
652.0 311.0 742.0 311.0 742.0 378.0 652.0 378.0 Box 0
328.0 342.0 383.0 342.0 383.0 378.0 328.0 378.0 Box 0
694.0 0.0 742.0 0.0 742.0 38.0 694.0 38.0 Box 0
358.0 0.0 431.0 0.0 431.0 67.0 358.0 67.0 Box 0
572.0 0.0 653.0 0.0 653.0 41.0 572.0 41.0 Box 0
0.0 2.0 110.0 2.0 110.0 100.0 0.0 100.0 Box 0
411.0 337.0 492.0 337.0 492.0 378.0 411.0 378.0 Box 0
9.0 279.0 117.0 285.0 111.0 371.0 4.0 364.0 Box 0
