231.0 336.0 297.0 370.0 285.0 394.0 219.0 359.0 Box 0
510.0 199.0 529.0 238.0 488.0 257.0 470.0 218.0 Box 0
133.0 243.0 217.0 243.0 217.0 287.0 133.0 287.0 Box 0
0.0 335.0 63.0 335.0 63.0 388.0 0.0 388.0 Box 0
264.0 59.0 371.0 21.0 411.0 133.0 304.0 171.0 Box 0
147.0 146.0 193.0 172.0 157.0 238.0 111.0 212.0 Box 0
334.0 211.0 391.0 189.0 420.0 265.0 363.0 287.0 Box 0
679.0 66.0 755.0 143.0 697.0 200.0 621.0 123.0 Box 0
402.0 33.0 486.0 27.0 493.0 143.0 409.0 149.0 Box 0
394.0 341.0 316.0 350.0 309.0 295.0 387.0 285.0 Box 0
228.0 186.0 267.0 203.0 250.0 242.0 211.0 225.0 Box 0
0.0 98.0 36.0 98.0 36.0 153.0 0.0 153.0 Box 0
377.0 347.0 455.0 342.0 459.0 399.0 381.0 404.0 Box 0
3.0 245.0 39.0 245.0 39.0 290.0 3.0 290.0 Box 0
0.0 178.0 97.0 178.0 97.0 259.0 0.0 259.0 Box 0
532.0 242.0 582.0 308.0 536.0 342.0 487.0 276.0 Box 0
681.0 20.0 760.0 18.0 761.0 72.0 682.0 74.0 Box 0
286.0 287.0 236.0 304.0 214.0 238.0 264.0 222.0 Box 0
578.0 341.0 660.0 341.0 660.0 404.0 578.0 404.0 Box 0
654.0 200.0 784.0 200.0 784.0 327.0 654.0 327.0 Box 0
59.0 246.0 104.0 280.0 53.0 347.0 8.0 313.0 Box 0
99.0 317.0 137.0 268.0 204.0 321.0 167.0 369.0 Box 0
174.0 85.0 245.0 84.0 246.0 111.0 174.0 112.0 Box 0
455.0 143.0 560.0 101.0 582.0 156.0 477.0 198.0 Box 0
41.0 67.0 127.0 72.0 121.0 182.0 34.0 177.0 Box 0
