561.0 199.0 579.0 238.0 540.0 257.0 522.0 218.0 Box 0
198.0 148.0 242.0 182.0 194.0 244.0 150.0 210.0 Box 0
315.0 60.0 422.0 22.0 462.0 134.0 355.0 172.0 Box 0
446.0 341.0 368.0 350.0 361.0 295.0 440.0 285.0 Box 0
429.0 347.0 507.0 342.0 511.0 399.0 433.0 404.0 Box 0
222.0 84.0 298.0 83.0 299.0 112.0 223.0 113.0 Box 0
35.0 256.0 81.0 256.0 81.0 297.0 35.0 297.0 Box 0
281.0 337.0 347.0 371.0 335.0 394.0 269.0 360.0 Box 0
659.0 72.0 784.0 72.0 784.0 204.0 659.0 204.0 Box 0
1.0 92.0 77.0 92.0 77.0 155.0 1.0 155.0 Box 0
0.0 218.0 43.0 218.0 43.0 290.0 0.0 290.0 Box 0
336.0 288.0 286.0 304.0 265.0 238.0 314.0 222.0 Box 0
594.0 243.0 643.0 309.0 598.0 343.0 548.0 277.0 Box 0
453.0 32.0 537.0 26.0 544.0 142.0 461.0 147.0 Box 0
0.0 290.0 44.0 290.0 44.0 328.0 0.0 328.0 Box 0
280.0 187.0 319.0 204.0 302.0 243.0 263.0 226.0 Box 0
701.0 211.0 784.0 211.0 784.0 329.0 701.0 329.0 Box 0
714.0 20.0 784.0 20.0 784.0 76.0 714.0 76.0 Box 0
383.0 210.0 440.0 188.0 470.0 264.0 413.0 286.0 Box 0
181.0 243.0 242.0 243.0 242.0 288.0 181.0 288.0 Box 0
629.0 340.0 712.0 340.0 712.0 403.0 629.0 403.0 Box 0
81.0 65.0 173.0 70.0 166.0 181.0 75.0 175.0 Box 0
125.0 318.0 162.0 269.0 230.0 322.0 192.0 370.0 Box 0
517.0 145.0 621.0 103.0 643.0 158.0 539.0 200.0 Box 0
32.0 340.0 91.0 340.0 91.0 394.0 32.0 394.0 Box 0
98.0 247.0 142.0 283.0 89.0 348.0 45.0 312.0 Box 0
21.0 175.0 105.0 203.0 87.0 258.0 3.0 230.0 Box 0
