458.0 256.0 499.0 296.0 440.0 356.0 400.0 316.0 Box 0
652.0 80.0 728.0 79.0 728.0 108.0 653.0 109.0 Box 0
282.0 84.0 359.0 96.0 350.0 151.0 273.0 139.0 Box 0
0.0 55.0 74.0 55.0 74.0 124.0 0.0 124.0 Box 0
58.0 289.0 100.0 283.0 108.0 336.0 66.0 342.0 Box 0
252.0 159.0 295.0 167.0 284.0 222.0 241.0 213.0 Box 0
309.0 287.0 339.0 253.0 371.0 281.0 342.0 315.0 Box 0
366.0 343.0 385.0 392.0 334.0 412.0 315.0 363.0 Box 0
227.0 221.0 274.0 246.0 248.0 295.0 201.0 270.0 Box 0
195.0 211.0 145.0 154.0 163.0 137.0 214.0 194.0 Box 0
0.0 109.0 137.0 109.0 137.0 347.0 0.0 347.0 Box 0
55.0 128.0 71.0 106.0 132.0 152.0 116.0 174.0 Box 0
361.0 173.0 435.0 215.0 406.0 264.0 333.0 222.0 Box 0
753.0 52.0 784.0 52.0 784.0 150.0 753.0 150.0 Box 0
66.0 33.0 204.0 33.0 204.0 131.0 66.0 131.0 Box 0
715.0 185.0 754.0 203.0 737.0 242.0 697.0 224.0 Box 0
761.0 288.0 711.0 305.0 689.0 239.0 739.0 222.0 Box 0
207.0 304.0 248.0 309.0 243.0 346.0 202.0 340.0 Box 0
466.0 72.0 550.0 58.0 568.0 165.0 485.0 179.0 Box 0
544.0 328.0 575.0 276.0 645.0 318.0 613.0 370.0 Box 0
168.0 313.0 115.0 324.0 103.0 271.0 157.0 260.0 Box 0
54.0 324.0 125.0 324.0 125.0 382.0 54.0 382.0 Box 0
715.0 338.0 783.0 369.0 772.0 393.0 704.0 362.0 Box 0
649.0 148.0 692.0 181.0 644.0 243.0 601.0 210.0 Box 0
665.0 243.0 726.0 243.0 726.0 290.0 665.0 290.0 Box 0
