307.0 310.0 257.0 328.0 238.0 278.0 288.0 260.0 Box 0
0.0 116.0 57.0 116.0 57.0 225.0 0.0 225.0 Box 0
350.0 212.0 297.0 157.0 315.0 140.0 368.0 195.0 Box 0
750.0 183.0 784.0 183.0 784.0 231.0 750.0 231.0 Box 0
634.0 255.0 675.0 295.0 616.0 355.0 576.0 314.0 Box 0
389.0 222.0 436.0 247.0 409.0 296.0 363.0 271.0 Box 0
531.0 174.0 605.0 216.0 577.0 265.0 503.0 223.0 Box 0
0.0 303.0 58.0 303.0 58.0 359.0 0.0 359.0 Box 0
0.0 120.0 207.0 120.0 207.0 349.0 0.0 349.0 Box 0
35.0 45.0 147.0 45.0 147.0 117.0 35.0 117.0 Box 0
138.0 127.0 154.0 106.0 215.0 151.0 199.0 173.0 Box 0
361.0 304.0 402.0 310.0 397.0 346.0 356.0 340.0 Box 0
698.0 275.0 784.0 275.0 784.0 367.0 698.0 367.0 Box 0
466.0 287.0 495.0 254.0 527.0 282.0 498.0 315.0 Box 0
0.0 354.0 46.0 354.0 46.0 386.0 0.0 386.0 Box 0
83.0 387.0 48.0 381.0 56.0 333.0 91.0 339.0 Box 0
635.0 72.0 718.0 58.0 737.0 165.0 653.0 179.0 Box 0
529.0 343.0 550.0 391.0 499.0 413.0 478.0 365.0 Box 0
403.0 158.0 446.0 167.0 436.0 221.0 393.0 213.0 Box 0
0.0 63.0 67.0 63.0 67.0 121.0 0.0 121.0 Box 0
142.0 293.0 195.0 293.0 195.0 349.0 142.0 349.0 Box 0
200.0 42.0 309.0 40.0 311.0 124.0 202.0 126.0 Box 0
124.0 319.0 189.0 319.0 189.0 388.0 124.0 388.0 Box 0
446.0 81.0 523.0 93.0 514.0 148.0 437.0 136.0 Box 0
