63.0 46.0 183.0 46.0 183.0 119.0 63.0 119.0 Box 0
437.0 304.0 477.0 310.0 472.0 346.0 431.0 341.0 Box 0
167.0 310.0 227.0 302.0 237.0 383.0 176.0 390.0 Box 0
0.0 107.0 95.0 107.0 95.0 227.0 0.0 227.0 Box 0
185.0 297.0 225.0 303.0 216.0 356.0 177.0 349.0 Box 0
12.0 57.0 89.0 57.0 89.0 119.0 12.0 119.0 Box 0
283.0 41.0 392.0 39.0 394.0 123.0 285.0 126.0 Box 0
611.0 344.0 632.0 392.0 582.0 414.0 561.0 366.0 Box 0
0.0 300.0 80.0 300.0 80.0 357.0 0.0 357.0 Box 0
620.0 175.0 693.0 217.0 665.0 266.0 592.0 224.0 Box 0
387.0 310.0 337.0 328.0 318.0 278.0 368.0 260.0 Box 0
545.0 288.0 573.0 255.0 605.0 283.0 577.0 316.0 Box 0
701.0 62.0 784.0 62.0 784.0 184.0 701.0 184.0 Box 0
209.0 129.0 223.0 106.0 287.0 148.0 273.0 171.0 Box 0
720.0 256.0 761.0 296.0 703.0 354.0 663.0 314.0 Box 0
0.0 230.0 42.0 230.0 42.0 299.0 0.0 299.0 Box 0
67.0 391.0 16.0 385.0 19.0 358.0 70.0 364.0 Box 0
105.0 389.0 70.0 383.0 78.0 335.0 113.0 341.0 Box 0
471.0 220.0 518.0 245.0 491.0 294.0 445.0 269.0 Box 0
479.0 157.0 522.0 165.0 512.0 220.0 469.0 212.0 Box 0
427.0 210.0 375.0 155.0 393.0 138.0 445.0 192.0 Box 0
124.0 115.0 225.0 179.0 119.0 347.0 18.0 284.0 Box 0
527.0 82.0 604.0 95.0 595.0 149.0 518.0 137.0 Box 0
