186.0 32.0 296.0 32.0 296.0 103.0 186.0 103.0 Box 0
158.0 366.0 204.0 366.0 204.0 403.0 158.0 403.0 Box 0
424.0 122.0 510.0 201.0 375.0 350.0 288.0 270.0 Box 0
714.0 224.0 784.0 224.0 784.0 298.0 714.0 298.0 Box 0
573.0 40.0 682.0 37.0 684.0 122.0 575.0 124.0 Box 0
669.0 311.0 619.0 329.0 600.0 279.0 650.0 261.0 Box 0
187.0 322.0 50.0 307.0 59.0 231.0 195.0 246.0 Box 0
0.0 47.0 62.0 47.0 62.0 112.0 0.0 112.0 Box 0
81.0 316.0 8.0 281.0 32.0 228.0 106.0 263.0 Box 0
147.0 111.0 278.0 111.0 278.0 233.0 147.0 233.0 Box 0
33.0 25.0 108.0 17.0 115.0 77.0 40.0 86.0 Box 0
699.0 209.0 645.0 156.0 663.0 138.0 717.0 191.0 Box 0
206.0 334.0 244.0 334.0 244.0 396.0 206.0 396.0 Box 0
425.0 311.0 486.0 304.0 496.0 384.0 435.0 391.0 Box 0
733.0 160.0 781.0 160.0 781.0 223.0 733.0 223.0 Box 0
0.0 178.0 39.0 178.0 39.0 250.0 0.0 250.0 Box 0
132.0 307.0 220.0 307.0 220.0 364.0 132.0 364.0 Box 0
99.0 393.0 11.0 384.0 18.0 315.0 105.0 324.0 Box 0
706.0 303.0 746.0 313.0 737.0 349.0 697.0 339.0 Box 0
474.0 296.0 515.0 303.0 507.0 356.0 466.0 349.0 Box 0
92.0 233.0 43.0 238.0 37.0 186.0 86.0 180.0 Box 0
137.0 42.0 197.0 42.0 197.0 106.0 137.0 106.0 Box 0
0.0 124.0 66.0 124.0 66.0 187.0 0.0 187.0 Box 0
73.0 164.0 131.0 148.0 151.0 226.0 94.0 242.0 Box 0
475.0 129.0 489.0 106.0 553.0 148.0 538.0 171.0 Box 0
