27.0 128.0 104.0 145.0 93.0 193.0 16.0 176.0 Box 0
261.0 107.0 357.0 156.0 320.0 229.0 224.0 180.0 Box 0
207.0 305.0 299.0 305.0 299.0 369.0 207.0 369.0 Box 0
128.0 231.0 79.0 239.0 71.0 187.0 120.0 179.0 Box 0
561.0 127.0 575.0 105.0 639.0 146.0 625.0 169.0 Box 0
667.0 43.0 777.0 40.0 779.0 124.0 669.0 127.0 Box 0
131.0 397.0 44.0 388.0 51.0 319.0 138.0 327.0 Box 0
761.0 311.0 711.0 329.0 693.0 279.0 743.0 261.0 Box 0
250.0 35.0 360.0 23.0 368.0 93.0 258.0 105.0 Box 0
0.0 173.0 75.0 173.0 75.0 250.0 0.0 250.0 Box 0
236.0 321.0 97.0 306.0 105.0 231.0 244.0 246.0 Box 0
725.0 139.0 784.0 139.0 784.0 200.0 725.0 200.0 Box 0
293.0 334.0 333.0 334.0 333.0 396.0 293.0 396.0 Box 0
243.0 367.0 292.0 367.0 292.0 403.0 243.0 403.0 Box 0
0.0 252.0 45.0 252.0 45.0 319.0 0.0 319.0 Box 0
521.0 121.0 608.0 200.0 472.0 348.0 386.0 269.0 Box 0
113.0 318.0 40.0 284.0 65.0 231.0 138.0 266.0 Box 0
170.0 50.0 243.0 37.0 253.0 93.0 180.0 105.0 Box 0
569.0 296.0 610.0 303.0 602.0 356.0 561.0 349.0 Box 0
0.0 45.0 92.0 45.0 92.0 107.0 0.0 107.0 Box 0
66.0 23.0 141.0 12.0 150.0 71.0 75.0 82.0 Box 0
510.0 310.0 570.0 303.0 580.0 383.0 520.0 390.0 Box 0
103.0 164.0 164.0 148.0 186.0 229.0 125.0 245.0 Box 0
