248.0 82.0 347.0 53.0 365.0 114.0 266.0 143.0 Box 0
453.0 249.0 576.0 325.0 494.0 459.0 371.0 384.0 Box 0
52.0 141.0 106.0 99.0 148.0 152.0 94.0 195.0 Box 0
139.0 327.0 208.0 397.0 144.0 460.0 75.0 390.0 Box 0
76.0 15.0 149.0 2.0 161.0 71.0 88.0 84.0 Box 0
405.0 167.0 512.0 154.0 522.0 241.0 416.0 254.0 Box 0
281.0 172.0 367.0 156.0 394.0 290.0 308.0 307.0 Box 0
149.0 175.0 260.0 175.0 260.0 324.0 149.0 324.0 Box 0
368.0 43.0 478.0 0.0 515.0 96.0 406.0 139.0 Box 0
154.0 98.0 220.0 78.0 240.0 144.0 175.0 165.0 Box 0
210.0 343.0 348.0 343.0 348.0 445.0 210.0 445.0 Box 0
36.0 217.0 140.0 209.0 146.0 299.0 43.0 306.0 Box 0
