342.0 308.0 262.0 307.0 263.0 248.0 343.0 249.0 Box 0
0.0 146.0 51.0 146.0 51.0 216.0 0.0 216.0 Box 0
0.0 64.0 74.0 64.0 74.0 148.0 0.0 148.0 Box 0
0.0 246.0 26.0 246.0 26.0 304.0 0.0 304.0 Box 0
199.0 24.0 400.0 24.0 400.0 142.0 199.0 142.0 Box 0
103.0 324.0 159.0 324.0 159.0 364.0 103.0 364.0 Box 0
765.0 310.0 691.0 287.0 709.0 231.0 782.0 254.0 Box 0
100.0 68.0 145.0 67.0 146.0 111.0 101.0 112.0 Box 0
711.0 15.0 784.0 15.0 784.0 106.0 711.0 106.0 Box 0
722.0 328.0 784.0 328.0 784.0 408.0 722.0 408.0 Box 0
342.0 335.0 394.0 348.0 380.0 402.0 328.0 388.0 Box 0
634.0 124.0 704.0 148.0 687.0 199.0 616.0 175.0 Box 0
461.0 192.0 634.0 144.0 659.0 234.0 486.0 282.0 Box 0
468.0 283.0 542.0 250.0 567.0 305.0 493.0 339.0 Box 0
46.0 240.0 102.0 300.0 59.0 339.0 3.0 279.0 Box 0
72.0 195.0 105.0 152.0 150.0 187.0 117.0 230.0 Box 0
464.0 32.0 545.0 31.0 546.0 72.0 465.0 73.0 Box 0
