744.0 269.0 784.0 269.0 784.0 337.0 744.0 337.0 Box 0
298.0 193.0 340.0 159.0 375.0 202.0 333.0 236.0 Box 0
111.0 249.0 124.0 306.0 80.0 316.0 67.0 260.0 Box 0
329.0 67.0 373.0 66.0 374.0 110.0 330.0 111.0 Box 0
167.0 249.0 220.0 311.0 174.0 350.0 121.0 288.0 Box 0
737.0 26.0 784.0 26.0 784.0 87.0 737.0 87.0 Box 0
68.0 57.0 95.0 59.0 93.0 104.0 66.0 103.0 Box 0
94.0 43.0 193.0 43.0 193.0 136.0 94.0 136.0 Box 0
614.0 308.0 532.0 306.0 533.0 247.0 615.0 249.0 Box 0
345.0 328.0 401.0 334.0 397.0 377.0 341.0 372.0 Box 0
0.0 189.0 92.0 189.0 92.0 319.0 0.0 319.0 Box 0
631.0 335.0 683.0 348.0 669.0 402.0 617.0 388.0 Box 0
0.0 56.0 89.0 56.0 89.0 162.0 0.0 162.0 Box 0
34.0 340.0 90.0 348.0 83.0 402.0 26.0 394.0 Box 0
513.0 22.0 716.0 17.0 719.0 136.0 515.0 141.0 Box 0
0.0 128.0 24.0 128.0 24.0 188.0 0.0 188.0 Box 0
0.0 320.0 34.0 320.0 34.0 365.0 0.0 365.0 Box 0
116.0 133.0 165.0 164.0 136.0 209.0 88.0 178.0 Box 0
