0.0 63.0 65.0 63.0 65.0 131.0 0.0 131.0 Box 0
0.0 172.0 74.0 172.0 74.0 244.0 0.0 244.0 Box 0
61.0 295.0 120.0 292.0 123.0 373.0 64.0 376.0 Box 0
546.0 65.0 590.0 64.0 591.0 108.0 547.0 109.0 Box 0
746.0 246.0 784.0 246.0 784.0 310.0 746.0 310.0 Box 0
277.0 44.0 359.0 51.0 354.0 119.0 272.0 113.0 Box 0
257.0 242.0 291.0 290.0 254.0 317.0 219.0 269.0 Box 0
78.0 73.0 127.0 44.0 168.0 114.0 118.0 143.0 Box 0
350.0 251.0 397.0 318.0 347.0 353.0 300.0 286.0 Box 0
146.0 343.0 213.0 343.0 213.0 413.0 146.0 413.0 Box 0
574.0 329.0 630.0 335.0 625.0 379.0 569.0 373.0 Box 0
64.0 228.0 141.0 191.0 187.0 289.0 111.0 325.0 Box 0
137.0 40.0 196.0 40.0 196.0 96.0 137.0 96.0 Box 0
46.0 122.0 101.0 124.0 99.0 181.0 44.0 179.0 Box 0
719.0 21.0 784.0 21.0 784.0 156.0 719.0 156.0 Box 0
0.0 233.0 48.0 233.0 48.0 299.0 0.0 299.0 Box 0
281.0 133.0 332.0 159.0 308.0 206.0 257.0 180.0 Box 0
522.0 193.0 564.0 159.0 600.0 202.0 558.0 236.0 Box 0
