40.0 102.0 87.0 102.0 87.0 146.0 40.0 146.0 Box 0
18.0 164.0 73.0 184.0 54.0 234.0 0.0 213.0 Box 0
90.0 48.0 193.0 48.0 193.0 117.0 90.0 117.0 Box 0
600.0 42.0 682.0 48.0 676.0 117.0 594.0 110.0 Box 0
646.0 251.0 695.0 316.0 647.0 353.0 597.0 288.0 Box 0
234.0 309.0 292.0 299.0 306.0 379.0 248.0 389.0 Box 0
332.0 104.0 359.0 58.0 426.0 98.0 400.0 143.0 Box 0
25.0 312.0 78.0 295.0 101.0 365.0 48.0 383.0 Box 0
110.0 170.0 213.0 170.0 213.0 240.0 110.0 240.0 Box 0
448.0 363.0 503.0 353.0 513.0 408.0 458.0 418.0 Box 0
53.0 232.0 147.0 242.0 140.0 304.0 46.0 293.0 Box 0
317.0 248.0 378.0 189.0 453.0 267.0 393.0 326.0 Box 0
595.0 246.0 629.0 294.0 591.0 320.0 557.0 273.0 Box 0
256.0 119.0 307.0 133.0 292.0 186.0 241.0 172.0 Box 0
598.0 132.0 649.0 155.0 627.0 203.0 575.0 180.0 Box 0
79.0 160.0 137.0 179.0 117.0 243.0 59.0 225.0 Box 0
0.0 67.0 43.0 67.0 43.0 155.0 0.0 155.0 Box 0
0.0 210.0 31.0 210.0 31.0 274.0 0.0 274.0 Box 0
390.0 30.0 429.0 52.0 410.0 86.0 371.0 64.0 Box 0
