133.0 162.0 196.0 184.0 169.0 260.0 106.0 238.0 Box 0
390.0 119.0 441.0 134.0 426.0 187.0 375.0 172.0 Box 0
590.0 363.0 646.0 353.0 656.0 408.0 600.0 418.0 Box 0
0.0 251.0 46.0 251.0 46.0 367.0 0.0 367.0 Box 0
358.0 309.0 417.0 298.0 431.0 379.0 372.0 389.0 Box 0
97.0 91.0 141.0 91.0 141.0 137.0 97.0 137.0 Box 0
0.0 84.0 56.0 84.0 56.0 179.0 0.0 179.0 Box 0
153.0 67.0 225.0 37.0 247.0 88.0 175.0 119.0 Box 0
78.0 318.0 131.0 301.0 154.0 372.0 101.0 389.0 Box 0
468.0 104.0 495.0 58.0 562.0 98.0 535.0 143.0 Box 0
521.0 28.0 560.0 50.0 541.0 84.0 502.0 62.0 Box 0
751.0 252.0 784.0 252.0 784.0 351.0 751.0 351.0 Box 0
79.0 162.0 134.0 182.0 115.0 232.0 61.0 211.0 Box 0
29.0 62.0 71.0 56.0 82.0 139.0 40.0 144.0 Box 0
735.0 133.0 783.0 155.0 762.0 201.0 713.0 179.0 Box 0
255.0 169.0 329.0 202.0 312.0 241.0 237.0 208.0 Box 0
128.0 236.0 244.0 236.0 244.0 305.0 128.0 305.0 Box 0
2.0 210.0 55.0 193.0 80.0 269.0 27.0 286.0 Box 0
456.0 247.0 517.0 188.0 593.0 266.0 532.0 325.0 Box 0
744.0 244.0 778.0 292.0 741.0 319.0 707.0 271.0 Box 0
715.0 39.0 784.0 39.0 784.0 123.0 715.0 123.0 Box 0
