244.0 295.0 315.0 290.0 320.0 372.0 250.0 376.0 Box 0
515.0 232.0 571.0 221.0 582.0 271.0 525.0 282.0 Box 0
262.0 186.0 329.0 202.0 312.0 280.0 244.0 265.0 Box 0
370.0 315.0 454.0 315.0 454.0 378.0 370.0 378.0 Box 0
619.0 223.0 701.0 219.0 704.0 271.0 622.0 275.0 Box 0
378.0 193.0 433.0 187.0 439.0 239.0 384.0 246.0 Box 0
521.0 0.0 579.0 0.0 579.0 55.0 521.0 55.0 Box 0
276.0 0.0 386.0 0.0 386.0 80.0 276.0 80.0 Box 0
18.0 238.0 105.0 235.0 108.0 342.0 21.0 345.0 Box 0
495.0 106.0 613.0 97.0 620.0 180.0 502.0 190.0 Box 0
413.0 11.0 520.0 2.0 527.0 86.0 420.0 95.0 Box 0
140.0 321.0 187.0 319.0 190.0 373.0 142.0 375.0 Box 0
377.0 258.0 457.0 260.0 455.0 315.0 376.0 313.0 Box 0
0.0 238.0 16.0 238.0 16.0 344.0 0.0 344.0 Box 0
144.0 231.0 198.0 222.0 210.0 300.0 156.0 308.0 Box 0
0.0 9.0 57.0 9.0 57.0 220.0 0.0 220.0 Box 0
42.0 0.0 217.0 0.0 217.0 213.0 42.0 213.0 Box 0
522.0 297.0 632.0 297.0 632.0 378.0 522.0 378.0 Box 0
333.0 117.0 410.0 114.0 412.0 167.0 335.0 171.0 Box 0
