280.0 239.0 370.0 234.0 373.0 297.0 283.0 302.0 Box 0
625.0 250.0 682.0 189.0 764.0 265.0 706.0 327.0 Box 0
678.0 28.0 717.0 50.0 700.0 80.0 661.0 58.0 Box 0
77.0 213.0 129.0 194.0 157.0 269.0 104.0 288.0 Box 0
250.0 163.0 305.0 190.0 269.0 263.0 214.0 237.0 Box 0
732.0 340.0 784.0 340.0 784.0 420.0 732.0 420.0 Box 0
310.0 70.0 376.0 31.0 405.0 78.0 339.0 117.0 Box 0
208.0 97.0 252.0 106.0 243.0 150.0 198.0 141.0 Box 0
107.0 54.0 149.0 49.0 159.0 131.0 117.0 136.0 Box 0
0.0 77.0 127.0 77.0 127.0 190.0 0.0 190.0 Box 0
156.0 329.0 209.0 312.0 232.0 383.0 179.0 400.0 Box 0
512.0 310.0 571.0 300.0 585.0 380.0 526.0 390.0 Box 0
633.0 101.0 659.0 55.0 727.0 95.0 700.0 140.0 Box 0
554.0 119.0 605.0 133.0 590.0 186.0 540.0 172.0 Box 0
421.0 167.0 495.0 201.0 478.0 240.0 403.0 207.0 Box 0
168.0 163.0 219.0 191.0 194.0 237.0 143.0 209.0 Box 0
0.0 261.0 123.0 261.0 123.0 384.0 0.0 384.0 Box 0
