683.0 169.0 784.0 169.0 784.0 239.0 683.0 239.0 Box 0
518.0 163.0 573.0 188.0 540.0 263.0 484.0 238.0 Box 0
608.0 240.0 697.0 235.0 701.0 298.0 612.0 304.0 Box 0
483.0 94.0 526.0 104.0 517.0 146.0 474.0 137.0 Box 0
455.0 163.0 506.0 191.0 481.0 237.0 430.0 209.0 Box 0
352.0 69.0 385.0 45.0 431.0 109.0 398.0 133.0 Box 0
595.0 71.0 661.0 32.0 689.0 80.0 623.0 119.0 Box 0
189.0 398.0 7.0 404.0 3.0 284.0 185.0 279.0 Box 0
105.0 83.0 247.0 83.0 247.0 182.0 105.0 182.0 Box 0
425.0 327.0 478.0 310.0 501.0 382.0 448.0 399.0 Box 0
6.0 222.0 91.0 213.0 97.0 271.0 13.0 280.0 Box 0
39.0 65.0 107.0 102.0 94.0 127.0 26.0 90.0 Box 0
86.0 183.0 130.0 167.0 147.0 212.0 102.0 228.0 Box 0
303.0 215.0 352.0 196.0 380.0 271.0 331.0 289.0 Box 0
