140.0 246.0 216.0 245.0 217.0 352.0 141.0 353.0 Box 0
138.0 0.0 334.0 0.0 334.0 227.0 138.0 227.0 Box 0
651.0 0.0 706.0 0.0 706.0 60.0 651.0 60.0 Box 0
516.0 258.0 596.0 261.0 594.0 316.0 515.0 313.0 Box 0
662.0 299.0 742.0 299.0 742.0 378.0 662.0 378.0 Box 0
382.0 295.0 452.0 290.0 457.0 372.0 387.0 376.0 Box 0
14.0 4.0 135.0 4.0 135.0 207.0 14.0 207.0 Box 0
514.0 194.0 568.0 188.0 574.0 240.0 520.0 246.0 Box 0
616.0 96.0 742.0 96.0 742.0 193.0 616.0 193.0 Box 0
400.0 185.0 468.0 200.0 450.0 278.0 383.0 263.0 Box 0
406.0 0.0 516.0 0.0 516.0 82.0 406.0 82.0 Box 0
653.0 232.0 710.0 221.0 720.0 271.0 663.0 282.0 Box 0
459.0 119.0 538.0 115.0 540.0 168.0 461.0 172.0 Box 0
503.0 315.0 593.0 315.0 593.0 378.0 503.0 378.0 Box 0
278.0 231.0 332.0 222.0 344.0 300.0 290.0 308.0 Box 0
320.0 319.0 324.0 372.0 273.0 377.0 268.0 323.0 Box 0
15.0 245.0 100.0 257.0 86.0 365.0 1.0 354.0 Box 0
543.0 9.0 650.0 0.0 657.0 84.0 550.0 93.0 Box 0
