3.0 98.0 53.0 81.0 70.0 129.0 19.0 146.0 Box 0
308.0 181.0 353.0 173.0 360.0 217.0 316.0 225.0 Box 0
690.0 329.0 741.0 309.0 770.0 381.0 718.0 402.0 Box 0
68.0 101.0 146.0 130.0 125.0 188.0 47.0 159.0 Box 0
157.0 283.0 359.0 283.0 359.0 414.0 157.0 414.0 Box 0
0.0 287.0 52.0 287.0 52.0 382.0 0.0 382.0 Box 0
741.0 94.0 784.0 94.0 784.0 145.0 741.0 145.0 Box 0
2.0 164.0 79.0 148.0 92.0 215.0 15.0 231.0 Box 0
108.0 287.0 133.0 323.0 97.0 348.0 72.0 312.0 Box 0
713.0 163.0 790.0 163.0 790.0 237.0 713.0 237.0 Box 0
156.0 213.0 224.0 213.0 224.0 286.0 156.0 286.0 Box 0
192.0 60.0 266.0 84.0 257.0 111.0 183.0 87.0 Box 0
380.0 104.0 486.0 82.0 503.0 163.0 396.0 185.0 Box 0
583.0 216.0 631.0 196.0 662.0 270.0 613.0 290.0 Box 0
11.0 257.0 90.0 230.0 103.0 267.0 24.0 295.0 Box 0
641.0 64.0 674.0 41.0 720.0 105.0 687.0 128.0 Box 0
