584.0 75.0 494.0 79.0 492.0 18.0 582.0 15.0 Box 0
492.0 80.0 407.0 83.0 405.0 22.0 490.0 19.0 Box 0
344.0 32.0 404.0 32.0 404.0 90.0 344.0 90.0 Box 0
285.0 15.0 343.0 15.0 343.0 77.0 285.0 77.0 Box 0
222.0 14.0 284.0 14.0 284.0 74.0 222.0 74.0 Box 0
162.0 14.0 222.0 14.0 222.0 75.0 162.0 75.0 Box 0
164.0 64.0 111.0 98.0 79.0 46.0 132.0 13.0 Box 0
137.0 133.0 87.0 165.0 27.0 72.0 78.0 40.0 Box 0
205.0 84.0 193.0 146.0 134.0 134.0 146.0 73.0 Box 0
285.0 113.0 243.0 157.0 197.0 112.0 239.0 69.0 Box 0
317.0 182.0 267.0 218.0 231.0 167.0 281.0 131.0 Box 0
442.0 169.0 385.0 197.0 358.0 143.0 415.0 115.0 Box 0
494.0 137.0 435.0 155.0 417.0 98.0 476.0 80.0 Box 0
557.0 137.0 498.0 152.0 482.0 92.0 541.0 76.0 Box 0
243.0 181.0 198.0 223.0 156.0 177.0 200.0 136.0 Box 0
237.0 188.0 281.0 234.0 240.0 273.0 196.0 226.0 Box 0
386.0 209.0 336.0 235.0 310.0 185.0 360.0 159.0 Box 0
378.0 289.0 321.0 300.0 310.0 241.0 366.0 230.0 Box 0
422.0 267.0 377.0 275.0 367.0 219.0 412.0 211.0 Box 0
428.0 213.0 488.0 217.0 484.0 276.0 424.0 272.0 Box 0
490.0 224.0 551.0 230.0 545.0 290.0 484.0 283.0 Box 0
262.0 294.0 220.0 331.0 182.0 287.0 224.0 250.0 Box 0
209.0 256.0 98.0 338.0 41.0 261.0 152.0 179.0 Box 0
127.0 354.0 84.0 397.0 38.0 352.0 81.0 308.0 Box 0
212.0 333.0 153.0 374.0 117.0 322.0 176.0 281.0 Box 0
28.0 274.0 77.0 274.0 77.0 349.0 28.0 349.0 Box 0
85.0 227.0 44.0 255.0 26.0 229.0 67.0 201.0 Box 0
28.0 105.0 86.0 105.0 86.0 219.0 28.0 219.0 Box 0
168.0 165.0 121.0 200.0 95.0 167.0 142.0 131.0 Box 0
408.0 375.0 347.0 376.0 345.0 314.0 406.0 312.0 Box 0
347.0 377.0 286.0 380.0 282.0 321.0 343.0 317.0 Box 0
287.0 384.0 229.0 392.0 219.0 331.0 278.0 323.0 Box 0
321.0 313.0 260.0 323.0 250.0 262.0 311.0 252.0 Box 0
414.0 310.0 526.0 317.0 522.0 387.0 410.0 380.0 Box 0
229.0 390.0 165.0 451.0 124.0 409.0 188.0 347.0 Box 0
210.0 406.0 272.0 406.0 272.0 461.0 210.0 461.0 Box 0
274.0 404.0 334.0 404.0 334.0 462.0 274.0 462.0 Box 0
389.0 449.0 334.0 450.0 333.0 394.0 389.0 393.0 Box 0
125.0 452.0 64.0 462.0 56.0 415.0 117.0 404.0 Box 0
392.0 398.0 438.0 398.0 438.0 455.0 392.0 455.0 Box 0
441.0 399.0 486.0 399.0 486.0 457.0 441.0 457.0 Box 0
