163.0 67.0 112.0 97.0 81.0 44.0 132.0 14.0 Box 0
221.0 74.0 162.0 75.0 161.0 14.0 221.0 13.0 Box 0
223.0 15.0 284.0 15.0 284.0 75.0 223.0 75.0 Box 0
285.0 16.0 342.0 16.0 342.0 78.0 285.0 78.0 Box 0
345.0 32.0 405.0 32.0 405.0 90.0 345.0 90.0 Box 0
495.0 81.0 405.0 83.0 403.0 20.0 493.0 18.0 Box 0
583.0 74.0 494.0 79.0 491.0 20.0 581.0 15.0 Box 0
558.0 137.0 498.0 152.0 483.0 91.0 543.0 76.0 Box 0
494.0 136.0 436.0 154.0 418.0 98.0 477.0 80.0 Box 0
443.0 168.0 388.0 196.0 361.0 143.0 416.0 115.0 Box 0
387.0 206.0 336.0 233.0 311.0 188.0 362.0 160.0 Box 0
316.0 183.0 266.0 217.0 231.0 166.0 280.0 131.0 Box 0
284.0 113.0 242.0 156.0 197.0 113.0 239.0 69.0 Box 0
427.0 211.0 487.0 214.0 485.0 277.0 425.0 274.0 Box 0
491.0 226.0 551.0 232.0 545.0 291.0 485.0 285.0 Box 0
421.0 266.0 373.0 274.0 364.0 218.0 412.0 211.0 Box 0
379.0 287.0 320.0 299.0 308.0 240.0 367.0 228.0 Box 0
321.0 311.0 261.0 322.0 251.0 264.0 311.0 253.0 Box 0
412.0 310.0 527.0 319.0 521.0 388.0 407.0 378.0 Box 0
345.0 315.0 407.0 315.0 407.0 376.0 345.0 376.0 Box 0
348.0 378.0 285.0 381.0 281.0 321.0 344.0 317.0 Box 0
286.0 383.0 228.0 391.0 220.0 331.0 279.0 324.0 Box 0
228.0 390.0 167.0 450.0 125.0 408.0 186.0 347.0 Box 0
212.0 332.0 154.0 374.0 117.0 323.0 175.0 281.0 Box 0
262.0 295.0 222.0 331.0 184.0 289.0 224.0 253.0 Box 0
211.0 251.0 99.0 337.0 41.0 261.0 153.0 175.0 Box 0
243.0 179.0 199.0 222.0 157.0 179.0 201.0 136.0 Box 0
281.0 235.0 242.0 272.0 198.0 227.0 237.0 189.0 Box 0
486.0 456.0 439.0 457.0 439.0 400.0 486.0 399.0 Box 0
441.0 455.0 392.0 456.0 390.0 397.0 439.0 396.0 Box 0
391.0 447.0 335.0 448.0 333.0 393.0 390.0 392.0 Box 0
272.0 401.0 333.0 401.0 333.0 462.0 272.0 462.0 Box 0
211.0 407.0 272.0 407.0 272.0 460.0 211.0 460.0 Box 0
125.0 448.0 62.0 459.0 54.0 414.0 117.0 403.0 Box 0
128.0 354.0 84.0 397.0 39.0 351.0 83.0 308.0 Box 0
30.0 273.0 73.0 273.0 73.0 351.0 30.0 351.0 Box 0
85.0 226.0 44.0 254.0 25.0 226.0 66.0 198.0 Box 0
27.0 102.0 87.0 102.0 87.0 219.0 27.0 219.0 Box 0
169.0 166.0 122.0 201.0 96.0 165.0 143.0 131.0 Box 0
139.0 130.0 83.0 165.0 24.0 73.0 80.0 37.0 Box 0
147.0 74.0 205.0 87.0 193.0 145.0 134.0 132.0 Box 0
