164.0 65.0 114.0 100.0 79.0 49.0 130.0 14.0 Box 0
161.0 14.0 221.0 14.0 221.0 76.0 161.0 76.0 Box 0
223.0 15.0 283.0 15.0 283.0 75.0 223.0 75.0 Box 0
286.0 15.0 342.0 16.0 341.0 78.0 284.0 76.0 Box 0
343.0 32.0 405.0 32.0 405.0 91.0 343.0 91.0 Box 0
493.0 79.0 404.0 82.0 402.0 21.0 491.0 18.0 Box 0
583.0 77.0 494.0 80.0 492.0 19.0 581.0 16.0 Box 0
494.0 137.0 435.0 155.0 418.0 98.0 477.0 80.0 Box 0
557.0 137.0 498.0 152.0 483.0 91.0 541.0 76.0 Box 0
285.0 113.0 242.0 157.0 197.0 113.0 240.0 69.0 Box 0
316.0 182.0 266.0 217.0 230.0 167.0 280.0 131.0 Box 0
387.0 208.0 337.0 235.0 310.0 186.0 360.0 159.0 Box 0
443.0 170.0 386.0 198.0 359.0 143.0 416.0 115.0 Box 0
427.0 212.0 486.0 215.0 484.0 275.0 425.0 272.0 Box 0
490.0 225.0 551.0 230.0 546.0 290.0 485.0 285.0 Box 0
420.0 267.0 374.0 275.0 364.0 219.0 411.0 211.0 Box 0
380.0 287.0 321.0 299.0 310.0 241.0 368.0 229.0 Box 0
345.0 315.0 407.0 315.0 407.0 376.0 345.0 376.0 Box 0
412.0 309.0 526.0 317.0 521.0 386.0 407.0 378.0 Box 0
485.0 455.0 440.0 455.0 439.0 398.0 485.0 398.0 Box 0
439.0 454.0 392.0 455.0 391.0 398.0 438.0 397.0 Box 0
388.0 449.0 333.0 449.0 332.0 393.0 387.0 393.0 Box 0
272.0 402.0 333.0 402.0 333.0 461.0 272.0 461.0 Box 0
273.0 459.0 210.0 461.0 209.0 407.0 272.0 405.0 Box 0
230.0 389.0 166.0 451.0 126.0 410.0 190.0 347.0 Box 0
286.0 384.0 228.0 391.0 221.0 330.0 279.0 323.0 Box 0
347.0 377.0 288.0 382.0 283.0 320.0 342.0 316.0 Box 0
321.0 311.0 262.0 323.0 250.0 263.0 309.0 251.0 Box 0
261.0 296.0 221.0 330.0 184.0 287.0 224.0 253.0 Box 0
213.0 329.0 152.0 373.0 117.0 324.0 178.0 280.0 Box 0
129.0 353.0 84.0 398.0 38.0 351.0 83.0 306.0 Box 0
125.0 448.0 63.0 461.0 53.0 416.0 116.0 403.0 Box 0
210.0 252.0 99.0 336.0 42.0 261.0 153.0 177.0 Box 0
241.0 180.0 198.0 222.0 156.0 180.0 200.0 137.0 Box 0
280.0 234.0 241.0 272.0 198.0 227.0 238.0 189.0 Box 0
85.0 227.0 43.0 254.0 27.0 229.0 69.0 201.0 Box 0
29.0 274.0 74.0 274.0 74.0 353.0 29.0 353.0 Box 0
167.0 165.0 122.0 199.0 98.0 167.0 144.0 133.0 Box 0
145.0 74.0 206.0 85.0 195.0 144.0 134.0 133.0 Box 0
136.0 132.0 85.0 165.0 25.0 74.0 76.0 40.0 Box 0
28.0 103.0 86.0 103.0 86.0 218.0 28.0 218.0 Box 0
