252.0 83.0 164.0 97.0 155.0 37.0 243.0 24.0 Box 0
162.0 96.0 74.0 110.0 65.0 49.0 153.0 36.0 Box 0
74.0 120.0 33.0 125.0 27.0 65.0 68.0 60.0 Box 0
170.0 119.0 231.0 119.0 231.0 179.0 170.0 179.0 Box 0
170.0 168.0 106.0 170.0 104.0 108.0 168.0 106.0 Box 0
106.0 186.0 44.0 188.0 43.0 127.0 105.0 125.0 Box 0
177.0 224.0 239.0 229.0 233.0 290.0 172.0 285.0 Box 0
115.0 211.0 175.0 218.0 167.0 280.0 107.0 273.0 Box 0
74.0 207.0 112.0 210.0 106.0 268.0 69.0 265.0 Box 0
30.0 217.0 61.0 217.0 61.0 280.0 29.0 279.0 Box 0
113.0 294.0 224.0 301.0 219.0 370.0 108.0 363.0 Box 0
56.0 298.0 110.0 300.0 107.0 360.0 53.0 358.0 Box 0
187.0 371.0 233.0 374.0 230.0 427.0 184.0 425.0 Box 0
139.0 369.0 184.0 370.0 182.0 424.0 138.0 423.0 Box 0
88.0 361.0 137.0 365.0 132.0 417.0 84.0 413.0 Box 0
27.0 362.0 84.0 362.0 84.0 425.0 27.0 425.0 Box 0
27.0 295.0 53.0 295.0 53.0 359.0 27.0 359.0 Box 0
29.0 139.0 67.0 139.0 67.0 199.0 29.0 199.0 Box 0
