293.0 18.0 384.0 18.0 384.0 77.0 293.0 77.0 Box 0
377.0 165.0 316.0 167.0 314.0 107.0 375.0 105.0 Box 0
314.0 153.0 254.0 157.0 250.0 99.0 310.0 95.0 Box 0
254.0 176.0 193.0 182.0 187.0 122.0 248.0 116.0 Box 0
295.0 81.0 206.0 95.0 197.0 33.0 286.0 20.0 Box 0
207.0 103.0 149.0 113.0 139.0 53.0 197.0 43.0 Box 0
145.0 100.0 86.0 109.0 77.0 48.0 135.0 39.0 Box 0
86.0 105.0 36.0 116.0 24.0 58.0 75.0 48.0 Box 0
200.0 191.0 142.0 198.0 135.0 144.0 193.0 136.0 Box 0
132.0 196.0 70.0 202.0 65.0 142.0 126.0 136.0 Box 0
313.0 221.0 375.0 224.0 373.0 283.0 311.0 280.0 Box 0
252.0 211.0 309.0 214.0 307.0 276.0 249.0 274.0 Box 0
207.0 207.0 251.0 208.0 249.0 266.0 205.0 265.0 Box 0
142.0 218.0 203.0 218.0 203.0 279.0 142.0 279.0 Box 0
80.0 225.0 141.0 228.0 138.0 289.0 77.0 286.0 Box 0
37.0 203.0 81.0 211.0 73.0 266.0 28.0 259.0 Box 0
27.0 260.0 70.0 260.0 70.0 320.0 27.0 320.0 Box 0
47.0 296.0 109.0 299.0 105.0 360.0 43.0 357.0 Box 0
109.0 297.0 169.0 301.0 165.0 362.0 105.0 357.0 Box 0
171.0 299.0 230.0 305.0 224.0 365.0 165.0 359.0 Box 0
232.0 301.0 343.0 312.0 336.0 380.0 225.0 369.0 Box 0
318.0 382.0 362.0 384.0 360.0 440.0 316.0 438.0 Box 0
268.0 379.0 317.0 381.0 315.0 435.0 266.0 433.0 Box 0
213.0 369.0 268.0 372.0 266.0 427.0 210.0 425.0 Box 0
147.0 373.0 208.0 376.0 206.0 436.0 145.0 433.0 Box 0
84.0 366.0 147.0 369.0 143.0 430.0 80.0 427.0 Box 0
29.0 330.0 66.0 330.0 66.0 419.0 29.0 419.0 Box 0
29.0 131.0 67.0 131.0 67.0 195.0 29.0 195.0 Box 0
