390.0 77.0 302.0 78.0 300.0 18.0 389.0 16.0 Box 0
391.0 164.0 331.0 167.0 328.0 104.0 388.0 101.0 Box 0
329.0 153.0 268.0 159.0 262.0 99.0 323.0 93.0 Box 0
322.0 222.0 384.0 224.0 382.0 284.0 320.0 282.0 Box 0
261.0 210.0 319.0 213.0 317.0 276.0 258.0 274.0 Box 0
215.0 207.0 262.0 209.0 260.0 268.0 213.0 266.0 Box 0
150.0 218.0 212.0 218.0 212.0 278.0 150.0 278.0 Box 0
88.0 226.0 150.0 228.0 148.0 288.0 86.0 286.0 Box 0
209.0 193.0 154.0 197.0 150.0 142.0 205.0 138.0 Box 0
270.0 174.0 207.0 183.0 198.0 122.0 261.0 113.0 Box 0
302.0 79.0 214.0 93.0 204.0 34.0 293.0 20.0 Box 0
216.0 104.0 154.0 114.0 144.0 54.0 206.0 44.0 Box 0
153.0 101.0 92.0 109.0 83.0 48.0 144.0 39.0 Box 0
92.0 106.0 37.0 118.0 25.0 59.0 80.0 47.0 Box 0
147.0 196.0 84.0 202.0 78.0 143.0 141.0 137.0 Box 0
29.0 130.0 78.0 130.0 78.0 196.0 29.0 196.0 Box 0
33.0 200.0 93.0 210.0 84.0 265.0 24.0 255.0 Box 0
39.0 258.0 83.0 269.0 69.0 323.0 26.0 313.0 Box 0
59.0 297.0 118.0 301.0 114.0 362.0 55.0 358.0 Box 0
120.0 296.0 178.0 301.0 173.0 363.0 115.0 358.0 Box 0
181.0 300.0 238.0 305.0 233.0 366.0 176.0 361.0 Box 0
241.0 300.0 353.0 311.0 346.0 382.0 234.0 370.0 Box 0
321.0 383.0 366.0 384.0 364.0 439.0 319.0 437.0 Box 0
273.0 378.0 321.0 379.0 319.0 436.0 271.0 435.0 Box 0
218.0 370.0 271.0 372.0 269.0 428.0 216.0 426.0 Box 0
152.0 372.0 212.0 375.0 208.0 438.0 148.0 435.0 Box 0
89.0 367.0 152.0 370.0 149.0 431.0 86.0 428.0 Box 0
28.0 332.0 73.0 332.0 73.0 422.0 28.0 422.0 Box 0
