393.0 76.0 305.0 77.0 303.0 17.0 392.0 15.0 Box 0
405.0 161.0 345.0 165.0 340.0 104.0 400.0 99.0 Box 0
341.0 151.0 281.0 155.0 277.0 97.0 336.0 92.0 Box 0
280.0 174.0 220.0 180.0 213.0 119.0 273.0 113.0 Box 0
304.0 79.0 218.0 94.0 208.0 34.0 294.0 19.0 Box 0
218.0 104.0 157.0 113.0 148.0 53.0 209.0 44.0 Box 0
156.0 100.0 96.0 109.0 87.0 48.0 147.0 39.0 Box 0
97.0 106.0 40.0 120.0 26.0 61.0 83.0 48.0 Box 0
90.0 191.0 31.0 194.0 27.0 132.0 86.0 129.0 Box 0
161.0 195.0 97.0 202.0 91.0 143.0 155.0 136.0 Box 0
227.0 189.0 169.0 197.0 162.0 143.0 220.0 135.0 Box 0
333.0 220.0 394.0 223.0 391.0 284.0 330.0 281.0 Box 0
272.0 210.0 330.0 213.0 328.0 275.0 269.0 273.0 Box 0
224.0 208.0 270.0 210.0 268.0 268.0 222.0 266.0 Box 0
160.0 217.0 222.0 217.0 222.0 279.0 160.0 279.0 Box 0
98.0 227.0 157.0 227.0 157.0 288.0 98.0 288.0 Box 0
39.0 201.0 101.0 210.0 93.0 265.0 31.0 255.0 Box 0
251.0 302.0 363.0 314.0 355.0 383.0 243.0 370.0 Box 0
36.0 254.0 90.0 269.0 75.0 325.0 20.0 309.0 Box 0
68.0 296.0 127.0 300.0 122.0 364.0 63.0 359.0 Box 0
129.0 297.0 188.0 300.0 184.0 363.0 125.0 360.0 Box 0
190.0 301.0 248.0 305.0 244.0 365.0 186.0 361.0 Box 0
323.0 383.0 371.0 384.0 369.0 439.0 321.0 438.0 Box 0
275.0 379.0 322.0 380.0 320.0 435.0 273.0 434.0 Box 0
219.0 369.0 273.0 372.0 271.0 426.0 217.0 423.0 Box 0
152.0 372.0 213.0 376.0 209.0 438.0 148.0 434.0 Box 0
89.0 368.0 152.0 371.0 150.0 430.0 86.0 427.0 Box 0
28.0 331.0 79.0 333.0 76.0 419.0 24.0 417.0 Box 0
