443.0 76.0 355.0 77.0 354.0 14.0 443.0 13.0 Box 0
355.0 74.0 266.0 90.0 256.0 32.0 344.0 16.0 Box 0
267.0 98.0 206.0 106.0 198.0 49.0 259.0 40.0 Box 0
204.0 97.0 146.0 105.0 137.0 43.0 195.0 34.0 Box 0
149.0 104.0 88.0 118.0 74.0 59.0 135.0 45.0 Box 0
88.0 129.0 38.0 141.0 25.0 81.0 75.0 70.0 Box 0
48.0 152.0 81.0 165.0 59.0 222.0 26.0 209.0 Box 0
103.0 121.0 167.0 123.0 165.0 185.0 101.0 183.0 Box 0
236.0 194.0 174.0 195.0 172.0 135.0 234.0 133.0 Box 0
301.0 187.0 244.0 194.0 237.0 139.0 294.0 131.0 Box 0
361.0 168.0 299.0 176.0 291.0 117.0 353.0 109.0 Box 0
420.0 144.0 361.0 151.0 354.0 93.0 413.0 86.0 Box 0
485.0 154.0 424.0 159.0 419.0 98.0 480.0 93.0 Box 0
74.0 178.0 133.0 199.0 112.0 258.0 53.0 237.0 Box 0
129.0 193.0 191.0 202.0 183.0 256.0 121.0 246.0 Box 0
136.0 251.0 192.0 260.0 184.0 316.0 127.0 307.0 Box 0
188.0 218.0 249.0 224.0 243.0 284.0 182.0 278.0 Box 0
250.0 213.0 308.0 216.0 305.0 278.0 247.0 275.0 Box 0
312.0 208.0 356.0 211.0 353.0 266.0 308.0 263.0 Box 0
360.0 212.0 419.0 217.0 414.0 279.0 355.0 274.0 Box 0
421.0 224.0 483.0 230.0 477.0 290.0 415.0 283.0 Box 0
71.0 299.0 133.0 315.0 117.0 378.0 55.0 362.0 Box 0
50.0 246.0 82.0 254.0 55.0 356.0 24.0 348.0 Box 0
131.0 334.0 188.0 348.0 167.0 432.0 110.0 417.0 Box 0
190.0 310.0 248.0 310.0 248.0 372.0 190.0 372.0 Box 0
251.0 307.0 309.0 310.0 307.0 373.0 249.0 370.0 Box 0
312.0 309.0 372.0 312.0 368.0 374.0 308.0 371.0 Box 0
378.0 309.0 489.0 320.0 482.0 390.0 371.0 378.0 Box 0
181.0 379.0 241.0 387.0 233.0 446.0 173.0 437.0 Box 0
242.0 390.0 299.0 396.0 293.0 456.0 236.0 450.0 Box 0
302.0 387.0 358.0 391.0 354.0 447.0 298.0 443.0 Box 0
359.0 396.0 406.0 396.0 406.0 454.0 359.0 454.0 Box 0
407.0 400.0 452.0 400.0 452.0 457.0 407.0 457.0 Box 0
