466.0 75.0 376.0 77.0 374.0 17.0 464.0 15.0 Box 0
377.0 75.0 289.0 89.0 279.0 28.0 367.0 13.0 Box 0
290.0 96.0 229.0 105.0 220.0 46.0 281.0 37.0 Box 0
226.0 95.0 169.0 104.0 159.0 43.0 216.0 34.0 Box 0
170.0 101.0 110.0 114.0 97.0 57.0 158.0 44.0 Box 0
110.0 127.0 54.0 138.0 42.0 80.0 98.0 68.0 Box 0
50.0 139.0 102.0 161.0 78.0 217.0 26.0 195.0 Box 0
107.0 118.0 169.0 122.0 165.0 182.0 103.0 178.0 Box 0
174.0 135.0 235.0 135.0 235.0 195.0 174.0 195.0 Box 0
301.0 187.0 245.0 193.0 238.0 139.0 295.0 133.0 Box 0
362.0 168.0 301.0 176.0 293.0 117.0 354.0 108.0 Box 0
423.0 143.0 360.0 150.0 355.0 93.0 417.0 87.0 Box 0
485.0 153.0 425.0 159.0 419.0 99.0 479.0 93.0 Box 0
439.0 224.0 501.0 230.0 495.0 290.0 433.0 284.0 Box 0
377.0 214.0 435.0 220.0 430.0 280.0 372.0 274.0 Box 0
327.0 210.0 373.0 211.0 371.0 267.0 325.0 266.0 Box 0
267.0 215.0 327.0 219.0 323.0 279.0 263.0 274.0 Box 0
206.0 219.0 266.0 225.0 260.0 285.0 200.0 279.0 Box 0
147.0 192.0 208.0 201.0 200.0 256.0 139.0 246.0 Box 0
94.0 178.0 154.0 202.0 131.0 258.0 71.0 233.0 Box 0
97.0 299.0 158.0 320.0 137.0 380.0 76.0 359.0 Box 0
30.0 227.0 131.0 228.0 129.0 378.0 29.0 377.0 Box 0
151.0 251.0 206.0 259.0 199.0 315.0 144.0 307.0 Box 0
153.0 337.0 209.0 355.0 183.0 437.0 127.0 419.0 Box 0
211.0 318.0 270.0 318.0 270.0 379.0 211.0 379.0 Box 0
270.0 314.0 329.0 314.0 329.0 375.0 270.0 375.0 Box 0
331.0 313.0 391.0 314.0 389.0 376.0 329.0 375.0 Box 0
398.0 311.0 509.0 319.0 504.0 387.0 393.0 379.0 Box 0
472.0 455.0 427.0 456.0 425.0 400.0 470.0 398.0 Box 0
425.0 454.0 378.0 455.0 376.0 398.0 423.0 397.0 Box 0
321.0 395.0 377.0 395.0 377.0 449.0 321.0 449.0 Box 0
259.0 398.0 319.0 405.0 313.0 463.0 253.0 456.0 Box 0
199.0 385.0 260.0 396.0 249.0 455.0 189.0 444.0 Box 0
28.0 80.0 50.0 80.0 50.0 143.0 28.0 143.0 Box 0
