503.0 75.0 414.0 81.0 410.0 21.0 499.0 16.0 Box 0
514.0 146.0 455.0 156.0 445.0 96.0 505.0 87.0 Box 0
452.0 140.0 391.0 153.0 379.0 95.0 440.0 82.0 Box 0
411.0 77.0 325.0 81.0 322.0 22.0 408.0 17.0 Box 0
262.0 31.0 321.0 31.0 321.0 91.0 262.0 91.0 Box 0
203.0 15.0 260.0 15.0 260.0 78.0 203.0 78.0 Box 0
203.0 75.0 141.0 78.0 139.0 18.0 201.0 15.0 Box 0
145.0 89.0 88.0 101.0 76.0 41.0 133.0 29.0 Box 0
88.0 98.0 46.0 116.0 22.0 60.0 65.0 42.0 Box 0
159.0 74.0 215.0 105.0 185.0 159.0 129.0 128.0 Box 0
213.0 118.0 267.0 146.0 239.0 200.0 185.0 171.0 Box 0
333.0 194.0 278.0 207.0 266.0 153.0 321.0 140.0 Box 0
395.0 169.0 331.0 184.0 318.0 126.0 382.0 112.0 Box 0
185.0 176.0 241.0 207.0 215.0 255.0 159.0 224.0 Box 0
141.0 142.0 189.0 184.0 149.0 230.0 101.0 187.0 Box 0
79.0 98.0 135.0 121.0 113.0 176.0 58.0 153.0 Box 0
52.0 153.0 103.0 175.0 81.0 227.0 30.0 206.0 Box 0
109.0 207.0 165.0 252.0 79.0 358.0 23.0 314.0 Box 0
139.0 291.0 187.0 332.0 146.0 380.0 98.0 338.0 Box 0
180.0 243.0 234.0 260.0 217.0 314.0 163.0 297.0 Box 0
229.0 224.0 290.0 229.0 285.0 288.0 225.0 283.0 Box 0
294.0 217.0 350.0 222.0 346.0 282.0 289.0 278.0 Box 0
352.0 211.0 397.0 214.0 393.0 272.0 348.0 268.0 Box 0
400.0 217.0 461.0 221.0 457.0 281.0 396.0 277.0 Box 0
465.0 227.0 525.0 233.0 520.0 292.0 460.0 286.0 Box 0
406.0 311.0 519.0 316.0 516.0 387.0 403.0 382.0 Box 0
401.0 377.0 342.0 378.0 340.0 317.0 399.0 316.0 Box 0
341.0 379.0 281.0 381.0 279.0 321.0 339.0 318.0 Box 0
280.0 385.0 222.0 389.0 218.0 327.0 276.0 324.0 Box 0
176.0 343.0 220.0 381.0 162.0 449.0 118.0 411.0 Box 0
204.0 405.0 264.0 405.0 264.0 460.0 204.0 460.0 Box 0
266.0 402.0 325.0 402.0 325.0 461.0 266.0 461.0 Box 0
328.0 395.0 385.0 395.0 385.0 449.0 328.0 449.0 Box 0
386.0 399.0 432.0 399.0 432.0 455.0 386.0 455.0 Box 0
432.0 401.0 479.0 401.0 479.0 456.0 432.0 456.0 Box 0
114.0 354.0 143.0 380.0 123.0 403.0 94.0 377.0 Box 0
27.0 334.0 103.0 334.0 103.0 410.0 27.0 410.0 Box 0
