505.0 76.0 417.0 80.0 414.0 21.0 502.0 17.0 Box 0
414.0 77.0 326.0 79.0 324.0 19.0 412.0 16.0 Box 0
265.0 31.0 327.0 31.0 327.0 90.0 265.0 90.0 Box 0
205.0 15.0 263.0 15.0 263.0 77.0 205.0 77.0 Box 0
205.0 74.0 145.0 76.0 143.0 17.0 203.0 15.0 Box 0
144.0 85.0 86.0 87.0 84.0 28.0 142.0 26.0 Box 0
88.0 85.0 58.0 102.0 29.0 48.0 59.0 32.0 Box 0
81.0 87.0 140.0 101.0 125.0 159.0 67.0 144.0 Box 0
160.0 72.0 215.0 104.0 184.0 156.0 130.0 123.0 Box 0
215.0 117.0 268.0 147.0 237.0 200.0 185.0 169.0 Box 0
335.0 193.0 279.0 206.0 266.0 154.0 322.0 140.0 Box 0
393.0 169.0 333.0 183.0 319.0 125.0 379.0 111.0 Box 0
452.0 141.0 391.0 153.0 379.0 95.0 440.0 82.0 Box 0
514.0 146.0 455.0 155.0 445.0 95.0 504.0 86.0 Box 0
470.0 228.0 531.0 234.0 525.0 292.0 465.0 286.0 Box 0
408.0 216.0 467.0 220.0 462.0 281.0 403.0 276.0 Box 0
360.0 211.0 403.0 215.0 399.0 271.0 355.0 268.0 Box 0
297.0 218.0 357.0 220.0 355.0 280.0 295.0 278.0 Box 0
234.0 226.0 296.0 229.0 293.0 291.0 232.0 288.0 Box 0
186.0 178.0 242.0 203.0 220.0 251.0 164.0 226.0 Box 0
145.0 135.0 194.0 174.0 155.0 222.0 107.0 183.0 Box 0
103.0 183.0 175.0 246.0 103.0 328.0 31.0 265.0 Box 0
156.0 277.0 200.0 322.0 145.0 376.0 101.0 332.0 Box 0
281.0 385.0 221.0 389.0 217.0 328.0 277.0 325.0 Box 0
190.0 240.0 240.0 264.0 216.0 315.0 166.0 291.0 Box 0
340.0 380.0 280.0 381.0 278.0 319.0 338.0 318.0 Box 0
340.0 317.0 400.0 317.0 400.0 377.0 340.0 377.0 Box 0
408.0 312.0 519.0 317.0 516.0 388.0 405.0 383.0 Box 0
433.0 400.0 479.0 400.0 479.0 457.0 433.0 457.0 Box 0
386.0 399.0 434.0 399.0 434.0 456.0 386.0 456.0 Box 0
328.0 394.0 384.0 394.0 384.0 450.0 328.0 450.0 Box 0
267.0 402.0 326.0 402.0 326.0 460.0 267.0 460.0 Box 0
204.0 404.0 265.0 404.0 265.0 459.0 204.0 459.0 Box 0
180.0 344.0 222.0 386.0 160.0 448.0 118.0 406.0 Box 0
112.0 352.0 75.0 407.0 20.0 370.0 57.0 315.0 Box 0
62.0 143.0 113.0 165.0 90.0 219.0 38.0 196.0 Box 0
28.0 104.0 61.0 104.0 61.0 171.0 28.0 171.0 Box 0
144.0 376.0 127.0 393.0 104.0 371.0 121.0 353.0 Box 0
