505.0 76.0 417.0 80.0 414.0 20.0 502.0 16.0 Box 0
414.0 77.0 328.0 79.0 326.0 21.0 412.0 18.0 Box 0
265.0 31.0 325.0 31.0 325.0 89.0 265.0 89.0 Box 0
206.0 16.0 263.0 16.0 263.0 78.0 206.0 78.0 Box 0
208.0 74.0 145.0 76.0 143.0 16.0 206.0 14.0 Box 0
145.0 81.0 85.0 83.0 83.0 21.0 143.0 20.0 Box 0
88.0 82.0 52.0 102.0 23.0 48.0 59.0 29.0 Box 0
29.0 104.0 65.0 104.0 65.0 169.0 29.0 169.0 Box 0
83.0 83.0 142.0 98.0 127.0 156.0 68.0 141.0 Box 0
163.0 71.0 216.0 103.0 185.0 155.0 132.0 123.0 Box 0
216.0 115.0 269.0 147.0 237.0 200.0 184.0 167.0 Box 0
334.0 194.0 279.0 207.0 266.0 154.0 321.0 141.0 Box 0
394.0 169.0 334.0 182.0 321.0 124.0 381.0 111.0 Box 0
453.0 141.0 392.0 154.0 379.0 96.0 441.0 83.0 Box 0
515.0 147.0 455.0 156.0 446.0 96.0 506.0 87.0 Box 0
470.0 227.0 533.0 233.0 527.0 292.0 465.0 285.0 Box 0
407.0 215.0 469.0 221.0 463.0 283.0 401.0 276.0 Box 0
359.0 211.0 405.0 214.0 401.0 271.0 355.0 267.0 Box 0
297.0 219.0 358.0 221.0 356.0 281.0 295.0 279.0 Box 0
235.0 227.0 295.0 230.0 293.0 288.0 233.0 286.0 Box 0
191.0 238.0 243.0 267.0 215.0 317.0 163.0 289.0 Box 0
188.0 176.0 244.0 202.0 219.0 255.0 163.0 229.0 Box 0
202.0 320.0 149.0 375.0 103.0 332.0 157.0 276.0 Box 0
176.0 244.0 86.0 350.0 24.0 298.0 114.0 191.0 Box 0
196.0 173.0 159.0 220.0 109.0 181.0 146.0 133.0 Box 0
64.0 142.0 114.0 163.0 92.0 216.0 42.0 195.0 Box 0
222.0 387.0 159.0 449.0 117.0 406.0 180.0 344.0 Box 0
112.0 356.0 72.0 406.0 20.0 365.0 60.0 314.0 Box 0
279.0 386.0 219.0 388.0 217.0 327.0 277.0 325.0 Box 0
340.0 379.0 280.0 381.0 278.0 320.0 338.0 318.0 Box 0
401.0 377.0 341.0 378.0 341.0 318.0 401.0 317.0 Box 0
408.0 312.0 519.0 317.0 516.0 387.0 404.0 381.0 Box 0
480.0 456.0 434.0 457.0 434.0 400.0 480.0 399.0 Box 0
386.0 398.0 433.0 398.0 433.0 456.0 386.0 456.0 Box 0
328.0 392.0 385.0 392.0 385.0 450.0 328.0 450.0 Box 0
326.0 460.0 267.0 461.0 265.0 402.0 324.0 401.0 Box 0
204.0 405.0 266.0 405.0 266.0 460.0 204.0 460.0 Box 0
121.0 356.0 145.0 376.0 130.0 392.0 107.0 371.0 Box 0
