505.0 76.0 416.0 79.0 414.0 19.0 503.0 16.0 Box 0
414.0 77.0 327.0 79.0 325.0 20.0 412.0 17.0 Box 0
265.0 30.0 327.0 30.0 327.0 91.0 265.0 91.0 Box 0
206.0 16.0 263.0 16.0 263.0 77.0 206.0 77.0 Box 0
207.0 76.0 146.0 78.0 144.0 17.0 205.0 15.0 Box 0
145.0 79.0 85.0 81.0 83.0 21.0 143.0 18.0 Box 0
89.0 80.0 53.0 101.0 22.0 47.0 58.0 27.0 Box 0
28.0 97.0 66.0 97.0 66.0 172.0 28.0 172.0 Box 0
84.0 81.0 143.0 98.0 127.0 155.0 68.0 138.0 Box 0
162.0 70.0 215.0 100.0 185.0 154.0 132.0 123.0 Box 0
216.0 114.0 269.0 146.0 236.0 200.0 184.0 167.0 Box 0
333.0 195.0 279.0 207.0 267.0 154.0 321.0 142.0 Box 0
393.0 170.0 334.0 183.0 321.0 125.0 380.0 112.0 Box 0
453.0 141.0 392.0 153.0 381.0 96.0 442.0 84.0 Box 0
515.0 145.0 457.0 155.0 446.0 98.0 505.0 87.0 Box 0
472.0 227.0 532.0 232.0 527.0 292.0 467.0 286.0 Box 0
403.0 215.0 467.0 220.0 462.0 291.0 398.0 287.0 Box 0
359.0 212.0 404.0 214.0 401.0 271.0 356.0 268.0 Box 0
299.0 217.0 359.0 220.0 356.0 282.0 296.0 279.0 Box 0
236.0 227.0 296.0 230.0 293.0 290.0 233.0 287.0 Box 0
190.0 237.0 242.0 263.0 217.0 315.0 165.0 289.0 Box 0
188.0 177.0 245.0 204.0 222.0 254.0 164.0 227.0 Box 0
148.0 133.0 196.0 173.0 158.0 219.0 110.0 179.0 Box 0
115.0 190.0 176.0 242.0 87.0 348.0 26.0 296.0 Box 0
69.0 140.0 118.0 162.0 95.0 214.0 46.0 192.0 Box 0
157.0 277.0 202.0 321.0 150.0 374.0 105.0 331.0 Box 0
180.0 345.0 221.0 386.0 160.0 448.0 118.0 407.0 Box 0
279.0 384.0 219.0 387.0 217.0 327.0 277.0 324.0 Box 0
342.0 378.0 280.0 381.0 278.0 320.0 340.0 317.0 Box 0
401.0 378.0 339.0 379.0 339.0 317.0 401.0 316.0 Box 0
406.0 311.0 520.0 317.0 516.0 388.0 402.0 382.0 Box 0
434.0 400.0 479.0 400.0 479.0 457.0 434.0 457.0 Box 0
433.0 454.0 388.0 455.0 386.0 399.0 431.0 398.0 Box 0
329.0 395.0 383.0 395.0 383.0 450.0 329.0 450.0 Box 0
267.0 403.0 325.0 403.0 325.0 461.0 267.0 461.0 Box 0
204.0 405.0 265.0 405.0 265.0 461.0 204.0 461.0 Box 0
110.0 357.0 73.0 406.0 21.0 367.0 58.0 318.0 Box 0
78.0 211.0 52.0 242.0 41.0 233.0 67.0 202.0 Box 0
145.0 375.0 131.0 390.0 108.0 369.0 121.0 354.0 Box 0
