506.0 76.0 418.0 79.0 416.0 19.0 504.0 16.0 Box 0
415.0 77.0 328.0 79.0 326.0 20.0 413.0 17.0 Box 0
266.0 29.0 327.0 29.0 327.0 90.0 266.0 90.0 Box 0
207.0 16.0 266.0 16.0 266.0 76.0 207.0 76.0 Box 0
207.0 73.0 148.0 74.0 146.0 17.0 205.0 15.0 Box 0
146.0 79.0 87.0 80.0 85.0 21.0 144.0 19.0 Box 0
92.0 74.0 60.0 97.0 24.0 46.0 56.0 24.0 Box 0
164.0 70.0 217.0 101.0 186.0 154.0 133.0 123.0 Box 0
85.0 82.0 142.0 95.0 130.0 153.0 72.0 140.0 Box 0
75.0 139.0 120.0 166.0 91.0 214.0 47.0 187.0 Box 0
29.0 91.0 72.0 91.0 72.0 175.0 29.0 175.0 Box 0
118.0 189.0 178.0 239.0 88.0 348.0 28.0 298.0 Box 0
148.0 132.0 193.0 171.0 154.0 216.0 109.0 178.0 Box 0
187.0 176.0 243.0 202.0 220.0 252.0 164.0 226.0 Box 0
217.0 114.0 269.0 147.0 237.0 199.0 185.0 166.0 Box 0
334.0 192.0 281.0 205.0 268.0 154.0 321.0 140.0 Box 0
396.0 169.0 334.0 184.0 320.0 125.0 382.0 111.0 Box 0
453.0 141.0 394.0 153.0 382.0 95.0 441.0 83.0 Box 0
517.0 146.0 457.0 155.0 447.0 95.0 507.0 86.0 Box 0
471.0 227.0 532.0 232.0 528.0 290.0 466.0 285.0 Box 0
409.0 215.0 466.0 220.0 461.0 281.0 404.0 275.0 Box 0
359.0 211.0 405.0 214.0 402.0 269.0 356.0 266.0 Box 0
298.0 217.0 357.0 220.0 355.0 281.0 296.0 278.0 Box 0
235.0 227.0 296.0 228.0 294.0 288.0 233.0 286.0 Box 0
192.0 239.0 242.0 265.0 216.0 315.0 166.0 288.0 Box 0
148.0 287.0 190.0 327.0 146.0 373.0 104.0 332.0 Box 0
58.0 315.0 112.0 355.0 74.0 405.0 20.0 365.0 Box 0
180.0 342.0 223.0 385.0 160.0 448.0 117.0 406.0 Box 0
280.0 386.0 220.0 389.0 217.0 326.0 277.0 323.0 Box 0
339.0 379.0 279.0 380.0 277.0 319.0 338.0 318.0 Box 0
403.0 377.0 340.0 378.0 338.0 317.0 401.0 316.0 Box 0
407.0 312.0 520.0 317.0 516.0 388.0 403.0 382.0 Box 0
479.0 457.0 434.0 458.0 432.0 399.0 477.0 398.0 Box 0
433.0 455.0 386.0 456.0 384.0 398.0 431.0 397.0 Box 0
328.0 393.0 383.0 393.0 383.0 450.0 328.0 450.0 Box 0
266.0 403.0 325.0 403.0 325.0 461.0 266.0 461.0 Box 0
204.0 403.0 266.0 404.0 264.0 462.0 202.0 461.0 Box 0
27.0 373.0 59.0 373.0 59.0 426.0 27.0 426.0 Box 0
27.0 227.0 50.0 227.0 50.0 272.0 27.0 272.0 Box 0
119.0 353.0 144.0 379.0 132.0 391.0 107.0 365.0 Box 0
