510.0 75.0 421.0 78.0 419.0 20.0 508.0 17.0 Box 0
421.0 78.0 334.0 81.0 332.0 19.0 419.0 16.0 Box 0
272.0 29.0 332.0 30.0 332.0 89.0 272.0 88.0 Box 0
212.0 15.0 271.0 15.0 271.0 76.0 212.0 76.0 Box 0
212.0 73.0 153.0 76.0 150.0 16.0 209.0 13.0 Box 0
151.0 78.0 93.0 80.0 91.0 21.0 149.0 19.0 Box 0
98.0 72.0 63.0 97.0 26.0 45.0 61.0 20.0 Box 0
28.0 82.0 78.0 82.0 78.0 181.0 28.0 181.0 Box 0
87.0 80.0 145.0 96.0 130.0 154.0 71.0 138.0 Box 0
165.0 69.0 220.0 102.0 188.0 156.0 133.0 123.0 Box 0
218.0 114.0 270.0 147.0 236.0 200.0 184.0 166.0 Box 0
336.0 193.0 281.0 206.0 269.0 154.0 323.0 141.0 Box 0
396.0 169.0 336.0 183.0 322.0 125.0 382.0 110.0 Box 0
455.0 140.0 394.0 152.0 382.0 95.0 443.0 83.0 Box 0
518.0 146.0 457.0 156.0 447.0 96.0 508.0 85.0 Box 0
471.0 226.0 532.0 233.0 526.0 292.0 465.0 286.0 Box 0
408.0 216.0 467.0 219.0 463.0 280.0 404.0 277.0 Box 0
359.0 212.0 404.0 214.0 402.0 269.0 356.0 267.0 Box 0
299.0 217.0 357.0 220.0 355.0 281.0 297.0 278.0 Box 0
236.0 227.0 296.0 229.0 294.0 288.0 234.0 287.0 Box 0
193.0 238.0 243.0 265.0 216.0 314.0 167.0 288.0 Box 0
188.0 176.0 246.0 202.0 223.0 254.0 165.0 228.0 Box 0
149.0 131.0 198.0 173.0 159.0 219.0 110.0 178.0 Box 0
119.0 188.0 179.0 240.0 86.0 348.0 26.0 296.0 Box 0
59.0 314.0 110.0 353.0 72.0 404.0 21.0 365.0 Box 0
158.0 276.0 202.0 319.0 148.0 374.0 104.0 331.0 Box 0
180.0 343.0 222.0 385.0 159.0 448.0 118.0 407.0 Box 0
280.0 384.0 220.0 387.0 216.0 329.0 277.0 325.0 Box 0
341.0 377.0 279.0 380.0 277.0 320.0 339.0 317.0 Box 0
401.0 377.0 340.0 378.0 338.0 318.0 399.0 317.0 Box 0
405.0 311.0 520.0 317.0 516.0 387.0 401.0 381.0 Box 0
480.0 456.0 435.0 457.0 433.0 400.0 478.0 399.0 Box 0
433.0 455.0 387.0 456.0 385.0 399.0 431.0 398.0 Box 0
327.0 395.0 384.0 395.0 384.0 451.0 327.0 451.0 Box 0
327.0 460.0 265.0 461.0 265.0 403.0 327.0 402.0 Box 0
203.0 404.0 265.0 404.0 265.0 460.0 203.0 460.0 Box 0
84.0 140.0 119.0 168.0 84.0 213.0 49.0 185.0 Box 0
27.0 228.0 46.0 228.0 46.0 271.0 27.0 271.0 Box 0
142.0 376.0 128.0 389.0 105.0 367.0 118.0 353.0 Box 0
