565.0 76.0 478.0 80.0 475.0 19.0 562.0 15.0 Box 0
475.0 80.0 388.0 82.0 386.0 21.0 473.0 18.0 Box 0
327.0 30.0 386.0 31.0 386.0 92.0 327.0 91.0 Box 0
269.0 16.0 324.0 16.0 324.0 77.0 269.0 77.0 Box 0
268.0 72.0 207.0 73.0 207.0 15.0 268.0 14.0 Box 0
207.0 75.0 146.0 76.0 144.0 15.0 205.0 14.0 Box 0
151.0 66.0 100.0 101.0 66.0 51.0 117.0 16.0 Box 0
129.0 134.0 93.0 162.0 28.0 78.0 64.0 50.0 Box 0
134.0 74.0 193.0 85.0 182.0 146.0 123.0 135.0 Box 0
226.0 68.0 273.0 110.0 232.0 157.0 185.0 115.0 Box 0
487.0 134.0 430.0 154.0 410.0 99.0 468.0 79.0 Box 0
549.0 138.0 490.0 150.0 478.0 89.0 537.0 77.0 Box 0
435.0 172.0 378.0 196.0 354.0 139.0 411.0 115.0 Box 0
379.0 205.0 328.0 231.0 304.0 182.0 354.0 156.0 Box 0
309.0 177.0 260.0 216.0 221.0 167.0 270.0 128.0 Box 0
231.0 189.0 274.0 234.0 233.0 273.0 190.0 228.0 Box 0
233.0 181.0 192.0 225.0 147.0 183.0 188.0 138.0 Box 0
204.0 253.0 92.0 343.0 34.0 270.0 145.0 180.0 Box 0
160.0 171.0 116.0 207.0 89.0 174.0 133.0 138.0 Box 0
76.0 235.0 38.0 263.0 17.0 234.0 56.0 206.0 Box 0
123.0 357.0 77.0 401.0 31.0 354.0 77.0 309.0 Box 0
209.0 329.0 148.0 377.0 111.0 330.0 172.0 282.0 Box 0
258.0 290.0 217.0 331.0 178.0 291.0 218.0 250.0 Box 0
318.0 310.0 257.0 318.0 249.0 258.0 310.0 250.0 Box 0
377.0 287.0 317.0 297.0 307.0 239.0 367.0 228.0 Box 0
419.0 266.0 373.0 272.0 365.0 217.0 411.0 210.0 Box 0
426.0 212.0 486.0 216.0 482.0 276.0 423.0 272.0 Box 0
490.0 226.0 550.0 231.0 544.0 289.0 485.0 283.0 Box 0
282.0 384.0 224.0 392.0 214.0 332.0 273.0 323.0 Box 0
340.0 378.0 280.0 379.0 278.0 319.0 338.0 317.0 Box 0
341.0 316.0 400.0 316.0 400.0 378.0 341.0 378.0 Box 0
407.0 311.0 519.0 316.0 516.0 386.0 404.0 381.0 Box 0
184.0 349.0 225.0 391.0 162.0 453.0 120.0 411.0 Box 0
206.0 407.0 267.0 407.0 267.0 460.0 206.0 460.0 Box 0
328.0 460.0 269.0 460.0 269.0 404.0 327.0 403.0 Box 0
332.0 395.0 386.0 395.0 386.0 449.0 332.0 449.0 Box 0
388.0 398.0 434.0 398.0 434.0 455.0 388.0 455.0 Box 0
436.0 399.0 481.0 399.0 481.0 456.0 436.0 456.0 Box 0
27.0 376.0 74.0 376.0 74.0 435.0 27.0 435.0 Box 0
29.0 281.0 66.0 281.0 66.0 348.0 29.0 348.0 Box 0
28.0 128.0 77.0 128.0 77.0 216.0 28.0 216.0 Box 0
145.0 382.0 131.0 393.0 111.0 370.0 125.0 358.0 Box 0
