626.0 75.0 537.0 79.0 534.0 19.0 623.0 14.0 Box 0
537.0 77.0 448.0 80.0 446.0 22.0 535.0 19.0 Box 0
445.0 90.0 385.0 91.0 385.0 32.0 445.0 31.0 Box 0
324.0 16.0 382.0 16.0 382.0 77.0 324.0 77.0 Box 0
261.0 15.0 322.0 15.0 322.0 76.0 261.0 76.0 Box 0
199.0 16.0 258.0 16.0 258.0 77.0 199.0 77.0 Box 0
196.0 64.0 145.0 98.0 110.0 46.0 160.0 11.0 Box 0
165.0 133.0 104.0 172.0 43.0 77.0 104.0 37.0 Box 0
201.0 168.0 157.0 204.0 126.0 167.0 169.0 130.0 Box 0
178.0 72.0 238.0 84.0 226.0 146.0 166.0 133.0 Box 0
325.0 115.0 281.0 159.0 236.0 114.0 279.0 70.0 Box 0
245.0 254.0 127.0 334.0 74.0 256.0 192.0 176.0 Box 0
599.0 138.0 539.0 152.0 524.0 92.0 584.0 77.0 Box 0
534.0 137.0 475.0 153.0 459.0 96.0 518.0 80.0 Box 0
483.0 171.0 427.0 198.0 400.0 142.0 456.0 115.0 Box 0
425.0 209.0 374.0 234.0 349.0 184.0 400.0 158.0 Box 0
355.0 183.0 305.0 218.0 270.0 169.0 320.0 133.0 Box 0
320.0 233.0 280.0 273.0 235.0 228.0 275.0 188.0 Box 0
279.0 184.0 233.0 224.0 191.0 176.0 237.0 136.0 Box 0
115.0 225.0 73.0 254.0 53.0 226.0 95.0 196.0 Box 0
161.0 351.0 116.0 399.0 68.0 353.0 112.0 305.0 Box 0
245.0 332.0 187.0 374.0 150.0 323.0 208.0 281.0 Box 0
299.0 295.0 256.0 332.0 219.0 288.0 262.0 251.0 Box 0
360.0 312.0 301.0 323.0 290.0 264.0 349.0 253.0 Box 0
418.0 288.0 360.0 299.0 348.0 241.0 406.0 229.0 Box 0
461.0 268.0 415.0 275.0 406.0 218.0 452.0 211.0 Box 0
468.0 212.0 527.0 215.0 524.0 277.0 465.0 274.0 Box 0
532.0 224.0 593.0 229.0 588.0 290.0 527.0 285.0 Box 0
452.0 309.0 571.0 319.0 565.0 388.0 447.0 378.0 Box 0
449.0 376.0 388.0 377.0 386.0 317.0 447.0 316.0 Box 0
386.0 378.0 325.0 381.0 321.0 321.0 382.0 317.0 Box 0
325.0 385.0 264.0 391.0 258.0 329.0 319.0 323.0 Box 0
263.0 390.0 200.0 454.0 157.0 413.0 220.0 348.0 Box 0
158.0 450.0 96.0 460.0 89.0 417.0 151.0 407.0 Box 0
29.0 257.0 99.0 257.0 99.0 358.0 29.0 358.0 Box 0
27.0 83.0 88.0 83.0 88.0 222.0 27.0 222.0 Box 0
527.0 456.0 481.0 457.0 479.0 398.0 525.0 397.0 Box 0
480.0 454.0 433.0 455.0 431.0 398.0 478.0 397.0 Box 0
430.0 449.0 375.0 450.0 373.0 394.0 428.0 393.0 Box 0
313.0 401.0 373.0 401.0 373.0 462.0 313.0 462.0 Box 0
249.0 403.0 311.0 403.0 311.0 461.0 249.0 461.0 Box 0
