601.0 76.0 512.0 78.0 510.0 19.0 599.0 16.0 Box 0
511.0 80.0 423.0 83.0 421.0 21.0 509.0 18.0 Box 0
360.0 31.0 421.0 31.0 421.0 91.0 360.0 91.0 Box 0
359.0 77.0 300.0 78.0 298.0 15.0 358.0 14.0 Box 0
236.0 15.0 297.0 15.0 297.0 77.0 236.0 77.0 Box 0
232.0 75.0 172.0 76.0 170.0 14.0 230.0 13.0 Box 0
169.0 65.0 120.0 98.0 85.0 47.0 134.0 14.0 Box 0
140.0 132.0 81.0 171.0 21.0 78.0 80.0 40.0 Box 0
155.0 72.0 216.0 84.0 204.0 145.0 144.0 133.0 Box 0
299.0 112.0 257.0 157.0 212.0 114.0 254.0 70.0 Box 0
332.0 182.0 282.0 218.0 245.0 167.0 295.0 131.0 Box 0
295.0 233.0 256.0 272.0 212.0 228.0 251.0 189.0 Box 0
254.0 184.0 209.0 225.0 166.0 178.0 211.0 136.0 Box 0
178.0 168.0 132.0 204.0 103.0 167.0 148.0 130.0 Box 0
219.0 252.0 104.0 336.0 47.0 259.0 162.0 175.0 Box 0
136.0 350.0 90.0 396.0 44.0 351.0 90.0 304.0 Box 0
224.0 330.0 161.0 374.0 125.0 324.0 188.0 279.0 Box 0
274.0 296.0 232.0 331.0 195.0 288.0 237.0 253.0 Box 0
336.0 312.0 277.0 324.0 265.0 264.0 324.0 252.0 Box 0
393.0 288.0 336.0 299.0 324.0 241.0 381.0 229.0 Box 0
435.0 269.0 390.0 275.0 382.0 219.0 427.0 212.0 Box 0
403.0 208.0 352.0 234.0 327.0 184.0 378.0 158.0 Box 0
458.0 171.0 402.0 197.0 376.0 142.0 432.0 116.0 Box 0
511.0 139.0 451.0 155.0 435.0 97.0 495.0 81.0 Box 0
575.0 137.0 516.0 152.0 501.0 92.0 560.0 77.0 Box 0
505.0 225.0 568.0 231.0 562.0 290.0 500.0 283.0 Box 0
442.0 212.0 502.0 216.0 498.0 276.0 438.0 271.0 Box 0
428.0 311.0 545.0 319.0 540.0 389.0 423.0 380.0 Box 0
362.0 317.0 423.0 317.0 423.0 377.0 362.0 377.0 Box 0
361.0 380.0 301.0 383.0 298.0 321.0 358.0 318.0 Box 0
301.0 385.0 240.0 391.0 234.0 332.0 295.0 326.0 Box 0
238.0 391.0 175.0 453.0 133.0 410.0 196.0 348.0 Box 0
223.0 405.0 285.0 405.0 285.0 461.0 223.0 461.0 Box 0
290.0 402.0 349.0 402.0 349.0 462.0 290.0 462.0 Box 0
351.0 394.0 406.0 394.0 406.0 449.0 351.0 449.0 Box 0
408.0 399.0 455.0 399.0 455.0 456.0 408.0 456.0 Box 0
456.0 398.0 502.0 398.0 502.0 456.0 456.0 456.0 Box 0
135.0 451.0 70.0 462.0 62.0 415.0 126.0 403.0 Box 0
28.0 256.0 78.0 256.0 78.0 350.0 28.0 350.0 Box 0
91.0 228.0 51.0 256.0 29.0 225.0 70.0 197.0 Box 0
28.0 103.0 86.0 103.0 86.0 217.0 28.0 217.0 Box 0
