146.0 94.0 71.0 134.0 44.0 83.0 118.0 43.0 Box 0
188.0 175.0 119.0 214.0 74.0 137.0 144.0 97.0 Box 0
138.0 258.0 91.0 284.0 27.0 166.0 74.0 141.0 Box 0
29.0 67.0 61.0 67.0 61.0 142.0 29.0 142.0 Box 0
212.0 226.0 173.0 255.0 151.0 226.0 190.0 196.0 Box 0
253.0 204.0 220.0 229.0 204.0 208.0 237.0 183.0 Box 0
265.0 127.0 204.0 162.0 151.0 68.0 212.0 33.0 Box 0
303.0 65.0 250.0 94.0 219.0 40.0 272.0 10.0 Box 0
282.0 74.0 341.0 86.0 329.0 145.0 270.0 133.0 Box 0
362.0 75.0 303.0 76.0 301.0 15.0 360.0 14.0 Box 0
362.0 14.0 423.0 14.0 423.0 76.0 362.0 76.0 Box 0
425.0 17.0 485.0 17.0 485.0 78.0 425.0 78.0 Box 0
485.0 31.0 548.0 31.0 548.0 90.0 485.0 90.0 Box 0
636.0 80.0 549.0 81.0 547.0 21.0 634.0 20.0 Box 0
586.0 170.0 531.0 197.0 503.0 142.0 559.0 114.0 Box 0
458.0 181.0 409.0 217.0 372.0 167.0 421.0 131.0 Box 0
427.0 113.0 385.0 156.0 341.0 112.0 383.0 69.0 Box 0
421.0 233.0 381.0 272.0 337.0 226.0 377.0 187.0 Box 0
377.0 182.0 334.0 221.0 294.0 176.0 337.0 137.0 Box 0
345.0 255.0 234.0 334.0 179.0 257.0 290.0 178.0 Box 0
298.0 170.0 256.0 205.0 223.0 166.0 265.0 130.0 Box 0
265.0 354.0 220.0 399.0 174.0 353.0 218.0 307.0 Box 0
209.0 314.0 133.0 373.0 86.0 312.0 162.0 253.0 Box 0
265.0 449.0 204.0 463.0 195.0 423.0 256.0 409.0 Box 0
365.0 389.0 307.0 454.0 262.0 414.0 320.0 349.0 Box 0
343.0 336.0 290.0 373.0 254.0 323.0 307.0 285.0 Box 0
396.0 294.0 353.0 332.0 314.0 288.0 357.0 250.0 Box 0
462.0 312.0 403.0 323.0 392.0 263.0 450.0 251.0 Box 0
519.0 289.0 463.0 300.0 451.0 240.0 507.0 229.0 Box 0
559.0 269.0 512.0 275.0 505.0 218.0 552.0 212.0 Box 0
522.0 207.0 472.0 234.0 446.0 186.0 497.0 159.0 Box 0
571.0 212.0 631.0 216.0 627.0 277.0 567.0 272.0 Box 0
562.0 310.0 637.0 317.0 631.0 385.0 556.0 378.0 Box 0
489.0 316.0 549.0 316.0 549.0 376.0 489.0 376.0 Box 0
488.0 378.0 427.0 380.0 425.0 320.0 486.0 317.0 Box 0
427.0 385.0 367.0 389.0 362.0 328.0 422.0 324.0 Box 0
413.0 462.0 351.0 463.0 351.0 405.0 413.0 404.0 Box 0
415.0 402.0 475.0 402.0 475.0 462.0 415.0 462.0 Box 0
477.0 394.0 525.0 394.0 525.0 448.0 477.0 448.0 Box 0
530.0 398.0 577.0 398.0 577.0 455.0 530.0 455.0 Box 0
579.0 398.0 624.0 398.0 624.0 455.0 579.0 455.0 Box 0
636.0 137.0 579.0 154.0 561.0 98.0 619.0 80.0 Box 0
