624.0 79.0 537.0 80.0 535.0 21.0 623.0 19.0 Box 0
624.0 18.0 637.0 18.0 637.0 81.0 624.0 81.0 Box 0
473.0 31.0 534.0 31.0 534.0 90.0 473.0 90.0 Box 0
413.0 16.0 472.0 16.0 472.0 77.0 413.0 77.0 Box 0
350.0 16.0 411.0 16.0 411.0 75.0 350.0 75.0 Box 0
290.0 15.0 348.0 15.0 348.0 75.0 290.0 75.0 Box 0
291.0 64.0 238.0 95.0 206.0 40.0 259.0 9.0 Box 0
254.0 127.0 194.0 161.0 141.0 68.0 201.0 33.0 Box 0
269.0 72.0 328.0 84.0 316.0 145.0 257.0 133.0 Box 0
416.0 113.0 373.0 156.0 329.0 112.0 371.0 69.0 Box 0
287.0 168.0 244.0 205.0 211.0 166.0 253.0 129.0 Box 0
175.0 174.0 106.0 215.0 60.0 139.0 129.0 97.0 Box 0
133.0 94.0 58.0 138.0 28.0 87.0 104.0 43.0 Box 0
126.0 257.0 87.0 279.0 21.0 163.0 59.0 141.0 Box 0
202.0 226.0 164.0 257.0 139.0 227.0 178.0 196.0 Box 0
239.0 203.0 209.0 227.0 193.0 207.0 223.0 183.0 Box 0
334.0 254.0 222.0 334.0 168.0 258.0 280.0 178.0 Box 0
197.0 317.0 117.0 375.0 71.0 312.0 151.0 254.0 Box 0
254.0 352.0 208.0 398.0 161.0 352.0 208.0 306.0 Box 0
330.0 336.0 277.0 374.0 241.0 325.0 294.0 286.0 Box 0
367.0 183.0 323.0 222.0 281.0 176.0 326.0 136.0 Box 0
352.0 387.0 294.0 453.0 249.0 413.0 308.0 348.0 Box 0
415.0 385.0 356.0 391.0 349.0 329.0 409.0 323.0 Box 0
475.0 378.0 415.0 380.0 413.0 320.0 473.0 317.0 Box 0
479.0 315.0 537.0 316.0 535.0 377.0 477.0 376.0 Box 0
550.0 311.0 637.0 316.0 633.0 385.0 546.0 379.0 Box 0
339.0 405.0 400.0 405.0 400.0 462.0 339.0 462.0 Box 0
403.0 401.0 463.0 401.0 463.0 462.0 403.0 462.0 Box 0
465.0 395.0 513.0 395.0 513.0 448.0 465.0 448.0 Box 0
519.0 398.0 567.0 398.0 567.0 455.0 519.0 455.0 Box 0
568.0 398.0 613.0 398.0 613.0 456.0 568.0 456.0 Box 0
253.0 446.0 192.0 461.0 182.0 424.0 243.0 408.0 Box 0
383.0 294.0 341.0 332.0 304.0 289.0 345.0 252.0 Box 0
409.0 233.0 371.0 271.0 326.0 227.0 364.0 188.0 Box 0
445.0 180.0 396.0 216.0 360.0 167.0 409.0 131.0 Box 0
512.0 207.0 461.0 234.0 435.0 185.0 486.0 158.0 Box 0
573.0 170.0 517.0 197.0 490.0 143.0 546.0 115.0 Box 0
624.0 135.0 566.0 152.0 549.0 96.0 607.0 78.0 Box 0
607.0 88.0 634.0 88.0 634.0 156.0 607.0 156.0 Box 0
558.0 212.0 618.0 215.0 614.0 275.0 554.0 272.0 Box 0
547.0 268.0 498.0 273.0 493.0 217.0 541.0 212.0 Box 0
450.0 311.0 391.0 323.0 379.0 263.0 438.0 251.0 Box 0
508.0 288.0 450.0 299.0 438.0 241.0 496.0 229.0 Box 0
