388.0 402.0 449.0 402.0 449.0 462.0 388.0 462.0 Box 0
525.0 316.0 585.0 316.0 585.0 376.0 525.0 376.0 Box 0
524.0 378.0 462.0 380.0 460.0 318.0 522.0 315.0 Box 0
462.0 383.0 403.0 388.0 398.0 329.0 457.0 323.0 Box 0
402.0 386.0 343.0 453.0 299.0 414.0 358.0 347.0 Box 0
457.0 232.0 418.0 271.0 373.0 226.0 412.0 187.0 Box 0
413.0 183.0 370.0 221.0 329.0 176.0 373.0 137.0 Box 0
620.0 169.0 565.0 196.0 539.0 142.0 593.0 115.0 Box 0
378.0 338.0 326.0 375.0 289.0 324.0 341.0 286.0 Box 0
300.0 357.0 256.0 399.0 211.0 353.0 255.0 310.0 Box 0
383.0 254.0 271.0 333.0 216.0 257.0 328.0 177.0 Box 0
242.0 318.0 172.0 375.0 123.0 316.0 193.0 258.0 Box 0
466.0 114.0 423.0 156.0 379.0 111.0 423.0 69.0 Box 0
317.0 74.0 376.0 85.0 365.0 144.0 306.0 132.0 Box 0
228.0 176.0 158.0 213.0 115.0 133.0 185.0 96.0 Box 0
180.0 257.0 99.0 302.0 33.0 183.0 114.0 138.0 Box 0
583.0 22.0 635.0 22.0 635.0 81.0 583.0 81.0 Box 0
583.0 89.0 523.0 90.0 521.0 32.0 581.0 30.0 Box 0
520.0 75.0 462.0 76.0 460.0 17.0 519.0 16.0 Box 0
397.0 15.0 458.0 15.0 458.0 76.0 397.0 76.0 Box 0
338.0 16.0 396.0 16.0 396.0 75.0 338.0 75.0 Box 0
338.0 63.0 285.0 94.0 254.0 42.0 307.0 10.0 Box 0
300.0 126.0 240.0 161.0 185.0 68.0 245.0 32.0 Box 0
189.0 90.0 115.0 132.0 85.0 80.0 159.0 38.0 Box 0
97.0 108.0 58.0 132.0 26.0 80.0 65.0 55.0 Box 0
556.0 208.0 506.0 234.0 481.0 185.0 531.0 159.0 Box 0
493.0 182.0 444.0 218.0 407.0 167.0 456.0 131.0 Box 0
334.0 169.0 290.0 207.0 257.0 167.0 301.0 130.0 Box 0
286.0 204.0 254.0 229.0 237.0 207.0 269.0 182.0 Box 0
249.0 229.0 210.0 258.0 185.0 225.0 224.0 196.0 Box 0
301.0 446.0 241.0 460.0 231.0 420.0 292.0 406.0 Box 0
451.0 400.0 511.0 400.0 511.0 460.0 451.0 460.0 Box 0
598.0 311.0 636.0 314.0 631.0 381.0 593.0 379.0 Box 0
564.0 395.0 613.0 396.0 612.0 457.0 562.0 456.0 Box 0
594.0 268.0 547.0 274.0 540.0 218.0 587.0 212.0 Box 0
556.0 288.0 498.0 300.0 486.0 240.0 543.0 229.0 Box 0
499.0 310.0 439.0 321.0 427.0 261.0 487.0 249.0 Box 0
429.0 294.0 387.0 331.0 348.0 288.0 390.0 250.0 Box 0
504.0 392.0 558.0 393.0 557.0 448.0 503.0 447.0 Box 0
636.0 146.0 614.0 153.0 596.0 97.0 618.0 90.0 Box 0
614.0 397.0 634.0 397.0 633.0 456.0 613.0 456.0 Box 0
593.0 212.0 633.0 212.0 632.0 273.0 592.0 273.0 Box 0
