478.0 403.0 540.0 403.0 540.0 462.0 478.0 462.0 Box 0
613.0 379.0 552.0 380.0 550.0 319.0 611.0 317.0 Box 0
552.0 383.0 491.0 389.0 485.0 328.0 546.0 322.0 Box 0
491.0 387.0 435.0 452.0 389.0 413.0 446.0 348.0 Box 0
588.0 310.0 530.0 321.0 518.0 261.0 576.0 250.0 Box 0
581.0 181.0 532.0 216.0 497.0 168.0 546.0 132.0 Box 0
550.0 16.0 610.0 16.0 610.0 77.0 550.0 77.0 Box 0
486.0 16.0 548.0 16.0 548.0 75.0 486.0 75.0 Box 0
428.0 16.0 485.0 16.0 485.0 76.0 428.0 76.0 Box 0
556.0 114.0 512.0 156.0 470.0 112.0 515.0 70.0 Box 0
406.0 72.0 466.0 84.0 455.0 142.0 394.0 130.0 Box 0
501.0 179.0 458.0 219.0 418.0 176.0 461.0 136.0 Box 0
546.0 231.0 505.0 270.0 462.0 225.0 503.0 186.0 Box 0
515.0 292.0 473.0 329.0 436.0 287.0 478.0 250.0 Box 0
471.0 337.0 421.0 374.0 384.0 324.0 434.0 287.0 Box 0
394.0 445.0 335.0 462.0 324.0 422.0 383.0 406.0 Box 0
332.0 226.0 294.0 256.0 271.0 225.0 309.0 196.0 Box 0
475.0 253.0 365.0 335.0 309.0 259.0 419.0 177.0 Box 0
389.0 354.0 347.0 397.0 301.0 353.0 343.0 309.0 Box 0
333.0 319.0 266.0 375.0 216.0 316.0 283.0 259.0 Box 0
277.0 256.0 196.0 301.0 131.0 184.0 212.0 139.0 Box 0
426.0 63.0 373.0 94.0 341.0 42.0 394.0 10.0 Box 0
388.0 124.0 326.0 160.0 273.0 68.0 335.0 33.0 Box 0
281.0 88.0 206.0 127.0 178.0 73.0 253.0 34.0 Box 0
191.0 102.0 117.0 143.0 88.0 90.0 161.0 48.0 Box 0
541.0 400.0 600.0 400.0 600.0 461.0 541.0 461.0 Box 0
601.0 393.0 635.0 393.0 635.0 448.0 601.0 448.0 Box 0
615.0 314.0 635.0 314.0 635.0 377.0 615.0 377.0 Box 0
637.0 291.0 588.0 301.0 576.0 240.0 625.0 230.0 Box 0
639.0 206.0 590.0 232.0 564.0 183.0 612.0 157.0 Box 0
610.0 29.0 635.0 29.0 635.0 90.0 610.0 90.0 Box 0
607.0 136.0 635.0 136.0 635.0 191.0 607.0 191.0 Box 0
415.0 369.0 388.0 397.0 368.0 378.0 395.0 350.0 Box 0
371.0 207.0 341.0 231.0 319.0 205.0 349.0 180.0 Box 0
212.0 137.0 143.0 185.0 126.0 161.0 196.0 114.0 Box 0
324.0 171.0 254.0 209.0 212.0 131.0 283.0 93.0 Box 0
420.0 170.0 376.0 208.0 341.0 166.0 386.0 129.0 Box 0
