516.0 386.0 458.0 453.0 413.0 413.0 470.0 346.0 Box 0
577.0 383.0 517.0 389.0 510.0 328.0 571.0 322.0 Box 0
606.0 180.0 558.0 215.0 522.0 167.0 570.0 131.0 Box 0
581.0 113.0 537.0 156.0 494.0 111.0 538.0 69.0 Box 0
633.0 77.0 573.0 77.0 573.0 16.0 632.0 15.0 Box 0
510.0 16.0 572.0 16.0 572.0 75.0 510.0 75.0 Box 0
450.0 16.0 508.0 16.0 508.0 75.0 450.0 75.0 Box 0
450.0 62.0 398.0 94.0 366.0 41.0 419.0 9.0 Box 0
431.0 73.0 490.0 85.0 479.0 142.0 420.0 130.0 Box 0
526.0 179.0 482.0 220.0 443.0 177.0 486.0 137.0 Box 0
572.0 232.0 531.0 272.0 486.0 225.0 527.0 185.0 Box 0
537.0 291.0 495.0 329.0 459.0 288.0 501.0 251.0 Box 0
420.0 443.0 360.0 461.0 349.0 423.0 409.0 406.0 Box 0
495.0 337.0 446.0 373.0 409.0 323.0 458.0 286.0 Box 0
414.0 355.0 371.0 397.0 325.0 351.0 368.0 309.0 Box 0
499.0 252.0 390.0 333.0 334.0 258.0 443.0 176.0 Box 0
348.0 171.0 279.0 210.0 236.0 133.0 305.0 94.0 Box 0
360.0 233.0 322.0 262.0 294.0 226.0 332.0 197.0 Box 0
358.0 319.0 293.0 375.0 241.0 315.0 306.0 259.0 Box 0
235.0 136.0 166.0 184.0 150.0 161.0 219.0 114.0 Box 0
302.0 257.0 220.0 301.0 155.0 182.0 237.0 138.0 Box 0
411.0 127.0 348.0 161.0 296.0 66.0 359.0 32.0 Box 0
305.0 89.0 231.0 128.0 203.0 74.0 277.0 36.0 Box 0
216.0 103.0 141.0 143.0 111.0 88.0 186.0 47.0 Box 0
502.0 401.0 564.0 401.0 564.0 462.0 502.0 462.0 Box 0
565.0 399.0 625.0 399.0 625.0 460.0 565.0 460.0 Box 0
633.0 378.0 576.0 379.0 574.0 318.0 632.0 317.0 Box 0
611.0 312.0 551.0 322.0 541.0 261.0 601.0 251.0 Box 0
580.0 233.0 633.0 233.0 633.0 302.0 580.0 302.0 Box 0
590.0 161.0 636.0 161.0 636.0 234.0 590.0 234.0 Box 0
442.0 170.0 400.0 207.0 365.0 167.0 407.0 130.0 Box 0
395.0 209.0 363.0 232.0 343.0 205.0 375.0 181.0 Box 0
436.0 370.0 409.0 397.0 391.0 379.0 418.0 352.0 Box 0
