431.0 446.0 371.0 460.0 361.0 421.0 421.0 406.0 Box 0
587.0 318.0 634.0 318.0 634.0 380.0 587.0 380.0 Box 0
587.0 382.0 528.0 388.0 522.0 329.0 581.0 323.0 Box 0
547.0 293.0 506.0 328.0 471.0 288.0 512.0 253.0 Box 0
625.0 311.0 564.0 322.0 552.0 262.0 613.0 250.0 Box 0
618.0 180.0 567.0 216.0 532.0 167.0 583.0 130.0 Box 0
582.0 231.0 544.0 270.0 498.0 225.0 536.0 186.0 Box 0
538.0 178.0 497.0 220.0 455.0 178.0 496.0 137.0 Box 0
550.0 70.0 593.0 114.0 549.0 157.0 506.0 113.0 Box 0
442.0 73.0 502.0 85.0 490.0 142.0 431.0 130.0 Box 0
586.0 17.0 635.0 17.0 635.0 79.0 586.0 79.0 Box 0
462.0 63.0 410.0 95.0 378.0 43.0 429.0 10.0 Box 0
522.0 16.0 583.0 16.0 583.0 73.0 522.0 73.0 Box 0
463.0 17.0 521.0 17.0 521.0 75.0 463.0 75.0 Box 0
455.0 172.0 411.0 208.0 377.0 165.0 421.0 129.0 Box 0
425.0 353.0 384.0 397.0 337.0 353.0 378.0 309.0 Box 0
512.0 251.0 403.0 333.0 346.0 258.0 455.0 175.0 Box 0
423.0 126.0 363.0 160.0 309.0 67.0 369.0 33.0 Box 0
360.0 171.0 292.0 209.0 249.0 134.0 317.0 95.0 Box 0
371.0 235.0 336.0 263.0 307.0 226.0 342.0 198.0 Box 0
370.0 318.0 304.0 376.0 252.0 318.0 318.0 259.0 Box 0
315.0 258.0 232.0 302.0 168.0 182.0 251.0 137.0 Box 0
247.0 138.0 177.0 184.0 162.0 161.0 232.0 115.0 Box 0
317.0 87.0 243.0 127.0 214.0 74.0 288.0 33.0 Box 0
228.0 105.0 151.0 144.0 121.0 86.0 199.0 47.0 Box 0
527.0 387.0 469.0 452.0 426.0 413.0 484.0 348.0 Box 0
515.0 402.0 577.0 402.0 577.0 461.0 515.0 461.0 Box 0
577.0 397.0 634.0 397.0 634.0 461.0 577.0 461.0 Box 0
591.0 233.0 637.0 233.0 637.0 296.0 591.0 296.0 Box 0
602.0 164.0 634.0 164.0 634.0 231.0 602.0 231.0 Box 0
406.0 208.0 373.0 233.0 354.0 208.0 386.0 182.0 Box 0
507.0 337.0 457.0 374.0 420.0 323.0 469.0 286.0 Box 0
