536.0 253.0 455.0 299.0 388.0 181.0 468.0 135.0 Box 0
568.0 225.0 535.0 249.0 513.0 220.0 546.0 196.0 Box 0
607.0 210.0 576.0 234.0 554.0 205.0 585.0 182.0 Box 0
635.0 456.0 593.0 465.0 582.0 415.0 624.0 406.0 Box 0
637.0 188.0 615.0 207.0 580.0 166.0 602.0 147.0 Box 0
587.0 17.0 634.0 17.0 634.0 96.0 587.0 96.0 Box 0
636.0 349.0 595.0 392.0 554.0 352.0 595.0 309.0 Box 0
555.0 198.0 634.0 198.0 634.0 328.0 555.0 328.0 Box 0
538.0 257.0 591.0 316.0 526.0 374.0 473.0 315.0 Box 0
580.0 170.0 515.0 208.0 470.0 131.0 535.0 93.0 Box 0
432.0 113.0 450.0 138.0 384.0 186.0 366.0 161.0 Box 0
632.0 126.0 570.0 161.0 518.0 67.0 580.0 32.0 Box 0
504.0 34.0 531.0 88.0 457.0 126.0 429.0 72.0 Box 0
414.0 46.0 443.0 103.0 366.0 143.0 337.0 86.0 Box 0
