502.0 102.0 425.0 139.0 398.0 84.0 475.0 46.0 Box 0
591.0 87.0 514.0 126.0 487.0 73.0 564.0 34.0 Box 0
508.0 137.0 440.0 186.0 423.0 162.0 490.0 112.0 Box 0
596.0 254.0 516.0 299.0 449.0 180.0 529.0 135.0 Box 0
638.0 171.0 576.0 207.0 531.0 130.0 593.0 94.0 Box 0
580.0 33.0 634.0 33.0 634.0 153.0 580.0 153.0 Box 0
634.0 333.0 587.0 375.0 535.0 317.0 582.0 275.0 Box 0
626.0 229.0 597.0 251.0 573.0 219.0 602.0 197.0 Box 0
615.0 395.0 636.0 395.0 636.0 448.0 615.0 448.0 Box 0
612.0 183.0 635.0 183.0 635.0 235.0 612.0 235.0 Box 0
