419.0 102.0 342.0 143.0 312.0 87.0 389.0 46.0 Box 0
428.0 137.0 360.0 185.0 342.0 161.0 411.0 112.0 Box 0
513.0 254.0 432.0 300.0 365.0 182.0 446.0 136.0 Box 0
507.0 86.0 429.0 124.0 403.0 71.0 481.0 32.0 Box 0
556.0 171.0 489.0 209.0 446.0 132.0 512.0 94.0 Box 0
608.0 125.0 549.0 159.0 496.0 66.0 555.0 32.0 Box 0
638.0 70.0 593.0 97.0 562.0 43.0 607.0 17.0 Box 0
608.0 77.0 635.0 77.0 635.0 144.0 608.0 144.0 Box 0
546.0 226.0 511.0 251.0 490.0 222.0 525.0 196.0 Box 0
566.0 316.0 504.0 373.0 451.0 316.0 513.0 259.0 Box 0
571.0 307.0 618.0 352.0 576.0 396.0 529.0 351.0 Box 0
631.0 450.0 569.0 466.0 557.0 418.0 619.0 403.0 Box 0
584.0 206.0 551.0 231.0 532.0 206.0 565.0 181.0 Box 0
635.0 170.0 593.0 207.0 555.0 165.0 597.0 127.0 Box 0
638.0 304.0 599.0 333.0 542.0 256.0 581.0 227.0 Box 0
610.0 309.0 634.0 309.0 634.0 364.0 610.0 364.0 Box 0
604.0 366.0 635.0 366.0 635.0 427.0 604.0 427.0 Box 0
