399.0 103.0 321.0 140.0 294.0 84.0 372.0 47.0 Box 0
410.0 137.0 342.0 183.0 326.0 160.0 394.0 113.0 Box 0
491.0 257.0 411.0 300.0 345.0 181.0 426.0 137.0 Box 0
617.0 169.0 574.0 207.0 539.0 167.0 582.0 129.0 Box 0
571.0 206.0 538.0 234.0 513.0 204.0 546.0 177.0 Box 0
533.0 230.0 498.0 257.0 472.0 224.0 507.0 196.0 Box 0
538.0 172.0 470.0 209.0 427.0 132.0 496.0 95.0 Box 0
590.0 123.0 531.0 159.0 478.0 70.0 537.0 34.0 Box 0
489.0 88.0 415.0 125.0 388.0 72.0 462.0 35.0 Box 0
580.0 212.0 639.0 290.0 580.0 333.0 522.0 256.0 Box 0
590.0 369.0 634.0 369.0 634.0 444.0 590.0 444.0 Box 0
598.0 352.0 557.0 395.0 512.0 352.0 553.0 309.0 Box 0
547.0 318.0 483.0 373.0 432.0 315.0 496.0 259.0 Box 0
612.0 451.0 553.0 466.0 541.0 420.0 600.0 404.0 Box 0
635.0 61.0 582.0 93.0 551.0 42.0 604.0 10.0 Box 0
591.0 74.0 635.0 74.0 635.0 140.0 591.0 140.0 Box 0
592.0 295.0 635.0 295.0 635.0 375.0 592.0 375.0 Box 0
