30.0 44.0 102.0 44.0 102.0 162.0 30.0 162.0 Box 0
102.0 72.0 213.0 82.0 204.0 177.0 93.0 167.0 Box 0
270.0 66.0 324.0 85.0 299.0 158.0 245.0 139.0 Box 0
426.0 156.0 342.0 187.0 319.0 127.0 403.0 95.0 Box 0
223.0 170.0 294.0 202.0 269.0 257.0 199.0 225.0 Box 0
197.0 224.0 141.0 304.0 54.0 243.0 110.0 163.0 Box 0
101.0 314.0 31.0 320.0 26.0 262.0 96.0 256.0 Box 0
95.0 321.0 190.0 334.0 178.0 416.0 83.0 402.0 Box 0
344.0 386.0 248.0 432.0 183.0 299.0 280.0 252.0 Box 0
486.0 330.0 341.0 365.0 295.0 180.0 441.0 144.0 Box 0
