113.0 315.0 31.0 321.0 26.0 262.0 108.0 255.0 Box 0
124.0 159.0 212.0 223.0 154.0 304.0 66.0 240.0 Box 0
233.0 171.0 304.0 201.0 281.0 256.0 210.0 225.0 Box 0
114.0 66.0 232.0 87.0 216.0 180.0 98.0 160.0 Box 0
114.0 155.0 33.0 158.0 29.0 44.0 110.0 41.0 Box 0
109.0 326.0 201.0 340.0 190.0 416.0 98.0 402.0 Box 0
354.0 387.0 254.0 432.0 194.0 301.0 294.0 255.0 Box 0
498.0 330.0 355.0 366.0 308.0 182.0 451.0 145.0 Box 0
281.0 65.0 336.0 85.0 310.0 159.0 255.0 140.0 Box 0
436.0 156.0 356.0 188.0 332.0 128.0 412.0 96.0 Box 0
