129.0 347.0 77.0 404.0 31.0 363.0 83.0 305.0 Box 0
186.0 315.0 97.0 324.0 91.0 264.0 180.0 255.0 Box 0
29.0 198.0 106.0 198.0 106.0 315.0 29.0 315.0 Box 0
278.0 228.0 216.0 303.0 133.0 234.0 195.0 160.0 Box 0
188.0 140.0 62.0 165.0 39.0 50.0 165.0 24.0 Box 0
195.0 73.0 293.0 81.0 285.0 174.0 187.0 167.0 Box 0
340.0 65.0 396.0 85.0 371.0 158.0 315.0 139.0 Box 0
498.0 156.0 415.0 187.0 392.0 126.0 475.0 94.0 Box 0
293.0 171.0 364.0 202.0 342.0 255.0 270.0 224.0 Box 0
419.0 387.0 319.0 433.0 257.0 299.0 358.0 253.0 Box 0
171.0 332.0 265.0 336.0 262.0 412.0 168.0 408.0 Box 0
562.0 334.0 412.0 364.0 375.0 179.0 525.0 149.0 Box 0
