157.0 148.0 51.0 169.0 27.0 50.0 133.0 29.0 Box 0
163.0 77.0 260.0 87.0 251.0 174.0 154.0 165.0 Box 0
313.0 65.0 368.0 84.0 342.0 158.0 288.0 139.0 Box 0
469.0 156.0 387.0 186.0 365.0 125.0 447.0 95.0 Box 0
531.0 329.0 390.0 368.0 339.0 183.0 480.0 143.0 Box 0
391.0 382.0 298.0 430.0 230.0 301.0 324.0 252.0 Box 0
265.0 171.0 336.0 201.0 313.0 255.0 242.0 225.0 Box 0
249.0 224.0 191.0 303.0 104.0 239.0 161.0 160.0 Box 0
152.0 314.0 65.0 320.0 61.0 263.0 148.0 257.0 Box 0
98.0 346.0 70.0 379.0 25.0 339.0 53.0 306.0 Box 0
142.0 325.0 239.0 335.0 231.0 417.0 133.0 407.0 Box 0
29.0 210.0 73.0 210.0 73.0 305.0 29.0 305.0 Box 0
