209.0 315.0 122.0 322.0 117.0 264.0 204.0 257.0 Box 0
57.0 198.0 131.0 221.0 97.0 332.0 23.0 309.0 Box 0
159.0 351.0 109.0 409.0 58.0 365.0 108.0 307.0 Box 0
192.0 329.0 289.0 339.0 281.0 417.0 185.0 407.0 Box 0
440.0 388.0 341.0 434.0 277.0 298.0 376.0 252.0 Box 0
300.0 224.0 241.0 302.0 158.0 238.0 217.0 161.0 Box 0
211.0 141.0 78.0 168.0 54.0 53.0 188.0 25.0 Box 0
215.0 76.0 313.0 86.0 304.0 177.0 206.0 167.0 Box 0
363.0 65.0 418.0 84.0 392.0 158.0 337.0 138.0 Box 0
316.0 171.0 386.0 200.0 363.0 255.0 293.0 225.0 Box 0
519.0 155.0 436.0 186.0 414.0 126.0 497.0 95.0 Box 0
585.0 333.0 435.0 363.0 397.0 178.0 548.0 148.0 Box 0
