153.0 140.0 72.0 204.0 23.0 143.0 105.0 78.0 Box 0
280.0 139.0 149.0 156.0 134.0 44.0 265.0 26.0 Box 0
284.0 70.0 381.0 81.0 369.0 175.0 272.0 163.0 Box 0
429.0 64.0 484.0 83.0 458.0 158.0 404.0 139.0 Box 0
585.0 157.0 503.0 188.0 479.0 126.0 562.0 95.0 Box 0
381.0 171.0 453.0 200.0 430.0 255.0 359.0 225.0 Box 0
369.0 225.0 306.0 306.0 225.0 243.0 288.0 162.0 Box 0
505.0 390.0 402.0 433.0 344.0 296.0 447.0 253.0 Box 0
638.0 330.0 506.0 362.0 462.0 182.0 594.0 150.0 Box 0
231.0 352.0 183.0 407.0 140.0 369.0 187.0 314.0 Box 0
38.0 337.0 117.0 337.0 117.0 404.0 38.0 404.0 Box 0
109.0 189.0 207.0 221.0 170.0 335.0 72.0 304.0 Box 0
277.0 314.0 191.0 321.0 186.0 265.0 273.0 259.0 Box 0
264.0 327.0 356.0 336.0 348.0 415.0 256.0 405.0 Box 0
