185.0 140.0 99.0 202.0 21.0 91.0 107.0 30.0 Box 0
310.0 137.0 185.0 162.0 162.0 48.0 287.0 23.0 Box 0
313.0 72.0 412.0 85.0 400.0 177.0 301.0 164.0 Box 0
455.0 64.0 511.0 82.0 487.0 158.0 431.0 140.0 Box 0
613.0 155.0 531.0 186.0 508.0 125.0 590.0 94.0 Box 0
410.0 171.0 480.0 199.0 458.0 254.0 388.0 226.0 Box 0
395.0 223.0 336.0 304.0 252.0 243.0 311.0 162.0 Box 0
142.0 188.0 240.0 219.0 204.0 336.0 106.0 305.0 Box 0
307.0 317.0 219.0 324.0 214.0 266.0 302.0 259.0 Box 0
260.0 350.0 212.0 406.0 167.0 368.0 216.0 311.0 Box 0
73.0 339.0 146.0 339.0 146.0 406.0 73.0 406.0 Box 0
292.0 330.0 383.0 337.0 377.0 416.0 285.0 408.0 Box 0
541.0 388.0 439.0 437.0 373.0 299.0 474.0 250.0 Box 0
638.0 343.0 520.0 359.0 494.0 175.0 612.0 158.0 Box 0
