289.0 133.0 201.0 194.0 110.0 60.0 198.0 0.0 Box 0
244.0 188.0 338.0 215.0 304.0 331.0 211.0 304.0 Box 0
184.0 345.0 245.0 347.0 243.0 410.0 182.0 408.0 Box 0
313.0 318.0 357.0 356.0 317.0 404.0 272.0 366.0 Box 0
400.0 321.0 318.0 325.0 315.0 264.0 397.0 260.0 Box 0
489.0 224.0 431.0 301.0 349.0 241.0 407.0 163.0 Box 0
403.0 140.0 280.0 158.0 262.0 44.0 386.0 25.0 Box 0
409.0 70.0 508.0 83.0 496.0 175.0 397.0 162.0 Box 0
552.0 64.0 606.0 83.0 580.0 158.0 525.0 138.0 Box 0
503.0 170.0 574.0 198.0 552.0 254.0 481.0 225.0 Box 0
386.0 327.0 480.0 337.0 472.0 415.0 378.0 405.0 Box 0
631.0 392.0 531.0 439.0 465.0 300.0 566.0 252.0 Box 0
606.0 110.0 636.0 110.0 636.0 177.0 606.0 177.0 Box 0
594.0 173.0 638.0 173.0 638.0 314.0 594.0 314.0 Box 0
