388.0 132.0 304.0 193.0 209.0 63.0 293.0 1.0 Box 0
350.0 190.0 448.0 215.0 418.0 332.0 321.0 307.0 Box 0
292.0 346.0 350.0 346.0 350.0 408.0 292.0 408.0 Box 0
466.0 358.0 424.0 406.0 379.0 367.0 421.0 319.0 Box 0
500.0 318.0 419.0 322.0 415.0 265.0 497.0 260.0 Box 0
593.0 225.0 530.0 301.0 451.0 236.0 514.0 159.0 Box 0
505.0 142.0 377.0 158.0 362.0 44.0 490.0 27.0 Box 0
499.0 72.0 608.0 84.0 598.0 174.0 489.0 162.0 Box 0
603.0 169.0 638.0 184.0 615.0 239.0 579.0 224.0 Box 0
492.0 328.0 583.0 337.0 576.0 410.0 484.0 400.0 Box 0
562.0 270.0 634.0 270.0 634.0 409.0 562.0 409.0 Box 0
