359.0 135.0 271.0 194.0 180.0 59.0 268.0 0.0 Box 0
317.0 192.0 411.0 218.0 379.0 333.0 285.0 307.0 Box 0
429.0 357.0 389.0 404.0 343.0 366.0 383.0 318.0 Box 0
255.0 346.0 314.0 346.0 314.0 408.0 255.0 408.0 Box 0
473.0 141.0 350.0 162.0 330.0 46.0 453.0 25.0 Box 0
467.0 317.0 381.0 321.0 378.0 264.0 464.0 259.0 Box 0
556.0 225.0 494.0 301.0 415.0 237.0 477.0 161.0 Box 0
468.0 70.0 575.0 83.0 565.0 174.0 457.0 161.0 Box 0
568.0 170.0 639.0 198.0 618.0 252.0 546.0 224.0 Box 0
456.0 328.0 548.0 336.0 542.0 413.0 449.0 405.0 Box 0
532.0 257.0 633.0 257.0 633.0 422.0 532.0 422.0 Box 0
590.0 64.0 636.0 64.0 636.0 153.0 590.0 153.0 Box 0
