583.0 74.0 496.0 78.0 493.0 20.0 580.0 16.0 Box 0
494.0 77.0 405.0 80.0 403.0 22.0 492.0 19.0 Box 0
344.0 32.0 404.0 32.0 404.0 91.0 344.0 91.0 Box 0
284.0 16.0 343.0 16.0 343.0 78.0 284.0 78.0 Box 0
223.0 15.0 283.0 15.0 283.0 75.0 223.0 75.0 Box 0
163.0 15.0 221.0 15.0 221.0 75.0 163.0 75.0 Box 0
163.0 67.0 112.0 97.0 82.0 45.0 133.0 15.0 Box 0
135.0 131.0 77.0 169.0 18.0 77.0 76.0 40.0 Box 0
205.0 84.0 195.0 144.0 135.0 133.0 145.0 74.0 Box 0
284.0 112.0 241.0 156.0 197.0 113.0 239.0 69.0 Box 0
317.0 182.0 267.0 218.0 231.0 168.0 280.0 131.0 Box 0
387.0 208.0 337.0 235.0 310.0 185.0 360.0 158.0 Box 0
442.0 170.0 386.0 197.0 359.0 143.0 415.0 115.0 Box 0
494.0 137.0 434.0 154.0 418.0 98.0 477.0 81.0 Box 0
557.0 137.0 497.0 151.0 483.0 92.0 542.0 77.0 Box 0
489.0 226.0 550.0 230.0 546.0 289.0 485.0 284.0 Box 0
427.0 213.0 486.0 216.0 484.0 275.0 425.0 273.0 Box 0
421.0 267.0 375.0 274.0 366.0 219.0 412.0 212.0 Box 0
378.0 286.0 320.0 298.0 309.0 242.0 367.0 230.0 Box 0
323.0 311.0 262.0 323.0 251.0 263.0 311.0 252.0 Box 0
280.0 234.0 240.0 272.0 197.0 225.0 237.0 188.0 Box 0
243.0 180.0 200.0 223.0 156.0 179.0 199.0 136.0 Box 0
167.0 166.0 123.0 200.0 97.0 167.0 141.0 132.0 Box 0
121.0 201.0 86.0 224.0 74.0 207.0 109.0 183.0 Box 0
85.0 226.0 43.0 255.0 23.0 226.0 64.0 197.0 Box 0
28.0 101.0 88.0 101.0 88.0 219.0 28.0 219.0 Box 0
126.0 353.0 82.0 397.0 36.0 351.0 80.0 307.0 Box 0
210.0 254.0 95.0 337.0 39.0 260.0 154.0 177.0 Box 0
204.0 336.0 153.0 374.0 115.0 321.0 166.0 284.0 Box 0
262.0 292.0 219.0 329.0 183.0 287.0 226.0 250.0 Box 0
415.0 310.0 528.0 317.0 524.0 387.0 411.0 380.0 Box 0
407.0 376.0 347.0 377.0 345.0 315.0 406.0 314.0 Box 0
347.0 376.0 286.0 379.0 282.0 320.0 343.0 317.0 Box 0
288.0 383.0 227.0 391.0 220.0 330.0 280.0 323.0 Box 0
188.0 347.0 229.0 389.0 165.0 450.0 124.0 408.0 Box 0
211.0 406.0 272.0 406.0 272.0 460.0 211.0 460.0 Box 0
335.0 460.0 275.0 461.0 273.0 403.0 333.0 402.0 Box 0
335.0 394.0 390.0 394.0 390.0 448.0 335.0 448.0 Box 0
391.0 398.0 438.0 398.0 438.0 455.0 391.0 455.0 Box 0
485.0 456.0 441.0 457.0 441.0 400.0 485.0 399.0 Box 0
126.0 449.0 63.0 461.0 53.0 415.0 117.0 402.0 Box 0
28.0 274.0 73.0 274.0 73.0 348.0 28.0 348.0 Box 0
