583.0 75.0 495.0 78.0 493.0 19.0 581.0 16.0 Box 0
494.0 79.0 406.0 81.0 404.0 22.0 492.0 19.0 Box 0
345.0 32.0 403.0 32.0 403.0 91.0 345.0 91.0 Box 0
285.0 15.0 342.0 16.0 342.0 77.0 285.0 76.0 Box 0
222.0 15.0 283.0 15.0 283.0 76.0 222.0 76.0 Box 0
162.0 15.0 220.0 15.0 220.0 76.0 162.0 76.0 Box 0
163.0 67.0 113.0 97.0 81.0 44.0 130.0 13.0 Box 0
134.0 130.0 75.0 169.0 16.0 79.0 75.0 40.0 Box 0
146.0 75.0 205.0 87.0 193.0 146.0 134.0 134.0 Box 0
284.0 113.0 241.0 157.0 197.0 113.0 240.0 70.0 Box 0
493.0 137.0 434.0 154.0 418.0 98.0 477.0 81.0 Box 0
557.0 137.0 498.0 151.0 483.0 91.0 542.0 76.0 Box 0
491.0 224.0 551.0 231.0 544.0 289.0 484.0 283.0 Box 0
429.0 212.0 487.0 215.0 484.0 275.0 426.0 272.0 Box 0
421.0 265.0 375.0 273.0 366.0 218.0 412.0 211.0 Box 0
442.0 170.0 387.0 197.0 361.0 143.0 415.0 116.0 Box 0
386.0 206.0 335.0 234.0 309.0 187.0 361.0 159.0 Box 0
317.0 182.0 268.0 218.0 231.0 168.0 281.0 132.0 Box 0
242.0 181.0 198.0 222.0 157.0 178.0 201.0 137.0 Box 0
167.0 168.0 121.0 201.0 97.0 167.0 143.0 134.0 Box 0
119.0 201.0 86.0 223.0 76.0 207.0 108.0 185.0 Box 0
85.0 226.0 43.0 255.0 23.0 225.0 65.0 196.0 Box 0
30.0 105.0 84.0 105.0 84.0 216.0 30.0 216.0 Box 0
211.0 253.0 96.0 337.0 40.0 260.0 155.0 176.0 Box 0
262.0 294.0 220.0 330.0 183.0 287.0 225.0 251.0 Box 0
321.0 312.0 260.0 322.0 250.0 263.0 311.0 252.0 Box 0
379.0 289.0 319.0 299.0 309.0 240.0 369.0 230.0 Box 0
281.0 235.0 241.0 272.0 198.0 227.0 238.0 189.0 Box 0
127.0 354.0 83.0 397.0 37.0 351.0 81.0 307.0 Box 0
211.0 330.0 153.0 374.0 116.0 325.0 174.0 281.0 Box 0
27.0 264.0 75.0 264.0 75.0 349.0 27.0 349.0 Box 0
228.0 389.0 165.0 450.0 124.0 408.0 187.0 347.0 Box 0
125.0 449.0 64.0 461.0 55.0 414.0 116.0 402.0 Box 0
285.0 385.0 228.0 391.0 221.0 331.0 278.0 324.0 Box 0
346.0 378.0 287.0 381.0 284.0 319.0 343.0 316.0 Box 0
409.0 375.0 348.0 376.0 346.0 316.0 407.0 315.0 Box 0
415.0 309.0 527.0 318.0 521.0 387.0 410.0 378.0 Box 0
486.0 456.0 441.0 457.0 441.0 400.0 486.0 399.0 Box 0
392.0 399.0 439.0 399.0 439.0 455.0 392.0 455.0 Box 0
336.0 395.0 389.0 395.0 389.0 449.0 336.0 449.0 Box 0
274.0 402.0 332.0 402.0 332.0 461.0 274.0 461.0 Box 0
210.0 406.0 271.0 406.0 271.0 459.0 210.0 459.0 Box 0
