583.0 75.0 495.0 79.0 492.0 19.0 580.0 15.0 Box 0
494.0 79.0 406.0 82.0 404.0 23.0 492.0 20.0 Box 0
344.0 32.0 405.0 32.0 405.0 91.0 344.0 91.0 Box 0
285.0 16.0 343.0 16.0 343.0 78.0 285.0 78.0 Box 0
556.0 135.0 496.0 150.0 482.0 93.0 542.0 78.0 Box 0
493.0 137.0 436.0 154.0 419.0 98.0 476.0 81.0 Box 0
442.0 169.0 385.0 197.0 359.0 144.0 416.0 116.0 Box 0
386.0 207.0 336.0 234.0 309.0 185.0 359.0 158.0 Box 0
240.0 189.0 280.0 234.0 238.0 272.0 198.0 227.0 Box 0
317.0 182.0 268.0 217.0 232.0 168.0 281.0 132.0 Box 0
490.0 225.0 551.0 231.0 546.0 289.0 485.0 283.0 Box 0
429.0 213.0 486.0 215.0 484.0 276.0 427.0 274.0 Box 0
420.0 267.0 374.0 273.0 366.0 218.0 412.0 211.0 Box 0
377.0 288.0 322.0 298.0 310.0 241.0 366.0 230.0 Box 0
321.0 312.0 260.0 322.0 250.0 264.0 311.0 253.0 Box 0
223.0 250.0 262.0 295.0 220.0 332.0 181.0 287.0 Box 0
211.0 328.0 151.0 373.0 115.0 324.0 175.0 279.0 Box 0
209.0 254.0 97.0 337.0 40.0 260.0 152.0 177.0 Box 0
167.0 167.0 119.0 200.0 95.0 165.0 144.0 132.0 Box 0
145.0 74.0 206.0 86.0 194.0 146.0 133.0 133.0 Box 0
284.0 113.0 241.0 157.0 196.0 114.0 239.0 69.0 Box 0
162.0 16.0 220.0 16.0 220.0 75.0 162.0 75.0 Box 0
223.0 16.0 283.0 16.0 283.0 75.0 223.0 75.0 Box 0
135.0 131.0 77.0 170.0 17.0 78.0 75.0 40.0 Box 0
164.0 67.0 115.0 97.0 82.0 43.0 131.0 13.0 Box 0
414.0 310.0 527.0 317.0 523.0 387.0 410.0 380.0 Box 0
407.0 375.0 348.0 376.0 346.0 316.0 405.0 314.0 Box 0
347.0 376.0 287.0 379.0 283.0 321.0 343.0 318.0 Box 0
287.0 383.0 227.0 391.0 220.0 331.0 279.0 324.0 Box 0
229.0 388.0 166.0 452.0 124.0 410.0 187.0 346.0 Box 0
211.0 407.0 272.0 407.0 272.0 460.0 211.0 460.0 Box 0
332.0 460.0 273.0 461.0 273.0 403.0 332.0 402.0 Box 0
334.0 394.0 388.0 394.0 388.0 449.0 334.0 449.0 Box 0
392.0 398.0 439.0 398.0 439.0 455.0 392.0 455.0 Box 0
441.0 399.0 485.0 399.0 485.0 456.0 441.0 456.0 Box 0
125.0 449.0 65.0 461.0 55.0 414.0 116.0 402.0 Box 0
79.0 309.0 125.0 354.0 83.0 397.0 37.0 352.0 Box 0
29.0 273.0 75.0 273.0 75.0 348.0 29.0 348.0 Box 0
86.0 225.0 43.0 254.0 24.0 226.0 66.0 197.0 Box 0
120.0 200.0 87.0 223.0 76.0 208.0 109.0 184.0 Box 0
28.0 104.0 85.0 104.0 85.0 220.0 28.0 220.0 Box 0
