584.0 76.0 496.0 81.0 492.0 19.0 580.0 14.0 Box 0
495.0 77.0 405.0 80.0 403.0 21.0 493.0 18.0 Box 0
344.0 32.0 404.0 32.0 404.0 91.0 344.0 91.0 Box 0
284.0 16.0 343.0 16.0 343.0 77.0 284.0 77.0 Box 0
284.0 75.0 223.0 76.0 222.0 16.0 284.0 15.0 Box 0
162.0 16.0 221.0 16.0 221.0 75.0 162.0 75.0 Box 0
164.0 67.0 112.0 98.0 80.0 45.0 132.0 14.0 Box 0
136.0 130.0 77.0 170.0 17.0 79.0 75.0 40.0 Box 0
146.0 75.0 204.0 86.0 193.0 145.0 134.0 133.0 Box 0
240.0 70.0 284.0 114.0 242.0 157.0 198.0 113.0 Box 0
201.0 137.0 242.0 181.0 198.0 222.0 157.0 178.0 Box 0
168.0 167.0 120.0 201.0 95.0 167.0 143.0 132.0 Box 0
119.0 201.0 87.0 224.0 74.0 208.0 106.0 184.0 Box 0
85.0 227.0 43.0 255.0 23.0 225.0 64.0 197.0 Box 0
29.0 108.0 87.0 108.0 87.0 218.0 29.0 218.0 Box 0
210.0 254.0 97.0 336.0 41.0 260.0 154.0 177.0 Box 0
281.0 234.0 241.0 272.0 198.0 227.0 238.0 189.0 Box 0
317.0 182.0 267.0 217.0 231.0 167.0 281.0 131.0 Box 0
387.0 208.0 337.0 235.0 311.0 186.0 361.0 159.0 Box 0
441.0 169.0 386.0 196.0 359.0 143.0 414.0 116.0 Box 0
494.0 137.0 435.0 154.0 418.0 98.0 477.0 80.0 Box 0
558.0 136.0 498.0 151.0 483.0 92.0 543.0 76.0 Box 0
491.0 226.0 552.0 232.0 546.0 289.0 486.0 284.0 Box 0
428.0 214.0 486.0 216.0 484.0 276.0 426.0 273.0 Box 0
420.0 267.0 374.0 274.0 365.0 218.0 411.0 211.0 Box 0
378.0 287.0 320.0 298.0 308.0 242.0 367.0 230.0 Box 0
321.0 311.0 260.0 322.0 250.0 264.0 311.0 253.0 Box 0
261.0 295.0 219.0 331.0 182.0 287.0 225.0 252.0 Box 0
212.0 330.0 154.0 374.0 116.0 325.0 174.0 280.0 Box 0
124.0 354.0 82.0 397.0 37.0 351.0 79.0 309.0 Box 0
125.0 449.0 62.0 461.0 52.0 415.0 116.0 402.0 Box 0
229.0 389.0 165.0 452.0 124.0 410.0 188.0 347.0 Box 0
286.0 384.0 226.0 390.0 220.0 330.0 280.0 324.0 Box 0
346.0 377.0 287.0 380.0 284.0 320.0 343.0 317.0 Box 0
407.0 375.0 347.0 377.0 345.0 317.0 405.0 315.0 Box 0
413.0 310.0 527.0 319.0 522.0 386.0 408.0 376.0 Box 0
440.0 400.0 485.0 400.0 485.0 457.0 440.0 457.0 Box 0
392.0 399.0 439.0 399.0 439.0 455.0 392.0 455.0 Box 0
335.0 394.0 391.0 394.0 391.0 449.0 335.0 449.0 Box 0
334.0 460.0 274.0 461.0 274.0 402.0 334.0 401.0 Box 0
211.0 406.0 273.0 406.0 273.0 460.0 211.0 460.0 Box 0
29.0 273.0 73.0 273.0 73.0 349.0 29.0 349.0 Box 0
