439.0 332.0 486.0 367.0 449.0 417.0 402.0 382.0 Box 0
394.0 346.0 337.0 370.0 316.0 320.0 373.0 296.0 Box 0
420.0 403.0 371.0 441.0 334.0 395.0 383.0 356.0 Box 0
317.0 374.0 261.0 397.0 226.0 317.0 283.0 293.0 Box 0
283.0 218.0 342.0 218.0 342.0 279.0 283.0 279.0 Box 0
359.0 230.0 420.0 230.0 420.0 289.0 359.0 289.0 Box 0
313.0 184.0 263.0 191.0 257.0 145.0 307.0 138.0 Box 0
342.0 90.0 266.0 129.0 239.0 76.0 314.0 36.0 Box 0
191.0 50.0 249.0 59.0 240.0 118.0 182.0 109.0 Box 0
185.0 134.0 258.0 180.0 227.0 231.0 153.0 186.0 Box 0
163.0 252.0 102.0 256.0 98.0 198.0 158.0 194.0 Box 0
135.0 400.0 73.0 403.0 70.0 343.0 132.0 340.0 Box 0
153.0 184.0 95.0 191.0 87.0 130.0 145.0 122.0 Box 0
191.0 60.0 136.0 121.0 113.0 101.0 168.0 39.0 Box 0
68.0 39.0 138.0 59.0 104.0 177.0 35.0 157.0 Box 0
29.0 231.0 69.0 231.0 69.0 294.0 29.0 294.0 Box 0
29.0 159.0 79.0 159.0 79.0 224.0 29.0 224.0 Box 0
27.0 321.0 74.0 321.0 74.0 399.0 27.0 399.0 Box 0
