396.0 231.0 456.0 231.0 456.0 287.0 396.0 287.0 Box 0
224.0 53.0 280.0 61.0 273.0 116.0 217.0 109.0 Box 0
191.0 182.0 133.0 187.0 127.0 127.0 185.0 121.0 Box 0
208.0 251.0 143.0 257.0 137.0 198.0 202.0 191.0 Box 0
110.0 380.0 55.0 410.0 27.0 358.0 82.0 328.0 Box 0
175.0 402.0 113.0 404.0 111.0 347.0 173.0 344.0 Box 0
521.0 367.0 483.0 415.0 437.0 379.0 476.0 331.0 Box 0
456.0 401.0 406.0 440.0 370.0 395.0 420.0 356.0 Box 0
431.0 346.0 373.0 370.0 351.0 319.0 409.0 294.0 Box 0
353.0 375.0 297.0 399.0 261.0 317.0 317.0 293.0 Box 0
373.0 277.0 316.0 278.0 316.0 218.0 373.0 217.0 Box 0
221.0 137.0 294.0 182.0 264.0 232.0 191.0 187.0 Box 0
346.0 185.0 298.0 192.0 290.0 144.0 338.0 136.0 Box 0
379.0 90.0 305.0 130.0 275.0 76.0 350.0 36.0 Box 0
89.0 16.0 180.0 52.0 132.0 174.0 41.0 138.0 Box 0
53.0 145.0 101.0 166.0 77.0 223.0 29.0 202.0 Box 0
97.0 277.0 57.0 301.0 24.0 249.0 65.0 224.0 Box 0
201.0 36.0 225.0 55.0 176.0 119.0 152.0 100.0 Box 0
