523.0 403.0 474.0 442.0 437.0 394.0 485.0 355.0 Box 0
498.0 347.0 442.0 371.0 419.0 318.0 475.0 294.0 Box 0
418.0 374.0 362.0 398.0 327.0 316.0 383.0 292.0 Box 0
461.0 231.0 523.0 231.0 523.0 288.0 461.0 288.0 Box 0
442.0 280.0 382.0 280.0 382.0 217.0 441.0 216.0 Box 0
410.0 184.0 361.0 191.0 354.0 143.0 403.0 136.0 Box 0
288.0 135.0 362.0 180.0 332.0 230.0 257.0 184.0 Box 0
270.0 250.0 210.0 256.0 204.0 199.0 264.0 193.0 Box 0
252.0 400.0 191.0 408.0 183.0 351.0 244.0 342.0 Box 0
186.0 385.0 133.0 413.0 106.0 361.0 160.0 333.0 Box 0
131.0 339.0 78.0 373.0 45.0 321.0 98.0 287.0 Box 0
86.0 388.0 60.0 406.0 25.0 355.0 51.0 337.0 Box 0
170.0 278.0 117.0 311.0 84.0 259.0 137.0 226.0 Box 0
93.0 276.0 29.0 276.0 28.0 188.0 92.0 187.0 Box 0
126.0 139.0 178.0 162.0 154.0 218.0 101.0 195.0 Box 0
201.0 119.0 261.0 124.0 255.0 186.0 195.0 180.0 Box 0
442.0 89.0 370.0 129.0 340.0 76.0 412.0 35.0 Box 0
287.0 51.0 344.0 60.0 335.0 117.0 278.0 108.0 Box 0
262.0 38.0 287.0 54.0 242.0 121.0 218.0 104.0 Box 0
129.0 20.0 242.0 47.0 215.0 164.0 101.0 137.0 Box 0
39.0 76.0 125.0 93.0 105.0 190.0 19.0 172.0 Box 0
589.0 367.0 552.0 416.0 504.0 379.0 541.0 330.0 Box 0
