504.0 330.0 551.0 365.0 514.0 414.0 467.0 380.0 Box 0
487.0 403.0 441.0 442.0 400.0 394.0 447.0 355.0 Box 0
462.0 345.0 406.0 370.0 383.0 319.0 439.0 294.0 Box 0
382.0 375.0 327.0 398.0 292.0 315.0 347.0 292.0 Box 0
211.0 402.0 147.0 405.0 145.0 348.0 209.0 345.0 Box 0
146.0 381.0 91.0 411.0 63.0 360.0 118.0 330.0 Box 0
129.0 276.0 75.0 310.0 44.0 259.0 98.0 226.0 Box 0
236.0 252.0 173.0 258.0 167.0 200.0 230.0 194.0 Box 0
344.0 217.0 405.0 217.0 405.0 280.0 344.0 280.0 Box 0
426.0 229.0 489.0 229.0 489.0 290.0 426.0 290.0 Box 0
375.0 184.0 325.0 191.0 318.0 143.0 368.0 136.0 Box 0
251.0 135.0 325.0 177.0 296.0 228.0 222.0 185.0 Box 0
221.0 182.0 163.0 184.0 161.0 125.0 219.0 123.0 Box 0
407.0 90.0 335.0 128.0 306.0 73.0 378.0 34.0 Box 0
255.0 52.0 308.0 60.0 300.0 116.0 247.0 108.0 Box 0
231.0 37.0 254.0 55.0 204.0 119.0 181.0 101.0 Box 0
88.0 19.0 211.0 52.0 179.0 171.0 57.0 138.0 Box 0
81.0 143.0 136.0 166.0 113.0 221.0 58.0 198.0 Box 0
27.0 285.0 108.0 285.0 108.0 367.0 27.0 367.0 Box 0
28.0 188.0 56.0 188.0 56.0 256.0 28.0 256.0 Box 0
30.0 89.0 76.0 89.0 76.0 188.0 30.0 188.0 Box 0
