559.0 402.0 512.0 441.0 473.0 394.0 521.0 355.0 Box 0
576.0 330.0 624.0 366.0 587.0 414.0 540.0 378.0 Box 0
533.0 345.0 476.0 369.0 455.0 317.0 511.0 293.0 Box 0
225.0 386.0 169.0 414.0 143.0 361.0 199.0 333.0 Box 0
497.0 229.0 558.0 229.0 558.0 287.0 497.0 287.0 Box 0
478.0 278.0 420.0 280.0 418.0 218.0 476.0 216.0 Box 0
454.0 373.0 400.0 399.0 362.0 318.0 416.0 293.0 Box 0
291.0 398.0 230.0 410.0 218.0 352.0 279.0 340.0 Box 0
126.0 391.0 74.0 426.0 39.0 375.0 91.0 340.0 Box 0
172.0 341.0 117.0 376.0 84.0 323.0 139.0 288.0 Box 0
213.0 277.0 159.0 309.0 127.0 257.0 182.0 224.0 Box 0
119.0 275.0 58.0 278.0 52.0 188.0 114.0 185.0 Box 0
442.0 185.0 393.0 191.0 387.0 141.0 435.0 134.0 Box 0
323.0 134.0 397.0 177.0 366.0 230.0 292.0 186.0 Box 0
306.0 253.0 244.0 257.0 240.0 198.0 302.0 193.0 Box 0
165.0 139.0 218.0 163.0 193.0 219.0 140.0 195.0 Box 0
242.0 116.0 299.0 126.0 288.0 188.0 231.0 178.0 Box 0
479.0 89.0 407.0 129.0 376.0 75.0 449.0 34.0 Box 0
321.0 51.0 378.0 60.0 369.0 117.0 313.0 108.0 Box 0
291.0 35.0 317.0 50.0 277.0 120.0 252.0 106.0 Box 0
169.0 22.0 274.0 47.0 248.0 160.0 143.0 135.0 Box 0
79.0 71.0 165.0 102.0 132.0 195.0 46.0 164.0 Box 0
28.0 263.0 59.0 263.0 59.0 317.0 28.0 317.0 Box 0
29.0 70.0 72.0 70.0 72.0 163.0 29.0 163.0 Box 0
29.0 316.0 64.0 316.0 64.0 383.0 29.0 383.0 Box 0
