452.0 397.0 393.0 409.0 381.0 350.0 439.0 338.0 Box 0
389.0 387.0 335.0 417.0 306.0 365.0 359.0 335.0 Box 0
610.0 371.0 634.0 371.0 634.0 418.0 610.0 418.0 Box 0
597.0 298.0 634.0 298.0 634.0 368.0 597.0 368.0 Box 0
615.0 375.0 562.0 398.0 526.0 315.0 579.0 292.0 Box 0
636.0 277.0 583.0 281.0 579.0 218.0 632.0 215.0 Box 0
595.0 181.0 547.0 189.0 540.0 143.0 587.0 134.0 Box 0
485.0 134.0 558.0 177.0 528.0 229.0 454.0 186.0 Box 0
407.0 113.0 465.0 129.0 449.0 187.0 391.0 171.0 Box 0
329.0 137.0 381.0 163.0 354.0 218.0 302.0 192.0 Box 0
304.0 393.0 254.0 431.0 217.0 383.0 267.0 345.0 Box 0
469.0 250.0 408.0 256.0 402.0 198.0 463.0 192.0 Box 0
344.0 341.0 292.0 376.0 257.0 325.0 309.0 289.0 Box 0
373.0 276.0 321.0 307.0 290.0 256.0 343.0 225.0 Box 0
290.0 272.0 231.0 273.0 228.0 189.0 287.0 187.0 Box 0
223.0 318.0 162.0 327.0 153.0 268.0 213.0 259.0 Box 0
231.0 379.0 155.0 398.0 141.0 343.0 217.0 323.0 Box 0
85.0 340.0 38.0 349.0 27.0 294.0 74.0 284.0 Box 0
29.0 164.0 83.0 164.0 83.0 241.0 29.0 241.0 Box 0
118.0 281.0 158.0 303.0 141.0 333.0 102.0 310.0 Box 0
110.0 171.0 187.0 229.0 141.0 290.0 64.0 233.0 Box 0
164.0 138.0 215.0 168.0 184.0 220.0 133.0 190.0 Box 0
98.0 117.0 136.0 136.0 116.0 173.0 79.0 153.0 Box 0
637.0 88.0 565.0 127.0 537.0 74.0 608.0 35.0 Box 0
475.0 51.0 529.0 59.0 521.0 114.0 467.0 105.0 Box 0
444.0 33.0 471.0 47.0 435.0 119.0 409.0 105.0 Box 0
336.0 6.0 437.0 38.0 400.0 157.0 299.0 126.0 Box 0
239.0 69.0 321.0 94.0 294.0 182.0 212.0 156.0 Box 0
153.0 38.0 229.0 62.0 202.0 147.0 126.0 122.0 Box 0
90.0 45.0 144.0 62.0 126.0 119.0 73.0 102.0 Box 0
80.0 127.0 33.0 129.0 28.0 56.0 76.0 53.0 Box 0
