418.0 397.0 357.0 408.0 345.0 350.0 407.0 338.0 Box 0
603.0 228.0 634.0 228.0 634.0 289.0 603.0 289.0 Box 0
579.0 363.0 635.0 363.0 635.0 435.0 579.0 435.0 Box 0
636.0 355.0 602.0 370.0 580.0 319.0 615.0 304.0 Box 0
581.0 373.0 527.0 397.0 491.0 316.0 545.0 292.0 Box 0
602.0 277.0 545.0 278.0 543.0 216.0 601.0 215.0 Box 0
561.0 183.0 513.0 191.0 505.0 143.0 553.0 135.0 Box 0
450.0 134.0 522.0 178.0 492.0 228.0 420.0 183.0 Box 0
373.0 114.0 429.0 129.0 413.0 188.0 357.0 173.0 Box 0
432.0 251.0 372.0 257.0 366.0 199.0 426.0 192.0 Box 0
293.0 138.0 344.0 162.0 318.0 218.0 267.0 193.0 Box 0
338.0 278.0 285.0 310.0 253.0 256.0 306.0 224.0 Box 0
255.0 273.0 194.0 275.0 191.0 189.0 252.0 187.0 Box 0
306.0 342.0 254.0 378.0 218.0 326.0 270.0 290.0 Box 0
266.0 394.0 217.0 431.0 179.0 382.0 228.0 344.0 Box 0
197.0 378.0 121.0 399.0 105.0 342.0 181.0 321.0 Box 0
183.0 318.0 122.0 326.0 114.0 267.0 175.0 258.0 Box 0
81.0 280.0 118.0 304.0 99.0 335.0 62.0 311.0 Box 0
68.0 172.0 148.0 226.0 104.0 291.0 24.0 236.0 Box 0
59.0 122.0 95.0 141.0 77.0 175.0 41.0 155.0 Box 0
123.0 138.0 175.0 167.0 144.0 221.0 93.0 191.0 Box 0
603.0 89.0 529.0 129.0 499.0 75.0 574.0 35.0 Box 0
440.0 50.0 496.0 60.0 487.0 117.0 431.0 108.0 Box 0
413.0 34.0 438.0 47.0 401.0 120.0 376.0 107.0 Box 0
302.0 10.0 403.0 42.0 367.0 158.0 266.0 127.0 Box 0
203.0 69.0 286.0 95.0 259.0 183.0 176.0 157.0 Box 0
116.0 37.0 190.0 62.0 162.0 146.0 89.0 121.0 Box 0
52.0 49.0 105.0 65.0 87.0 125.0 34.0 108.0 Box 0
351.0 388.0 296.0 419.0 267.0 366.0 321.0 336.0 Box 0
