428.0 396.0 369.0 409.0 356.0 351.0 415.0 337.0 Box 0
590.0 366.0 633.0 366.0 633.0 428.0 590.0 428.0 Box 0
635.0 369.0 575.0 370.0 573.0 292.0 633.0 290.0 Box 0
55.0 238.0 28.0 239.0 27.0 176.0 54.0 176.0 Box 0
59.0 345.0 27.0 345.0 26.0 286.0 58.0 286.0 Box 0
593.0 372.0 538.0 396.0 501.0 315.0 557.0 290.0 Box 0
615.0 276.0 557.0 279.0 554.0 218.0 612.0 215.0 Box 0
572.0 185.0 524.0 192.0 517.0 141.0 564.0 134.0 Box 0
534.0 180.0 504.0 228.0 430.0 182.0 460.0 134.0 Box 0
445.0 251.0 384.0 256.0 378.0 198.0 440.0 193.0 Box 0
385.0 112.0 442.0 128.0 425.0 188.0 368.0 172.0 Box 0
304.0 138.0 357.0 163.0 331.0 217.0 278.0 192.0 Box 0
363.0 387.0 310.0 417.0 282.0 367.0 335.0 337.0 Box 0
277.0 395.0 229.0 431.0 193.0 384.0 241.0 347.0 Box 0
317.0 341.0 267.0 376.0 230.0 325.0 280.0 289.0 Box 0
350.0 277.0 297.0 308.0 266.0 255.0 319.0 224.0 Box 0
267.0 273.0 206.0 275.0 203.0 188.0 264.0 186.0 Box 0
209.0 378.0 132.0 398.0 118.0 342.0 195.0 322.0 Box 0
195.0 318.0 135.0 327.0 127.0 268.0 187.0 259.0 Box 0
132.0 300.0 115.0 334.0 75.0 313.0 93.0 280.0 Box 0
161.0 228.0 117.0 293.0 36.0 237.0 80.0 172.0 Box 0
108.0 138.0 89.0 175.0 54.0 157.0 73.0 120.0 Box 0
136.0 135.0 188.0 165.0 157.0 220.0 105.0 190.0 Box 0
615.0 89.0 543.0 128.0 513.0 74.0 586.0 35.0 Box 0
453.0 52.0 506.0 60.0 498.0 115.0 445.0 107.0 Box 0
424.0 32.0 450.0 45.0 413.0 120.0 387.0 107.0 Box 0
315.0 1.0 413.0 39.0 368.0 156.0 270.0 118.0 Box 0
218.0 66.0 302.0 96.0 271.0 183.0 187.0 153.0 Box 0
128.0 36.0 203.0 62.0 175.0 145.0 100.0 119.0 Box 0
65.0 48.0 117.0 66.0 98.0 124.0 46.0 106.0 Box 0
66.0 134.0 32.0 135.0 29.0 56.0 63.0 55.0 Box 0
616.0 228.0 636.0 228.0 636.0 290.0 616.0 290.0 Box 0
