392.0 397.0 331.0 409.0 320.0 352.0 381.0 340.0 Box 0
582.0 231.0 634.0 231.0 634.0 287.0 582.0 287.0 Box 0
636.0 420.0 612.0 439.0 574.0 394.0 598.0 374.0 Box 0
635.0 345.0 580.0 372.0 555.0 320.0 610.0 293.0 Box 0
556.0 372.0 502.0 396.0 466.0 316.0 520.0 291.0 Box 0
537.0 184.0 492.0 191.0 484.0 144.0 529.0 136.0 Box 0
579.0 278.0 523.0 280.0 520.0 217.0 576.0 214.0 Box 0
581.0 89.0 508.0 129.0 478.0 74.0 551.0 34.0 Box 0
419.0 51.0 475.0 60.0 465.0 116.0 410.0 106.0 Box 0
499.0 180.0 467.0 230.0 394.0 183.0 426.0 133.0 Box 0
348.0 116.0 404.0 129.0 390.0 188.0 333.0 174.0 Box 0
409.0 250.0 347.0 256.0 341.0 199.0 403.0 193.0 Box 0
314.0 276.0 260.0 309.0 227.0 257.0 281.0 224.0 Box 0
281.0 340.0 231.0 376.0 194.0 325.0 244.0 289.0 Box 0
241.0 393.0 192.0 431.0 156.0 385.0 205.0 346.0 Box 0
231.0 273.0 171.0 276.0 167.0 190.0 227.0 187.0 Box 0
175.0 374.0 100.0 397.0 83.0 342.0 158.0 319.0 Box 0
56.0 279.0 94.0 300.0 77.0 331.0 39.0 310.0 Box 0
153.0 319.0 94.0 327.0 85.0 267.0 145.0 259.0 Box 0
121.0 228.0 78.0 290.0 22.0 252.0 65.0 189.0 Box 0
49.0 58.0 82.0 71.0 58.0 127.0 26.0 113.0 Box 0
146.0 167.0 117.0 222.0 63.0 193.0 92.0 138.0 Box 0
268.0 136.0 320.0 160.0 295.0 215.0 243.0 191.0 Box 0
277.0 11.0 383.0 39.0 352.0 159.0 246.0 132.0 Box 0
181.0 66.0 264.0 91.0 236.0 182.0 153.0 156.0 Box 0
89.0 39.0 164.0 64.0 136.0 149.0 61.0 124.0 Box 0
329.0 388.0 275.0 418.0 246.0 366.0 300.0 335.0 Box 0
