465.0 385.0 413.0 417.0 384.0 368.0 435.0 337.0 Box 0
422.0 340.0 372.0 375.0 336.0 324.0 386.0 289.0 Box 0
235.0 302.0 219.0 333.0 182.0 313.0 198.0 282.0 Box 0
457.0 161.0 433.0 216.0 380.0 192.0 405.0 137.0 Box 0
563.0 134.0 635.0 180.0 604.0 228.0 532.0 182.0 Box 0
488.0 112.0 544.0 128.0 527.0 187.0 471.0 171.0 Box 0
531.0 395.0 471.0 408.0 459.0 350.0 519.0 338.0 Box 0
547.0 249.0 487.0 255.0 481.0 199.0 542.0 193.0 Box 0
453.0 276.0 400.0 308.0 368.0 255.0 421.0 223.0 Box 0
383.0 395.0 335.0 432.0 298.0 384.0 346.0 347.0 Box 0
304.0 380.0 227.0 398.0 213.0 341.0 290.0 323.0 Box 0
165.0 343.0 110.0 352.0 101.0 299.0 156.0 290.0 Box 0
106.0 363.0 43.0 374.0 32.0 314.0 95.0 304.0 Box 0
115.0 239.0 91.0 296.0 35.0 272.0 59.0 215.0 Box 0
299.0 318.0 240.0 328.0 230.0 269.0 289.0 259.0 Box 0
369.0 272.0 309.0 275.0 304.0 188.0 364.0 185.0 Box 0
293.0 167.0 263.0 219.0 211.0 188.0 241.0 136.0 Box 0
262.0 228.0 217.0 286.0 144.0 229.0 189.0 171.0 Box 0
215.0 134.0 197.0 167.0 161.0 148.0 179.0 114.0 Box 0
157.0 190.0 121.0 240.0 73.0 204.0 109.0 155.0 Box 0
107.0 153.0 86.0 203.0 34.0 181.0 55.0 131.0 Box 0
547.0 51.0 602.0 59.0 594.0 114.0 539.0 106.0 Box 0
544.0 48.0 511.0 118.0 487.0 106.0 520.0 36.0 Box 0
513.0 40.0 474.0 160.0 371.0 127.0 410.0 7.0 Box 0
397.0 96.0 368.0 184.0 284.0 156.0 313.0 68.0 Box 0
310.0 61.0 282.0 145.0 207.0 120.0 235.0 36.0 Box 0
226.0 55.0 208.0 113.0 154.0 96.0 172.0 38.0 Box 0
161.0 120.0 54.0 130.0 47.0 58.0 154.0 47.0 Box 0
585.0 289.0 635.0 289.0 635.0 390.0 585.0 390.0 Box 0
599.0 64.0 636.0 64.0 636.0 135.0 599.0 135.0 Box 0
612.0 139.0 636.0 139.0 636.0 178.0 612.0 178.0 Box 0
28.0 204.0 58.0 204.0 58.0 245.0 28.0 245.0 Box 0
