359.0 379.0 283.0 397.0 269.0 341.0 346.0 323.0 Box 0
254.0 284.0 290.0 303.0 273.0 334.0 237.0 315.0 Box 0
590.0 395.0 532.0 409.0 518.0 351.0 577.0 337.0 Box 0
589.0 135.0 633.0 135.0 633.0 217.0 589.0 217.0 Box 0
603.0 51.0 635.0 55.0 628.0 110.0 596.0 106.0 Box 0
30.0 180.0 63.0 181.0 62.0 229.0 29.0 229.0 Box 0
360.0 317.0 301.0 328.0 290.0 268.0 349.0 258.0 Box 0
524.0 383.0 474.0 416.0 443.0 369.0 494.0 336.0 Box 0
444.0 393.0 396.0 430.0 359.0 382.0 408.0 345.0 Box 0
484.0 338.0 436.0 375.0 399.0 325.0 448.0 289.0 Box 0
510.0 272.0 458.0 305.0 427.0 256.0 480.0 223.0 Box 0
466.0 137.0 517.0 162.0 490.0 216.0 439.0 191.0 Box 0
605.0 249.0 545.0 255.0 539.0 199.0 600.0 192.0 Box 0
579.0 35.0 603.0 47.0 570.0 116.0 546.0 104.0 Box 0
549.0 112.0 603.0 128.0 585.0 187.0 531.0 171.0 Box 0
236.0 115.0 271.0 134.0 253.0 167.0 218.0 148.0 Box 0
429.0 271.0 369.0 275.0 364.0 189.0 424.0 186.0 Box 0
301.0 135.0 352.0 164.0 322.0 217.0 271.0 187.0 Box 0
319.0 224.0 275.0 285.0 205.0 235.0 250.0 173.0 Box 0
229.0 346.0 172.0 355.0 164.0 300.0 222.0 292.0 Box 0
160.0 367.0 113.0 376.0 103.0 316.0 150.0 308.0 Box 0
109.0 410.0 39.0 415.0 31.0 303.0 102.0 298.0 Box 0
225.0 184.0 194.0 237.0 144.0 208.0 175.0 155.0 Box 0
184.0 240.0 158.0 296.0 104.0 270.0 130.0 215.0 Box 0
58.0 199.0 115.0 203.0 111.0 249.0 55.0 245.0 Box 0
172.0 153.0 144.0 202.0 102.0 178.0 131.0 129.0 Box 0
469.0 9.0 569.0 41.0 532.0 159.0 432.0 127.0 Box 0
371.0 66.0 455.0 92.0 426.0 185.0 342.0 159.0 Box 0
296.0 37.0 369.0 59.0 343.0 143.0 270.0 121.0 Box 0
233.0 37.0 287.0 54.0 268.0 113.0 214.0 95.0 Box 0
113.0 47.0 217.0 48.0 216.0 120.0 112.0 119.0 Box 0
31.0 56.0 93.0 56.0 93.0 149.0 31.0 149.0 Box 0
