537.0 392.0 489.0 430.0 451.0 381.0 499.0 343.0 Box 0
615.0 384.0 564.0 416.0 534.0 367.0 585.0 335.0 Box 0
443.0 379.0 366.0 399.0 352.0 341.0 429.0 321.0 Box 0
577.0 339.0 528.0 375.0 491.0 325.0 540.0 288.0 Box 0
602.0 274.0 550.0 306.0 519.0 254.0 571.0 222.0 Box 0
353.0 134.0 337.0 165.0 300.0 145.0 316.0 114.0 Box 0
609.0 161.0 583.0 216.0 529.0 191.0 554.0 136.0 Box 0
376.0 301.0 360.0 335.0 323.0 318.0 339.0 284.0 Box 0
438.0 255.0 449.0 314.0 391.0 326.0 379.0 267.0 Box 0
516.0 184.0 519.0 270.0 459.0 273.0 456.0 187.0 Box 0
443.0 165.0 414.0 217.0 361.0 187.0 390.0 135.0 Box 0
316.0 291.0 321.0 346.0 262.0 352.0 257.0 297.0 Box 0
404.0 226.0 365.0 279.0 295.0 227.0 334.0 174.0 Box 0
314.0 185.0 283.0 237.0 232.0 206.0 264.0 154.0 Box 0
262.0 153.0 231.0 200.0 189.0 172.0 220.0 125.0 Box 0
276.0 239.0 252.0 294.0 198.0 270.0 222.0 215.0 Box 0
255.0 311.0 261.0 371.0 214.0 377.0 208.0 316.0 Box 0
203.0 300.0 214.0 412.0 146.0 419.0 135.0 307.0 Box 0
215.0 202.0 210.0 246.0 155.0 241.0 159.0 197.0 Box 0
94.0 315.0 101.0 393.0 37.0 400.0 29.0 322.0 Box 0
123.0 231.0 118.0 290.0 57.0 286.0 61.0 227.0 Box 0
142.0 180.0 129.0 223.0 65.0 205.0 77.0 162.0 Box 0
636.0 37.0 600.0 152.0 515.0 126.0 551.0 10.0 Box 0
541.0 93.0 514.0 177.0 435.0 153.0 461.0 68.0 Box 0
461.0 58.0 435.0 141.0 362.0 119.0 388.0 35.0 Box 0
378.0 54.0 360.0 111.0 304.0 94.0 322.0 36.0 Box 0
203.0 43.0 307.0 48.0 304.0 120.0 200.0 116.0 Box 0
54.0 47.0 189.0 51.0 186.0 143.0 52.0 139.0 Box 0
604.0 135.0 635.0 135.0 635.0 183.0 604.0 183.0 Box 0
606.0 197.0 634.0 197.0 634.0 253.0 606.0 253.0 Box 0
593.0 333.0 634.0 333.0 634.0 410.0 593.0 410.0 Box 0
