419.0 378.0 342.0 397.0 329.0 341.0 406.0 322.0 Box 0
634.0 400.0 597.0 409.0 584.0 352.0 621.0 343.0 Box 0
592.0 384.0 539.0 415.0 510.0 367.0 562.0 335.0 Box 0
425.0 315.0 367.0 327.0 355.0 268.0 414.0 256.0 Box 0
635.0 186.0 585.0 186.0 584.0 83.0 634.0 83.0 Box 0
513.0 394.0 466.0 432.0 427.0 384.0 474.0 346.0 Box 0
551.0 339.0 502.0 375.0 465.0 325.0 515.0 289.0 Box 0
577.0 274.0 526.0 306.0 494.0 254.0 546.0 222.0 Box 0
530.0 135.0 584.0 160.0 557.0 216.0 504.0 191.0 Box 0
494.0 270.0 435.0 273.0 431.0 188.0 491.0 185.0 Box 0
529.0 6.0 637.0 41.0 599.0 157.0 492.0 123.0 Box 0
438.0 68.0 518.0 95.0 489.0 181.0 409.0 155.0 Box 0
368.0 135.0 419.0 165.0 388.0 219.0 337.0 189.0 Box 0
311.0 175.0 379.0 222.0 336.0 284.0 268.0 237.0 Box 0
330.0 135.0 309.0 169.0 277.0 150.0 297.0 115.0 Box 0
297.0 348.0 241.0 354.0 234.0 296.0 291.0 290.0 Box 0
235.0 370.0 188.0 376.0 181.0 316.0 228.0 310.0 Box 0
253.0 240.0 228.0 296.0 174.0 273.0 198.0 216.0 Box 0
292.0 187.0 259.0 238.0 209.0 206.0 242.0 155.0 Box 0
196.0 128.0 239.0 156.0 210.0 201.0 167.0 174.0 Box 0
130.0 198.0 186.0 201.0 183.0 246.0 127.0 243.0 Box 0
188.0 412.0 118.0 419.0 108.0 308.0 178.0 301.0 Box 0
77.0 393.0 33.0 395.0 31.0 316.0 75.0 314.0 Box 0
35.0 228.0 95.0 233.0 90.0 291.0 30.0 287.0 Box 0
51.0 163.0 114.0 180.0 102.0 223.0 39.0 207.0 Box 0
366.0 36.0 438.0 61.0 410.0 142.0 338.0 117.0 Box 0
298.0 38.0 357.0 55.0 340.0 111.0 282.0 94.0 Box 0
180.0 43.0 283.0 48.0 280.0 121.0 178.0 117.0 Box 0
32.0 51.0 164.0 52.0 163.0 144.0 31.0 143.0 Box 0
636.0 254.0 590.0 256.0 587.0 197.0 633.0 196.0 Box 0
315.0 284.0 354.0 303.0 337.0 337.0 298.0 318.0 Box 0
