409.0 377.0 333.0 397.0 319.0 342.0 395.0 322.0 Box 0
285.0 344.0 228.0 351.0 221.0 298.0 279.0 291.0 Box 0
603.0 113.0 639.0 124.0 620.0 182.0 584.0 171.0 Box 0
501.0 394.0 451.0 431.0 414.0 381.0 464.0 344.0 Box 0
638.0 397.0 586.0 410.0 571.0 351.0 622.0 337.0 Box 0
579.0 384.0 527.0 416.0 497.0 368.0 548.0 335.0 Box 0
635.0 252.0 577.0 256.0 573.0 199.0 631.0 195.0 Box 0
540.0 340.0 490.0 376.0 453.0 325.0 502.0 288.0 Box 0
567.0 273.0 515.0 306.0 482.0 254.0 533.0 221.0 Box 0
520.0 137.0 572.0 162.0 546.0 217.0 494.0 192.0 Box 0
483.0 272.0 423.0 274.0 420.0 187.0 481.0 185.0 Box 0
298.0 174.0 368.0 221.0 327.0 282.0 257.0 235.0 Box 0
517.0 7.0 625.0 40.0 588.0 158.0 481.0 125.0 Box 0
425.0 68.0 507.0 94.0 478.0 181.0 397.0 155.0 Box 0
357.0 135.0 408.0 166.0 377.0 218.0 325.0 186.0 Box 0
231.0 156.0 279.0 186.0 247.0 238.0 198.0 208.0 Box 0
285.0 114.0 321.0 133.0 302.0 168.0 266.0 150.0 Box 0
353.0 36.0 427.0 61.0 399.0 143.0 326.0 119.0 Box 0
285.0 36.0 344.0 52.0 327.0 111.0 269.0 95.0 Box 0
223.0 370.0 176.0 377.0 168.0 317.0 214.0 310.0 Box 0
186.0 217.0 242.0 241.0 217.0 296.0 162.0 272.0 Box 0
228.0 154.0 199.0 201.0 155.0 175.0 184.0 127.0 Box 0
118.0 198.0 173.0 201.0 170.0 246.0 116.0 244.0 Box 0
173.0 412.0 103.0 417.0 95.0 306.0 166.0 301.0 Box 0
83.0 390.0 32.0 393.0 28.0 314.0 79.0 311.0 Box 0
169.0 43.0 271.0 47.0 268.0 119.0 167.0 115.0 Box 0
37.0 165.0 100.0 181.0 88.0 225.0 25.0 209.0 Box 0
32.0 227.0 82.0 230.0 78.0 290.0 27.0 286.0 Box 0
151.0 143.0 30.0 145.0 29.0 53.0 151.0 52.0 Box 0
303.0 283.0 342.0 302.0 325.0 335.0 287.0 317.0 Box 0
414.0 315.0 354.0 326.0 343.0 268.0 404.0 257.0 Box 0
