491.0 376.0 414.0 395.0 401.0 341.0 478.0 322.0 Box 0
371.0 345.0 314.0 351.0 309.0 296.0 366.0 290.0 Box 0
386.0 282.0 425.0 301.0 410.0 331.0 371.0 313.0 Box 0
316.0 369.0 270.0 375.0 264.0 316.0 310.0 311.0 Box 0
276.0 216.0 331.0 240.0 307.0 296.0 252.0 271.0 Box 0
593.0 391.0 546.0 430.0 507.0 383.0 555.0 344.0 Box 0
638.0 403.0 617.0 417.0 588.0 369.0 609.0 355.0 Box 0
631.0 337.0 583.0 373.0 547.0 324.0 595.0 288.0 Box 0
504.0 314.0 445.0 326.0 434.0 268.0 493.0 256.0 Box 0
638.0 285.0 608.0 306.0 571.0 255.0 602.0 234.0 Box 0
572.0 271.0 512.0 274.0 508.0 187.0 569.0 184.0 Box 0
606.0 134.0 636.0 148.0 609.0 203.0 580.0 190.0 Box 0
455.0 220.0 412.0 282.0 341.0 233.0 383.0 171.0 Box 0
446.0 133.0 498.0 163.0 467.0 217.0 415.0 186.0 Box 0
404.0 134.0 387.0 165.0 352.0 145.0 370.0 114.0 Box 0
370.0 185.0 337.0 237.0 288.0 206.0 321.0 154.0 Box 0
211.0 197.0 266.0 201.0 262.0 245.0 207.0 242.0 Box 0
270.0 126.0 318.0 157.0 288.0 204.0 240.0 172.0 Box 0
270.0 413.0 201.0 420.0 190.0 307.0 259.0 300.0 Box 0
164.0 396.0 82.0 405.0 74.0 326.0 156.0 317.0 Box 0
123.0 228.0 185.0 232.0 180.0 290.0 118.0 286.0 Box 0
72.0 408.0 28.0 409.0 27.0 305.0 71.0 305.0 Box 0
77.0 260.0 30.0 262.0 29.0 203.0 76.0 202.0 Box 0
143.0 158.0 205.0 176.0 192.0 219.0 130.0 201.0 Box 0
636.0 146.0 578.0 146.0 577.0 23.0 635.0 22.0 Box 0
515.0 68.0 592.0 91.0 565.0 180.0 489.0 157.0 Box 0
444.0 35.0 517.0 58.0 491.0 142.0 418.0 119.0 Box 0
375.0 37.0 433.0 53.0 416.0 109.0 359.0 93.0 Box 0
257.0 42.0 361.0 47.0 357.0 120.0 253.0 115.0 Box 0
112.0 40.0 248.0 49.0 241.0 142.0 105.0 133.0 Box 0
31.0 68.0 96.0 69.0 93.0 183.0 29.0 182.0 Box 0
