354.0 370.0 308.0 376.0 300.0 316.0 347.0 310.0 Box 0
606.0 228.0 635.0 228.0 635.0 289.0 606.0 289.0 Box 0
630.0 392.0 584.0 430.0 546.0 382.0 593.0 345.0 Box 0
558.0 287.0 634.0 287.0 634.0 369.0 558.0 369.0 Box 0
601.0 144.0 634.0 144.0 634.0 207.0 601.0 207.0 Box 0
608.0 41.0 635.0 41.0 635.0 149.0 608.0 149.0 Box 0
312.0 216.0 367.0 240.0 342.0 295.0 287.0 271.0 Box 0
525.0 378.0 449.0 397.0 435.0 339.0 511.0 321.0 Box 0
422.0 282.0 460.0 303.0 443.0 334.0 405.0 313.0 Box 0
540.0 314.0 481.0 326.0 469.0 266.0 529.0 254.0 Box 0
608.0 270.0 547.0 272.0 545.0 187.0 606.0 185.0 Box 0
418.0 170.0 492.0 218.0 450.0 283.0 376.0 234.0 Box 0
356.0 155.0 404.0 185.0 373.0 236.0 324.0 206.0 Box 0
403.0 115.0 437.0 133.0 418.0 166.0 385.0 148.0 Box 0
481.0 134.0 533.0 165.0 502.0 216.0 451.0 186.0 Box 0
305.0 413.0 237.0 419.0 227.0 307.0 295.0 301.0 Box 0
208.0 395.0 123.0 406.0 114.0 331.0 199.0 320.0 Box 0
29.0 306.0 107.0 307.0 105.0 409.0 27.0 408.0 Box 0
304.0 126.0 350.0 155.0 321.0 202.0 274.0 172.0 Box 0
243.0 196.0 301.0 201.0 297.0 246.0 240.0 242.0 Box 0
159.0 228.0 221.0 231.0 218.0 290.0 157.0 288.0 Box 0
99.0 260.0 37.0 265.0 33.0 205.0 95.0 201.0 Box 0
179.0 159.0 240.0 178.0 226.0 220.0 166.0 202.0 Box 0
552.0 70.0 627.0 93.0 599.0 182.0 524.0 159.0 Box 0
481.0 35.0 554.0 59.0 528.0 142.0 455.0 118.0 Box 0
411.0 37.0 469.0 54.0 452.0 110.0 395.0 94.0 Box 0
288.0 44.0 396.0 47.0 393.0 121.0 286.0 118.0 Box 0
149.0 38.0 285.0 50.0 276.0 143.0 140.0 131.0 Box 0
32.0 62.0 138.0 67.0 133.0 179.0 27.0 175.0 Box 0
403.0 344.0 347.0 350.0 342.0 296.0 398.0 291.0 Box 0
