388.0 395.0 302.0 408.0 291.0 331.0 377.0 318.0 Box 0
198.0 309.0 292.0 314.0 285.0 419.0 191.0 414.0 Box 0
124.0 372.0 185.0 375.0 182.0 434.0 121.0 431.0 Box 0
187.0 346.0 123.0 347.0 122.0 290.0 186.0 289.0 Box 0
103.0 418.0 29.0 420.0 27.0 355.0 102.0 353.0 Box 0
76.0 349.0 33.0 353.0 28.0 291.0 71.0 288.0 Box 0
76.0 236.0 49.0 248.0 25.0 190.0 52.0 179.0 Box 0
32.0 127.0 67.0 130.0 61.0 185.0 26.0 181.0 Box 0
143.0 166.0 97.0 197.0 71.0 158.0 118.0 128.0 Box 0
159.0 156.0 239.0 184.0 220.0 240.0 139.0 212.0 Box 0
161.0 274.0 106.0 287.0 94.0 234.0 150.0 222.0 Box 0
284.0 258.0 224.0 262.0 221.0 203.0 281.0 200.0 Box 0
155.0 34.0 310.0 63.0 291.0 167.0 136.0 139.0 Box 0
328.0 37.0 461.0 49.0 452.0 141.0 320.0 129.0 Box 0
460.0 42.0 566.0 47.0 562.0 121.0 457.0 116.0 Box 0
357.0 157.0 419.0 176.0 405.0 220.0 344.0 201.0 Box 0
334.0 227.0 396.0 229.0 395.0 290.0 333.0 288.0 Box 0
485.0 411.0 417.0 417.0 407.0 306.0 475.0 300.0 Box 0
533.0 369.0 488.0 376.0 480.0 315.0 525.0 309.0 Box 0
415.0 195.0 470.0 198.0 467.0 245.0 412.0 242.0 Box 0
466.0 125.0 515.0 153.0 488.0 201.0 438.0 172.0 Box 0
530.0 153.0 578.0 186.0 543.0 236.0 495.0 204.0 Box 0
486.0 215.0 540.0 237.0 517.0 294.0 462.0 271.0 Box 0
569.0 345.0 514.0 351.0 508.0 294.0 564.0 288.0 Box 0
563.0 112.0 602.0 130.0 584.0 169.0 544.0 150.0 Box 0
585.0 35.0 632.0 49.0 614.0 108.0 567.0 94.0 Box 0
609.0 146.0 635.0 146.0 635.0 204.0 609.0 204.0 Box 0
584.0 170.0 639.0 207.0 594.0 274.0 539.0 238.0 Box 0
582.0 281.0 623.0 300.0 607.0 334.0 566.0 315.0 Box 0
637.0 389.0 609.0 395.0 595.0 338.0 623.0 332.0 Box 0
