221.0 309.0 312.0 314.0 305.0 419.0 214.0 414.0 Box 0
150.0 376.0 212.0 377.0 211.0 436.0 149.0 436.0 Box 0
150.0 291.0 210.0 291.0 210.0 348.0 150.0 348.0 Box 0
187.0 274.0 133.0 288.0 119.0 235.0 174.0 221.0 Box 0
114.0 410.0 30.0 421.0 23.0 361.0 107.0 351.0 Box 0
105.0 349.0 40.0 355.0 35.0 294.0 101.0 289.0 Box 0
103.0 234.0 52.0 261.0 24.0 206.0 76.0 180.0 Box 0
39.0 119.0 96.0 131.0 83.0 189.0 27.0 177.0 Box 0
171.0 162.0 124.0 195.0 98.0 158.0 145.0 125.0 Box 0
183.0 155.0 261.0 185.0 241.0 239.0 162.0 208.0 Box 0
307.0 258.0 247.0 261.0 244.0 202.0 304.0 199.0 Box 0
359.0 227.0 418.0 230.0 414.0 289.0 356.0 286.0 Box 0
383.0 156.0 441.0 176.0 426.0 219.0 369.0 199.0 Box 0
176.0 40.0 338.0 63.0 323.0 166.0 161.0 144.0 Box 0
412.0 394.0 326.0 409.0 313.0 331.0 399.0 316.0 Box 0
509.0 409.0 442.0 416.0 432.0 305.0 499.0 299.0 Box 0
352.0 38.0 483.0 48.0 475.0 140.0 344.0 130.0 Box 0
485.0 41.0 589.0 46.0 586.0 120.0 482.0 116.0 Box 0
488.0 124.0 539.0 154.0 510.0 203.0 459.0 173.0 Box 0
438.0 195.0 494.0 200.0 490.0 244.0 434.0 239.0 Box 0
509.0 214.0 564.0 238.0 539.0 294.0 484.0 270.0 Box 0
558.0 368.0 513.0 375.0 505.0 314.0 550.0 308.0 Box 0
591.0 344.0 534.0 349.0 529.0 294.0 587.0 289.0 Box 0
554.0 153.0 601.0 184.0 568.0 234.0 520.0 203.0 Box 0
607.0 36.0 639.0 44.0 623.0 104.0 591.0 95.0 Box 0
584.0 110.0 619.0 131.0 597.0 168.0 561.0 147.0 Box 0
609.0 172.0 638.0 189.0 597.0 258.0 568.0 240.0 Box 0
605.0 279.0 634.0 294.0 617.0 328.0 587.0 312.0 Box 0
