111.0 371.0 172.0 374.0 168.0 433.0 108.0 430.0 Box 0
86.0 414.0 29.0 416.0 28.0 350.0 85.0 349.0 Box 0
28.0 286.0 80.0 286.0 80.0 342.0 28.0 342.0 Box 0
29.0 184.0 77.0 184.0 77.0 250.0 29.0 250.0 Box 0
28.0 128.0 52.0 129.0 51.0 179.0 27.0 178.0 Box 0
131.0 167.0 83.0 198.0 59.0 159.0 107.0 129.0 Box 0
149.0 275.0 94.0 288.0 81.0 235.0 137.0 222.0 Box 0
146.0 157.0 228.0 184.0 210.0 239.0 128.0 212.0 Box 0
139.0 35.0 306.0 62.0 289.0 168.0 121.0 141.0 Box 0
274.0 257.0 212.0 262.0 207.0 205.0 270.0 200.0 Box 0
108.0 289.0 171.0 289.0 171.0 347.0 108.0 347.0 Box 0
186.0 307.0 281.0 317.0 270.0 419.0 176.0 410.0 Box 0
376.0 395.0 290.0 408.0 279.0 331.0 366.0 319.0 Box 0
323.0 228.0 385.0 231.0 381.0 290.0 320.0 287.0 Box 0
344.0 156.0 406.0 175.0 392.0 219.0 330.0 200.0 Box 0
315.0 36.0 449.0 49.0 439.0 142.0 306.0 129.0 Box 0
450.0 42.0 554.0 48.0 549.0 121.0 445.0 115.0 Box 0
454.0 126.0 503.0 156.0 475.0 201.0 426.0 171.0 Box 0
402.0 195.0 459.0 200.0 455.0 244.0 399.0 240.0 Box 0
474.0 410.0 405.0 417.0 394.0 306.0 463.0 300.0 Box 0
521.0 369.0 475.0 375.0 467.0 314.0 514.0 309.0 Box 0
473.0 214.0 528.0 237.0 503.0 294.0 449.0 271.0 Box 0
558.0 344.0 501.0 350.0 496.0 295.0 553.0 290.0 Box 0
574.0 173.0 638.0 217.0 594.0 281.0 530.0 237.0 Box 0
553.0 111.0 589.0 130.0 569.0 168.0 532.0 149.0 Box 0
574.0 34.0 632.0 50.0 614.0 110.0 557.0 94.0 Box 0
598.0 141.0 635.0 141.0 635.0 210.0 598.0 210.0 Box 0
599.0 80.0 635.0 80.0 635.0 134.0 599.0 134.0 Box 0
610.0 262.0 635.0 262.0 635.0 321.0 610.0 321.0 Box 0
571.0 282.0 608.0 301.0 590.0 335.0 553.0 316.0 Box 0
637.0 385.0 598.0 395.0 583.0 339.0 622.0 329.0 Box 0
