70.0 368.0 131.0 371.0 128.0 429.0 67.0 427.0 Box 0
523.0 344.0 465.0 350.0 460.0 295.0 518.0 290.0 Box 0
540.0 173.0 611.0 217.0 568.0 284.0 498.0 240.0 Box 0
480.0 153.0 530.0 184.0 498.0 236.0 448.0 204.0 Box 0
437.0 214.0 494.0 239.0 468.0 295.0 412.0 270.0 Box 0
367.0 196.0 423.0 199.0 420.0 245.0 365.0 243.0 Box 0
287.0 227.0 348.0 230.0 345.0 288.0 284.0 286.0 Box 0
483.0 369.0 438.0 376.0 430.0 314.0 475.0 308.0 Box 0
435.0 412.0 367.0 418.0 358.0 306.0 426.0 300.0 Box 0
339.0 394.0 255.0 408.0 242.0 331.0 327.0 317.0 Box 0
150.0 310.0 246.0 314.0 241.0 417.0 146.0 414.0 Box 0
421.0 125.0 470.0 154.0 443.0 201.0 394.0 171.0 Box 0
309.0 158.0 370.0 177.0 356.0 220.0 295.0 201.0 Box 0
539.0 35.0 597.0 53.0 580.0 109.0 521.0 91.0 Box 0
414.0 41.0 518.0 45.0 515.0 118.0 411.0 114.0 Box 0
277.0 38.0 413.0 49.0 405.0 141.0 270.0 131.0 Box 0
129.0 346.0 68.0 347.0 67.0 288.0 128.0 287.0 Box 0
237.0 259.0 176.0 261.0 175.0 202.0 236.0 201.0 Box 0
109.0 160.0 192.0 185.0 175.0 240.0 93.0 216.0 Box 0
111.0 275.0 54.0 290.0 40.0 236.0 98.0 221.0 Box 0
103.0 33.0 273.0 64.0 254.0 174.0 83.0 143.0 Box 0
92.0 170.0 49.0 197.0 24.0 155.0 68.0 129.0 Box 0
538.0 279.0 578.0 295.0 562.0 333.0 522.0 316.0 Box 0
636.0 379.0 564.0 396.0 550.0 340.0 623.0 323.0 Box 0
518.0 114.0 550.0 131.0 532.0 166.0 499.0 148.0 Box 0
605.0 133.0 638.0 152.0 608.0 204.0 575.0 184.0 Box 0
611.0 34.0 635.0 42.0 608.0 127.0 583.0 119.0 Box 0
634.0 320.0 605.0 325.0 595.0 268.0 624.0 263.0 Box 0
27.0 352.0 44.0 352.0 44.0 408.0 27.0 408.0 Box 0
