315.0 397.0 230.0 409.0 220.0 331.0 305.0 320.0 Box 0
128.0 310.0 222.0 315.0 215.0 418.0 121.0 413.0 Box 0
43.0 363.0 104.0 366.0 100.0 429.0 40.0 426.0 Box 0
41.0 286.0 102.0 286.0 102.0 346.0 41.0 346.0 Box 0
84.0 276.0 37.0 287.0 25.0 233.0 72.0 222.0 Box 0
85.0 159.0 169.0 184.0 152.0 242.0 68.0 217.0 Box 0
29.0 132.0 75.0 132.0 75.0 197.0 29.0 197.0 Box 0
71.0 43.0 244.0 60.0 234.0 168.0 61.0 150.0 Box 0
214.0 259.0 152.0 261.0 151.0 201.0 213.0 199.0 Box 0
284.0 158.0 346.0 177.0 331.0 221.0 270.0 202.0 Box 0
253.0 36.0 388.0 50.0 378.0 143.0 243.0 130.0 Box 0
390.0 42.0 494.0 47.0 491.0 119.0 387.0 115.0 Box 0
513.0 35.0 571.0 51.0 554.0 110.0 496.0 94.0 Box 0
586.0 35.0 638.0 51.0 611.0 136.0 560.0 120.0 Box 0
496.0 112.0 531.0 131.0 512.0 168.0 476.0 149.0 Box 0
265.0 227.0 326.0 232.0 321.0 291.0 260.0 287.0 Box 0
344.0 196.0 400.0 199.0 396.0 244.0 341.0 241.0 Box 0
400.0 126.0 448.0 155.0 420.0 202.0 371.0 173.0 Box 0
414.0 215.0 468.0 238.0 445.0 293.0 390.0 270.0 Box 0
412.0 410.0 343.0 417.0 332.0 306.0 401.0 299.0 Box 0
459.0 368.0 412.0 374.0 405.0 314.0 452.0 308.0 Box 0
500.0 344.0 444.0 350.0 439.0 295.0 495.0 289.0 Box 0
521.0 174.0 587.0 223.0 541.0 286.0 475.0 237.0 Box 0
515.0 280.0 554.0 299.0 537.0 332.0 499.0 313.0 Box 0
619.0 377.0 542.0 396.0 529.0 340.0 606.0 322.0 Box 0
638.0 315.0 583.0 326.0 572.0 267.0 627.0 256.0 Box 0
584.0 133.0 635.0 163.0 603.0 218.0 552.0 187.0 Box 0
