205.0 416.0 118.0 424.0 113.0 363.0 199.0 355.0 Box 0
199.0 353.0 139.0 358.0 134.0 299.0 194.0 294.0 Box 0
69.0 213.0 184.0 238.0 140.0 436.0 24.0 410.0 Box 0
92.0 161.0 31.0 163.0 29.0 66.0 90.0 65.0 Box 0
106.0 109.0 169.0 120.0 158.0 180.0 96.0 170.0 Box 0
193.0 233.0 139.0 261.0 111.0 206.0 165.0 178.0 Box 0
250.0 159.0 205.0 195.0 177.0 159.0 223.0 123.0 Box 0
264.0 274.0 209.0 286.0 198.0 234.0 254.0 222.0 Box 0
254.0 152.0 335.0 183.0 315.0 238.0 233.0 207.0 Box 0
289.0 347.0 228.0 349.0 227.0 290.0 288.0 288.0 Box 0
229.0 375.0 289.0 375.0 289.0 435.0 229.0 435.0 Box 0
389.0 257.0 326.0 263.0 321.0 203.0 384.0 198.0 Box 0
244.0 36.0 410.0 60.0 395.0 165.0 230.0 142.0 Box 0
439.0 226.0 499.0 231.0 494.0 289.0 434.0 285.0 Box 0
296.0 307.0 388.0 315.0 379.0 419.0 287.0 412.0 Box 0
493.0 393.0 406.0 407.0 394.0 329.0 482.0 316.0 Box 0
432.0 34.0 566.0 48.0 556.0 142.0 423.0 129.0 Box 0
462.0 156.0 523.0 176.0 508.0 219.0 447.0 199.0 Box 0
514.0 194.0 569.0 199.0 566.0 245.0 510.0 240.0 Box 0
562.0 124.0 612.0 155.0 583.0 202.0 533.0 171.0 Box 0
561.0 41.0 636.0 44.0 633.0 120.0 558.0 117.0 Box 0
582.0 156.0 636.0 156.0 636.0 228.0 582.0 228.0 Box 0
587.0 215.0 639.0 238.0 614.0 292.0 563.0 269.0 Box 0
592.0 409.0 523.0 417.0 511.0 305.0 580.0 297.0 Box 0
637.0 369.0 593.0 374.0 587.0 315.0 631.0 310.0 Box 0
598.0 293.0 635.0 293.0 635.0 313.0 598.0 313.0 Box 0
