240.0 375.0 301.0 375.0 301.0 435.0 240.0 435.0 Box 0
593.0 156.0 634.0 156.0 634.0 219.0 593.0 219.0 Box 0
599.0 215.0 637.0 231.0 613.0 286.0 575.0 270.0 Box 0
605.0 410.0 536.0 417.0 524.0 306.0 593.0 298.0 Box 0
575.0 125.0 623.0 155.0 594.0 201.0 546.0 170.0 Box 0
574.0 43.0 635.0 44.0 633.0 118.0 573.0 117.0 Box 0
449.0 227.0 510.0 229.0 509.0 289.0 448.0 287.0 Box 0
506.0 394.0 415.0 407.0 404.0 329.0 495.0 316.0 Box 0
306.0 309.0 399.0 314.0 393.0 417.0 301.0 413.0 Box 0
300.0 348.0 241.0 349.0 240.0 290.0 299.0 289.0 Box 0
526.0 194.0 581.0 198.0 577.0 243.0 522.0 239.0 Box 0
474.0 157.0 534.0 175.0 520.0 220.0 460.0 202.0 Box 0
444.0 37.0 576.0 47.0 569.0 138.0 437.0 129.0 Box 0
398.0 259.0 337.0 262.0 334.0 202.0 395.0 199.0 Box 0
264.0 152.0 345.0 184.0 323.0 239.0 242.0 207.0 Box 0
276.0 275.0 221.0 287.0 210.0 233.0 266.0 222.0 Box 0
256.0 39.0 416.0 63.0 401.0 165.0 240.0 141.0 Box 0
210.0 355.0 154.0 357.0 153.0 296.0 209.0 294.0 Box 0
92.0 205.0 202.0 240.0 138.0 440.0 28.0 405.0 Box 0
206.0 231.0 152.0 258.0 125.0 205.0 180.0 178.0 Box 0
263.0 159.0 217.0 196.0 188.0 160.0 235.0 123.0 Box 0
122.0 108.0 181.0 118.0 171.0 176.0 112.0 167.0 Box 0
30.0 63.0 104.0 63.0 104.0 157.0 30.0 157.0 Box 0
635.0 370.0 605.0 373.0 599.0 313.0 629.0 310.0 Box 0
220.0 415.0 134.0 424.0 129.0 365.0 214.0 356.0 Box 0
