277.0 376.0 337.0 376.0 337.0 435.0 277.0 435.0 Box 0
634.0 409.0 575.0 417.0 560.0 305.0 620.0 297.0 Box 0
590.0 217.0 634.0 217.0 634.0 280.0 590.0 280.0 Box 0
485.0 226.0 544.0 229.0 542.0 288.0 482.0 285.0 Box 0
540.0 394.0 452.0 407.0 440.0 327.0 528.0 314.0 Box 0
337.0 310.0 434.0 315.0 428.0 416.0 331.0 411.0 Box 0
337.0 348.0 277.0 350.0 275.0 291.0 335.0 289.0 Box 0
262.0 415.0 173.0 426.0 166.0 366.0 255.0 355.0 Box 0
248.0 354.0 188.0 357.0 186.0 298.0 246.0 295.0 Box 0
84.0 204.0 237.0 235.0 196.0 438.0 43.0 407.0 Box 0
562.0 194.0 618.0 199.0 614.0 244.0 558.0 239.0 Box 0
605.0 124.0 637.0 141.0 611.0 189.0 579.0 171.0 Box 0
510.0 156.0 570.0 174.0 556.0 219.0 496.0 200.0 Box 0
433.0 257.0 373.0 262.0 369.0 203.0 429.0 198.0 Box 0
298.0 154.0 375.0 185.0 354.0 238.0 277.0 207.0 Box 0
310.0 279.0 256.0 288.0 246.0 233.0 301.0 224.0 Box 0
243.0 232.0 188.0 257.0 162.0 202.0 217.0 176.0 Box 0
604.0 42.0 634.0 42.0 634.0 118.0 604.0 118.0 Box 0
479.0 37.0 611.0 46.0 604.0 140.0 473.0 130.0 Box 0
291.0 41.0 451.0 63.0 436.0 167.0 276.0 144.0 Box 0
297.0 158.0 252.0 194.0 223.0 158.0 268.0 122.0 Box 0
160.0 107.0 226.0 119.0 215.0 177.0 149.0 165.0 Box 0
147.0 156.0 34.0 161.0 30.0 64.0 142.0 59.0 Box 0
