136.0 413.0 50.0 421.0 44.0 361.0 130.0 353.0 Box 0
127.0 351.0 73.0 354.0 69.0 294.0 122.0 291.0 Box 0
168.0 376.0 229.0 376.0 229.0 436.0 168.0 436.0 Box 0
609.0 344.0 551.0 350.0 545.0 294.0 604.0 289.0 Box 0
601.0 111.0 636.0 130.0 618.0 164.0 582.0 145.0 Box 0
572.0 152.0 621.0 185.0 587.0 236.0 538.0 202.0 Box 0
527.0 215.0 583.0 239.0 559.0 294.0 503.0 270.0 Box 0
576.0 368.0 530.0 374.0 523.0 312.0 570.0 307.0 Box 0
528.0 411.0 460.0 418.0 450.0 306.0 518.0 300.0 Box 0
431.0 394.0 346.0 408.0 333.0 331.0 419.0 317.0 Box 0
457.0 195.0 511.0 199.0 507.0 244.0 453.0 240.0 Box 0
400.0 157.0 460.0 176.0 446.0 220.0 386.0 201.0 Box 0
506.0 125.0 555.0 155.0 525.0 202.0 477.0 172.0 Box 0
505.0 43.0 606.0 47.0 603.0 120.0 503.0 117.0 Box 0
368.0 37.0 505.0 48.0 497.0 141.0 360.0 130.0 Box 0
376.0 226.0 437.0 229.0 434.0 289.0 373.0 286.0 Box 0
238.0 309.0 332.0 316.0 323.0 419.0 229.0 412.0 Box 0
229.0 348.0 168.0 350.0 167.0 290.0 228.0 288.0 Box 0
326.0 259.0 265.0 262.0 262.0 202.0 323.0 199.0 Box 0
191.0 48.0 350.0 64.0 341.0 162.0 181.0 146.0 Box 0
200.0 154.0 278.0 185.0 257.0 239.0 178.0 208.0 Box 0
209.0 275.0 152.0 290.0 138.0 235.0 195.0 220.0 Box 0
124.0 233.0 66.0 260.0 41.0 206.0 99.0 179.0 Box 0
192.0 161.0 144.0 194.0 118.0 156.0 166.0 123.0 Box 0
40.0 114.0 99.0 124.0 88.0 182.0 30.0 172.0 Box 0
620.0 282.0 639.0 293.0 622.0 322.0 603.0 312.0 Box 0
588.0 170.0 635.0 170.0 635.0 275.0 588.0 275.0 Box 0
606.0 36.0 634.0 36.0 634.0 118.0 606.0 118.0 Box 0
29.0 232.0 105.0 232.0 105.0 427.0 29.0 427.0 Box 0
