404.0 432.0 344.0 433.0 342.0 375.0 402.0 374.0 Box 0
407.0 307.0 497.0 314.0 489.0 415.0 399.0 408.0 Box 0
610.0 395.0 524.0 409.0 511.0 329.0 597.0 315.0 Box 0
638.0 410.0 599.0 412.0 596.0 297.0 634.0 296.0 Box 0
403.0 346.0 344.0 349.0 341.0 291.0 401.0 288.0 Box 0
334.0 415.0 253.0 425.0 246.0 366.0 327.0 357.0 Box 0
322.0 357.0 266.0 359.0 264.0 298.0 320.0 296.0 Box 0
553.0 225.0 613.0 228.0 609.0 289.0 549.0 285.0 Box 0
579.0 156.0 639.0 176.0 624.0 221.0 564.0 201.0 Box 0
500.0 258.0 440.0 262.0 436.0 202.0 496.0 198.0 Box 0
358.0 154.0 439.0 184.0 419.0 238.0 338.0 209.0 Box 0
375.0 277.0 318.0 286.0 309.0 232.0 366.0 222.0 Box 0
309.0 230.0 253.0 258.0 227.0 205.0 284.0 178.0 Box 0
190.0 243.0 157.0 274.0 140.0 256.0 173.0 225.0 Box 0
154.0 210.0 310.0 239.0 274.0 441.0 117.0 413.0 Box 0
31.0 249.0 134.0 253.0 128.0 401.0 25.0 396.0 Box 0
38.0 159.0 102.0 166.0 91.0 262.0 28.0 255.0 Box 0
546.0 36.0 638.0 42.0 631.0 138.0 539.0 131.0 Box 0
348.0 35.0 520.0 61.0 504.0 167.0 332.0 141.0 Box 0
361.0 158.0 316.0 196.0 286.0 160.0 332.0 123.0 Box 0
233.0 105.0 292.0 117.0 281.0 175.0 222.0 163.0 Box 0
224.0 148.0 103.0 150.0 101.0 55.0 222.0 53.0 Box 0
118.0 120.0 50.0 150.0 24.0 90.0 91.0 60.0 Box 0
