330.0 373.0 391.0 373.0 391.0 435.0 330.0 435.0 Box 0
348.0 152.0 429.0 183.0 408.0 239.0 327.0 208.0 Box 0
597.0 197.0 633.0 197.0 633.0 240.0 597.0 240.0 Box 0
393.0 309.0 485.0 315.0 478.0 417.0 386.0 410.0 Box 0
597.0 394.0 499.0 409.0 485.0 326.0 583.0 310.0 Box 0
586.0 297.0 637.0 297.0 637.0 414.0 586.0 414.0 Box 0
568.0 156.0 627.0 176.0 612.0 220.0 553.0 201.0 Box 0
540.0 226.0 598.0 229.0 595.0 290.0 536.0 287.0 Box 0
490.0 260.0 430.0 263.0 426.0 201.0 486.0 198.0 Box 0
362.0 277.0 306.0 286.0 297.0 232.0 353.0 223.0 Box 0
392.0 348.0 331.0 351.0 329.0 291.0 389.0 288.0 Box 0
323.0 417.0 239.0 428.0 231.0 364.0 315.0 353.0 Box 0
312.0 357.0 254.0 360.0 250.0 299.0 308.0 296.0 Box 0
299.0 233.0 244.0 261.0 216.0 206.0 271.0 178.0 Box 0
141.0 206.0 299.0 238.0 257.0 443.0 99.0 411.0 Box 0
177.0 244.0 145.0 275.0 127.0 257.0 159.0 225.0 Box 0
28.0 244.0 118.0 244.0 118.0 400.0 28.0 400.0 Box 0
37.0 163.0 84.0 167.0 77.0 260.0 29.0 257.0 Box 0
106.0 119.0 54.0 143.0 26.0 84.0 77.0 60.0 Box 0
534.0 36.0 639.0 45.0 632.0 138.0 526.0 129.0 Box 0
345.0 33.0 511.0 61.0 493.0 169.0 326.0 140.0 Box 0
348.0 159.0 303.0 194.0 274.0 158.0 319.0 123.0 Box 0
220.0 105.0 282.0 118.0 270.0 177.0 208.0 163.0 Box 0
211.0 148.0 91.0 151.0 88.0 57.0 208.0 53.0 Box 0
