171.0 153.0 47.0 158.0 43.0 62.0 167.0 57.0 Box 0
179.0 107.0 244.0 119.0 233.0 178.0 168.0 166.0 Box 0
32.0 244.0 85.0 247.0 79.0 398.0 26.0 396.0 Box 0
33.0 165.0 64.0 167.0 59.0 261.0 28.0 259.0 Box 0
634.0 412.0 572.0 422.0 552.0 301.0 615.0 290.0 Box 0
578.0 194.0 635.0 198.0 632.0 243.0 574.0 239.0 Box 0
502.0 226.0 565.0 229.0 562.0 289.0 499.0 285.0 Box 0
592.0 131.0 635.0 131.0 634.0 193.0 591.0 192.0 Box 0
562.0 394.0 468.0 408.0 456.0 326.0 550.0 312.0 Box 0
360.0 309.0 448.0 313.0 443.0 418.0 355.0 413.0 Box 0
454.0 257.0 393.0 260.0 389.0 202.0 451.0 199.0 Box 0
358.0 347.0 295.0 351.0 291.0 292.0 354.0 289.0 Box 0
356.0 434.0 296.0 435.0 294.0 374.0 355.0 373.0 Box 0
282.0 415.0 200.0 425.0 192.0 365.0 275.0 355.0 Box 0
270.0 355.0 214.0 357.0 211.0 299.0 267.0 296.0 Box 0
329.0 277.0 271.0 286.0 263.0 232.0 320.0 223.0 Box 0
262.0 230.0 208.0 257.0 181.0 205.0 235.0 177.0 Box 0
101.0 205.0 258.0 234.0 221.0 437.0 63.0 409.0 Box 0
314.0 153.0 396.0 185.0 375.0 239.0 293.0 207.0 Box 0
530.0 155.0 591.0 176.0 576.0 220.0 515.0 199.0 Box 0
496.0 37.0 635.0 47.0 628.0 140.0 490.0 130.0 Box 0
303.0 31.0 475.0 59.0 458.0 168.0 285.0 141.0 Box 0
316.0 159.0 272.0 195.0 242.0 159.0 286.0 122.0 Box 0
