535.0 373.0 597.0 373.0 597.0 434.0 535.0 434.0 Box 0
528.0 416.0 454.0 425.0 447.0 363.0 521.0 355.0 Box 0
515.0 353.0 471.0 356.0 468.0 296.0 512.0 294.0 Box 0
192.0 302.0 236.0 303.0 234.0 382.0 190.0 381.0 Box 0
214.0 258.0 313.0 258.0 313.0 400.0 214.0 400.0 Box 0
177.0 154.0 314.0 161.0 309.0 255.0 173.0 248.0 Box 0
305.0 113.0 221.0 143.0 198.0 80.0 282.0 50.0 Box 0
301.0 50.0 420.0 53.0 418.0 149.0 299.0 146.0 Box 0
424.0 105.0 481.0 113.0 472.0 174.0 415.0 165.0 Box 0
376.0 241.0 345.0 273.0 327.0 255.0 358.0 223.0 Box 0
343.0 200.0 510.0 234.0 468.0 440.0 301.0 406.0 Box 0
596.0 345.0 533.0 347.0 531.0 288.0 594.0 286.0 Box 0
555.0 276.0 497.0 286.0 487.0 230.0 545.0 220.0 Box 0
502.0 229.0 447.0 256.0 421.0 201.0 475.0 175.0 Box 0
548.0 156.0 504.0 194.0 474.0 159.0 518.0 121.0 Box 0
536.0 152.0 616.0 184.0 594.0 238.0 514.0 206.0 Box 0
528.0 29.0 639.0 51.0 618.0 157.0 507.0 135.0 Box 0
579.0 310.0 633.0 310.0 633.0 412.0 579.0 412.0 Box 0
604.0 202.0 635.0 202.0 635.0 260.0 604.0 260.0 Box 0
