371.0 112.0 288.0 143.0 264.0 80.0 347.0 49.0 Box 0
252.0 153.0 388.0 160.0 383.0 255.0 247.0 248.0 Box 0
259.0 301.0 306.0 302.0 304.0 382.0 257.0 381.0 Box 0
389.0 398.0 283.0 401.0 279.0 257.0 385.0 254.0 Box 0
417.0 197.0 584.0 235.0 538.0 439.0 371.0 402.0 Box 0
448.0 242.0 416.0 274.0 396.0 255.0 428.0 222.0 Box 0
369.0 52.0 492.0 52.0 492.0 147.0 369.0 147.0 Box 0
493.0 102.0 552.0 111.0 543.0 172.0 484.0 163.0 Box 0
573.0 230.0 518.0 258.0 490.0 202.0 545.0 174.0 Box 0
618.0 157.0 575.0 193.0 545.0 159.0 588.0 122.0 Box 0
579.0 70.0 638.0 70.0 638.0 149.0 579.0 149.0 Box 0
605.0 154.0 639.0 170.0 615.0 221.0 580.0 205.0 Box 0
622.0 276.0 567.0 285.0 558.0 228.0 613.0 219.0 Box 0
587.0 353.0 539.0 356.0 536.0 296.0 585.0 293.0 Box 0
601.0 414.0 528.0 424.0 520.0 363.0 593.0 354.0 Box 0
603.0 286.0 636.0 286.0 636.0 347.0 603.0 347.0 Box 0
604.0 373.0 635.0 373.0 635.0 434.0 604.0 434.0 Box 0
