431.0 110.0 348.0 141.0 325.0 79.0 407.0 48.0 Box 0
319.0 152.0 457.0 159.0 452.0 256.0 314.0 249.0 Box 0
433.0 49.0 560.0 52.0 558.0 149.0 431.0 146.0 Box 0
449.0 399.0 342.0 401.0 340.0 257.0 447.0 255.0 Box 0
321.0 302.0 370.0 304.0 367.0 381.0 318.0 379.0 Box 0
479.0 198.0 638.0 236.0 591.0 437.0 431.0 400.0 Box 0
510.0 239.0 480.0 273.0 459.0 254.0 489.0 220.0 Box 0
557.0 103.0 615.0 111.0 607.0 173.0 548.0 165.0 Box 0
637.0 231.0 584.0 256.0 557.0 202.0 611.0 176.0 Box 0
611.0 137.0 637.0 137.0 637.0 193.0 611.0 193.0 Box 0
611.0 294.0 635.0 294.0 635.0 355.0 611.0 355.0 Box 0
636.0 420.0 599.0 421.0 595.0 359.0 632.0 357.0 Box 0
