442.0 110.0 359.0 141.0 336.0 78.0 419.0 47.0 Box 0
330.0 154.0 467.0 159.0 463.0 255.0 326.0 249.0 Box 0
332.0 301.0 383.0 304.0 379.0 382.0 328.0 379.0 Box 0
464.0 396.0 357.0 400.0 351.0 257.0 458.0 253.0 Box 0
451.0 49.0 571.0 52.0 569.0 147.0 449.0 144.0 Box 0
571.0 103.0 628.0 112.0 618.0 173.0 562.0 164.0 Box 0
638.0 207.0 583.0 233.0 567.0 202.0 623.0 175.0 Box 0
524.0 241.0 492.0 275.0 472.0 256.0 503.0 222.0 Box 0
482.0 213.0 639.0 238.0 607.0 435.0 450.0 409.0 Box 0
612.0 357.0 636.0 357.0 636.0 422.0 612.0 422.0 Box 0
