247.0 232.0 307.0 232.0 307.0 290.0 247.0 290.0 Box 0
373.0 367.0 336.0 417.0 288.0 381.0 325.0 331.0 Box 0
306.0 405.0 256.0 442.0 220.0 393.0 270.0 356.0 Box 0
210.0 370.0 148.0 399.0 110.0 319.0 172.0 289.0 Box 0
281.0 347.0 223.0 371.0 201.0 320.0 259.0 296.0 Box 0
235.0 279.0 167.0 281.0 165.0 219.0 233.0 217.0 Box 0
55.0 138.0 140.0 189.0 109.0 241.0 24.0 190.0 Box 0
204.0 185.0 155.0 194.0 146.0 145.0 195.0 136.0 Box 0
225.0 92.0 150.0 132.0 121.0 77.0 196.0 37.0 Box 0
136.0 120.0 81.0 125.0 75.0 69.0 130.0 63.0 Box 0
59.0 55.0 75.0 81.0 43.0 101.0 27.0 76.0 Box 0
28.0 191.0 56.0 191.0 56.0 255.0 28.0 255.0 Box 0
