258.0 231.0 319.0 231.0 319.0 290.0 258.0 290.0 Box 0
179.0 218.0 246.0 218.0 246.0 281.0 179.0 281.0 Box 0
223.0 371.0 159.0 399.0 123.0 319.0 187.0 290.0 Box 0
293.0 347.0 235.0 371.0 213.0 320.0 271.0 295.0 Box 0
337.0 331.0 384.0 368.0 346.0 416.0 299.0 379.0 Box 0
317.0 404.0 267.0 441.0 232.0 394.0 282.0 357.0 Box 0
216.0 184.0 165.0 192.0 158.0 145.0 208.0 136.0 Box 0
153.0 187.0 122.0 240.0 38.0 189.0 69.0 137.0 Box 0
240.0 91.0 164.0 132.0 134.0 76.0 210.0 35.0 Box 0
150.0 119.0 93.0 124.0 87.0 68.0 144.0 62.0 Box 0
72.0 54.0 89.0 79.0 43.0 111.0 26.0 86.0 Box 0
29.0 194.0 70.0 194.0 70.0 256.0 29.0 256.0 Box 0
29.0 130.0 46.0 130.0 46.0 191.0 29.0 191.0 Box 0
