286.0 303.0 113.0 397.0 10.0 209.0 183.0 114.0 Box 0
342.0 488.0 194.0 518.0 169.0 393.0 316.0 363.0 Box 0
469.0 373.0 342.0 426.0 270.0 256.0 397.0 202.0 Box 0
564.0 238.0 467.0 319.0 376.0 209.0 473.0 128.0 Box 0
756.0 166.0 632.0 295.0 541.0 207.0 666.0 78.0 Box 0
821.0 336.0 703.0 388.0 651.0 270.0 768.0 218.0 Box 0
1039.0 331.0 953.0 420.0 866.0 336.0 953.0 247.0 Box 0
1176.0 290.0 918.0 316.0 892.0 53.0 1150.0 28.0 Box 0
816.0 599.0 710.0 665.0 644.0 556.0 750.0 491.0 Box 0
463.0 620.0 360.0 634.0 347.0 532.0 450.0 518.0 Box 0
575.0 478.0 498.0 515.0 463.0 442.0 539.0 405.0 Box 0
387.0 869.0 93.0 872.0 91.0 673.0 385.0 670.0 Box 0
1.0 674.0 95.0 674.0 95.0 839.0 1.0 839.0 Box 0
483.0 615.0 616.0 620.0 610.0 754.0 478.0 749.0 Box 0
734.0 792.0 616.0 796.0 613.0 678.0 731.0 675.0 Box 0
923.0 518.0 1132.0 522.0 1128.0 723.0 919.0 719.0 Box 0
1045.0 868.0 925.0 871.0 922.0 774.0 1042.0 771.0 Box 0
