395.0 100.0 502.0 133.0 451.0 301.0 343.0 268.0 Box 0
197.0 489.0 413.0 604.0 338.0 745.0 122.0 630.0 Box 0
488.0 444.0 664.0 533.0 540.0 779.0 363.0 689.0 Box 0
692.0 425.0 461.0 430.0 454.0 61.0 685.0 56.0 Box 0
744.0 112.0 861.0 161.0 812.0 278.0 694.0 228.0 Box 0
804.0 571.0 685.0 622.0 638.0 510.0 757.0 460.0 Box 0
1127.0 485.0 1009.0 507.0 986.0 386.0 1105.0 364.0 Box 0
1077.0 307.0 902.0 373.0 835.0 194.0 1010.0 128.0 Box 0
934.0 834.0 714.0 856.0 698.0 694.0 918.0 672.0 Box 0
1227.0 857.0 944.0 868.0 937.0 673.0 1219.0 662.0 Box 0
1209.0 369.0 1089.0 422.0 1016.0 257.0 1136.0 203.0 Box 0
1223.0 612.0 1116.0 626.0 1103.0 525.0 1210.0 511.0 Box 0
1279.0 485.0 1239.0 507.0 1201.0 437.0 1241.0 416.0 Box 0
0.0 228.0 164.0 228.0 164.0 425.0 0.0 425.0 Box 0
1148.0 143.0 1278.0 143.0 1278.0 321.0 1148.0 321.0 Box 0
