1022.0 286.0 759.0 313.0 733.0 53.0 996.0 27.0 Box 0
887.0 331.0 797.0 424.0 707.0 337.0 797.0 244.0 Box 0
764.0 521.0 982.0 521.0 982.0 722.0 764.0 722.0 Box 0
656.0 602.0 546.0 668.0 480.0 558.0 590.0 492.0 Box 0
582.0 797.0 459.0 801.0 456.0 685.0 579.0 681.0 Box 0
768.0 773.0 886.0 773.0 886.0 870.0 768.0 870.0 Box 0
1.0 660.0 237.0 660.0 237.0 863.0 1.0 863.0 Box 0
309.0 620.0 191.0 635.0 179.0 533.0 297.0 519.0 Box 0
423.0 479.0 338.0 520.0 302.0 443.0 387.0 403.0 Box 0
171.0 498.0 27.0 528.0 0.0 391.0 144.0 362.0 Box 0
303.0 384.0 173.0 433.0 107.0 258.0 237.0 209.0 Box 0
408.0 254.0 308.0 334.0 206.0 205.0 306.0 125.0 Box 0
597.0 168.0 471.0 298.0 379.0 208.0 505.0 79.0 Box 0
655.0 337.0 539.0 386.0 489.0 268.0 605.0 219.0 Box 0
0.0 145.0 98.0 145.0 98.0 355.0 0.0 355.0 Box 0
