373.0 370.0 194.0 413.0 154.0 253.0 333.0 209.0 Box 0
604.0 102.0 712.0 138.0 657.0 305.0 549.0 269.0 Box 0
904.0 430.0 664.0 437.0 653.0 76.0 893.0 69.0 Box 0
440.0 494.0 642.0 615.0 566.0 742.0 364.0 621.0 Box 0
676.0 441.0 868.0 509.0 770.0 786.0 578.0 718.0 Box 0
1026.0 572.0 911.0 621.0 863.0 508.0 978.0 459.0 Box 0
1152.0 828.0 933.0 846.0 921.0 691.0 1139.0 673.0 Box 0
965.0 116.0 1082.0 165.0 1034.0 279.0 917.0 230.0 Box 0
1278.0 308.0 1106.0 373.0 1039.0 193.0 1211.0 129.0 Box 0
1279.0 862.0 1174.0 866.0 1166.0 668.0 1271.0 663.0 Box 0
1278.0 496.0 1189.0 514.0 1164.0 392.0 1254.0 374.0 Box 0
0.0 602.0 194.0 602.0 194.0 877.0 0.0 877.0 Box 0
