290.0 576.0 171.0 630.0 119.0 515.0 239.0 462.0 Box 0
639.0 493.0 515.0 515.0 493.0 385.0 617.0 364.0 Box 0
360.0 168.0 307.0 285.0 188.0 230.0 241.0 113.0 Box 0
608.0 309.0 427.0 376.0 357.0 186.0 539.0 120.0 Box 0
758.0 375.0 631.0 428.0 561.0 257.0 688.0 204.0 Box 0
874.0 226.0 776.0 306.0 694.0 207.0 792.0 126.0 Box 0
1065.0 165.0 939.0 295.0 852.0 210.0 978.0 81.0 Box 0
1135.0 334.0 1020.0 386.0 967.0 268.0 1083.0 217.0 Box 0
759.0 619.0 657.0 633.0 643.0 528.0 746.0 514.0 Box 0
861.0 478.0 782.0 512.0 750.0 435.0 829.0 402.0 Box 0
439.0 838.0 224.0 860.0 208.0 702.0 424.0 680.0 Box 0
720.0 866.0 438.0 877.0 430.0 678.0 712.0 666.0 Box 0
786.0 611.0 921.0 618.0 914.0 750.0 780.0 744.0 Box 0
1123.0 595.0 1023.0 661.0 953.0 555.0 1054.0 489.0 Box 0
1026.0 789.0 909.0 793.0 906.0 678.0 1023.0 675.0 Box 0
1193.0 311.0 1279.0 392.0 1254.0 418.0 1168.0 337.0 Box 0
1188.0 762.0 1280.0 762.0 1280.0 866.0 1188.0 866.0 Box 0
0.0 93.0 202.0 93.0 202.0 452.0 0.0 452.0 Box 0
0.0 456.0 128.0 456.0 128.0 768.0 0.0 768.0 Box 0
