203.0 394.0 74.0 492.0 0.0 394.0 129.0 296.0 Box 0
595.0 365.0 420.0 409.0 380.0 251.0 554.0 206.0 Box 0
148.0 590.0 413.0 717.0 325.0 898.0 61.0 771.0 Box 0
656.0 497.0 859.0 613.0 786.0 740.0 583.0 624.0 Box 0
796.0 101.0 904.0 134.0 853.0 300.0 745.0 267.0 Box 0
1119.0 433.0 861.0 438.0 853.0 58.0 1111.0 53.0 Box 0
853.0 438.0 1072.0 506.0 989.0 775.0 770.0 707.0 Box 0
1232.0 569.0 1117.0 618.0 1071.0 508.0 1186.0 459.0 Box 0
1278.0 829.0 1134.0 843.0 1118.0 689.0 1263.0 675.0 Box 0
1172.0 113.0 1279.0 158.0 1228.0 276.0 1122.0 231.0 Box 0
1.0 207.0 109.0 207.0 109.0 380.0 1.0 380.0 Box 0
