548.0 168.0 421.0 299.0 329.0 210.0 456.0 79.0 Box 0
604.0 338.0 487.0 388.0 436.0 268.0 553.0 218.0 Box 0
835.0 332.0 748.0 422.0 657.0 334.0 745.0 244.0 Box 0
969.0 287.0 715.0 313.0 689.0 56.0 944.0 30.0 Box 0
606.0 600.0 497.0 668.0 429.0 558.0 539.0 491.0 Box 0
724.0 525.0 934.0 525.0 934.0 723.0 724.0 723.0 Box 0
718.0 775.0 838.0 775.0 838.0 873.0 718.0 873.0 Box 0
535.0 797.0 412.0 801.0 409.0 685.0 532.0 681.0 Box 0
276.0 614.0 421.0 617.0 418.0 757.0 273.0 754.0 Box 0
0.0 655.0 182.0 655.0 182.0 859.0 0.0 859.0 Box 0
255.0 620.0 139.0 634.0 127.0 531.0 243.0 517.0 Box 0
375.0 480.0 294.0 521.0 256.0 445.0 338.0 404.0 Box 0
251.0 389.0 122.0 438.0 56.0 262.0 185.0 213.0 Box 0
355.0 252.0 255.0 333.0 153.0 207.0 253.0 126.0 Box 0
116.0 492.0 26.0 511.0 0.0 382.0 90.0 364.0 Box 0
