450.0 524.0 673.0 524.0 673.0 726.0 450.0 726.0 Box 0
438.0 776.0 561.0 776.0 561.0 876.0 438.0 876.0 Box 0
687.0 282.0 431.0 305.0 408.0 50.0 664.0 27.0 Box 0
549.0 333.0 460.0 424.0 369.0 336.0 457.0 244.0 Box 0
305.0 600.0 202.0 670.0 128.0 561.0 230.0 490.0 Box 0
237.0 782.0 114.0 795.0 102.0 681.0 226.0 669.0 Box 0
303.0 341.0 183.0 394.0 130.0 275.0 250.0 222.0 Box 0
242.0 177.0 113.0 311.0 19.0 220.0 148.0 86.0 Box 0
0.0 612.0 119.0 612.0 119.0 727.0 0.0 727.0 Box 0
0.0 412.0 70.0 412.0 70.0 522.0 0.0 522.0 Box 0
