235.0 383.0 46.0 432.0 1.0 258.0 191.0 210.0 Box 0
461.0 101.0 570.0 133.0 521.0 300.0 411.0 267.0 Box 0
287.0 489.0 495.0 613.0 416.0 745.0 208.0 621.0 Box 0
547.0 441.0 738.0 529.0 621.0 784.0 430.0 696.0 Box 0
759.0 428.0 530.0 433.0 523.0 76.0 751.0 71.0 Box 0
877.0 570.0 760.0 619.0 713.0 509.0 830.0 459.0 Box 0
818.0 111.0 936.0 161.0 888.0 276.0 770.0 226.0 Box 0
1203.0 487.0 1081.0 508.0 1060.0 384.0 1182.0 363.0 Box 0
1009.0 831.0 786.0 853.0 770.0 695.0 993.0 672.0 Box 0
1278.0 854.0 1021.0 867.0 1011.0 673.0 1269.0 660.0 Box 0
1141.0 308.0 966.0 372.0 899.0 189.0 1075.0 125.0 Box 0
1277.0 373.0 1156.0 424.0 1084.0 254.0 1205.0 203.0 Box 0
1280.0 613.0 1182.0 625.0 1169.0 529.0 1267.0 516.0 Box 0
