371.0 101.0 475.0 133.0 422.0 304.0 318.0 272.0 Box 0
168.0 487.0 384.0 605.0 307.0 746.0 91.0 628.0 Box 0
454.0 438.0 646.0 535.0 517.0 790.0 325.0 692.0 Box 0
780.0 573.0 662.0 623.0 614.0 511.0 733.0 461.0 Box 0
674.0 430.0 441.0 442.0 422.0 63.0 655.0 52.0 Box 0
719.0 112.0 838.0 162.0 789.0 280.0 669.0 229.0 Box 0
1051.0 307.0 875.0 373.0 808.0 194.0 984.0 128.0 Box 0
1189.0 373.0 1068.0 424.0 996.0 254.0 1117.0 203.0 Box 0
1106.0 485.0 986.0 510.0 961.0 386.0 1081.0 361.0 Box 0
909.0 831.0 691.0 853.0 675.0 695.0 894.0 673.0 Box 0
1202.0 853.0 919.0 867.0 910.0 670.0 1192.0 656.0 Box 0
1202.0 613.0 1096.0 628.0 1081.0 523.0 1187.0 508.0 Box 0
1279.0 478.0 1214.0 508.0 1181.0 436.0 1246.0 406.0 Box 0
1212.0 607.0 1278.0 608.0 1276.0 738.0 1209.0 736.0 Box 0
0.0 230.0 136.0 230.0 136.0 420.0 0.0 420.0 Box 0
1127.0 131.0 1279.0 131.0 1279.0 320.0 1127.0 320.0 Box 0
