782.0 294.0 519.0 320.0 493.0 53.0 755.0 26.0 Box 0
637.0 329.0 548.0 421.0 460.0 336.0 549.0 244.0 Box 0
535.0 525.0 752.0 525.0 752.0 728.0 535.0 728.0 Box 0
524.0 775.0 648.0 775.0 648.0 876.0 524.0 876.0 Box 0
407.0 599.0 297.0 669.0 230.0 561.0 340.0 492.0 Box 0
329.0 787.0 205.0 796.0 197.0 681.0 321.0 672.0 Box 0
213.0 749.0 53.0 754.0 49.0 615.0 208.0 610.0 Box 0
164.0 492.0 82.0 530.0 42.0 445.0 124.0 407.0 Box 0
402.0 339.0 283.0 393.0 228.0 274.0 347.0 220.0 Box 0
343.0 169.0 219.0 300.0 123.0 208.0 248.0 77.0 Box 0
0.0 144.0 148.0 144.0 148.0 338.0 0.0 338.0 Box 0
