168.0 305.0 55.0 364.0 0.0 258.0 113.0 199.0 Box 0
293.0 392.0 149.0 506.0 70.0 406.0 214.0 292.0 Box 0
676.0 361.0 503.0 409.0 459.0 251.0 633.0 203.0 Box 0
229.0 594.0 495.0 719.0 410.0 900.0 144.0 775.0 Box 0
734.0 497.0 935.0 615.0 863.0 736.0 663.0 619.0 Box 0
863.0 102.0 974.0 136.0 923.0 301.0 812.0 267.0 Box 0
933.0 440.0 1147.0 509.0 1063.0 771.0 849.0 703.0 Box 0
1179.0 423.0 938.0 433.0 923.0 75.0 1165.0 66.0 Box 0
1278.0 582.0 1192.0 619.0 1143.0 505.0 1230.0 469.0 Box 0
1279.0 840.0 1176.0 851.0 1160.0 689.0 1263.0 678.0 Box 0
1243.0 114.0 1279.0 130.0 1229.0 249.0 1192.0 233.0 Box 0
0.0 507.0 81.0 507.0 81.0 868.0 0.0 868.0 Box 0
