106.0 65.0 341.0 65.0 341.0 442.0 106.0 442.0 Box 0
500.0 163.0 450.0 281.0 332.0 231.0 382.0 113.0 Box 0
739.0 310.0 561.0 377.0 496.0 204.0 674.0 137.0 Box 0
884.0 374.0 757.0 428.0 685.0 258.0 812.0 204.0 Box 0
1013.0 228.0 917.0 306.0 838.0 209.0 934.0 131.0 Box 0
443.0 575.0 322.0 631.0 270.0 518.0 391.0 462.0 Box 0
147.0 433.0 318.0 550.0 175.0 759.0 4.0 642.0 Box 0
575.0 837.0 359.0 859.0 343.0 700.0 559.0 678.0 Box 0
861.0 857.0 577.0 872.0 568.0 680.0 852.0 665.0 Box 0
777.0 489.0 648.0 512.0 625.0 386.0 754.0 363.0 Box 0
888.0 616.0 789.0 629.0 775.0 527.0 875.0 514.0 Box 0
989.0 475.0 908.0 512.0 874.0 436.0 956.0 400.0 Box 0
1257.0 594.0 1149.0 660.0 1084.0 554.0 1192.0 488.0 Box 0
916.0 606.0 1056.0 615.0 1048.0 751.0 907.0 743.0 Box 0
1153.0 789.0 1036.0 792.0 1033.0 676.0 1150.0 673.0 Box 0
1201.0 167.0 1077.0 288.0 991.0 199.0 1115.0 78.0 Box 0
1271.0 329.0 1161.0 382.0 1107.0 270.0 1217.0 217.0 Box 0
0.0 132.0 112.0 132.0 112.0 326.0 0.0 326.0 Box 0
