531.0 489.0 400.0 513.0 378.0 389.0 509.0 365.0 Box 0
235.0 179.0 181.0 299.0 61.0 246.0 115.0 125.0 Box 0
500.0 297.0 328.0 383.0 239.0 204.0 412.0 118.0 Box 0
653.0 375.0 529.0 428.0 456.0 257.0 580.0 204.0 Box 0
759.0 228.0 663.0 306.0 582.0 205.0 678.0 128.0 Box 0
955.0 165.0 830.0 294.0 740.0 206.0 865.0 77.0 Box 0
1023.0 332.0 908.0 386.0 854.0 271.0 969.0 217.0 Box 0
1234.0 330.0 1146.0 419.0 1060.0 335.0 1149.0 246.0 Box 0
1079.0 48.0 1280.0 48.0 1280.0 281.0 1079.0 281.0 Box 0
1109.0 510.0 1279.0 522.0 1265.0 716.0 1095.0 704.0 Box 0
159.0 577.0 48.0 624.0 0.0 509.0 111.0 462.0 Box 0
316.0 841.0 106.0 856.0 95.0 691.0 305.0 676.0 Box 0
609.0 866.0 319.0 878.0 311.0 679.0 601.0 667.0 Box 0
675.0 610.0 810.0 618.0 802.0 754.0 666.0 746.0 Box 0
923.0 790.0 804.0 794.0 800.0 678.0 918.0 673.0 Box 0
1014.0 591.0 906.0 659.0 842.0 556.0 950.0 488.0 Box 0
757.0 475.0 680.0 514.0 643.0 442.0 720.0 403.0 Box 0
651.0 618.0 551.0 631.0 538.0 532.0 638.0 519.0 Box 0
1236.0 865.0 1116.0 870.0 1112.0 773.0 1232.0 768.0 Box 0
