182.0 387.0 35.0 417.0 0.0 243.0 147.0 213.0 Box 0
228.0 490.0 438.0 610.0 360.0 748.0 149.0 627.0 Box 0
502.0 433.0 689.0 510.0 575.0 787.0 388.0 710.0 Box 0
827.0 570.0 709.0 619.0 664.0 509.0 782.0 460.0 Box 0
416.0 101.0 524.0 134.0 473.0 302.0 364.0 268.0 Box 0
716.0 429.0 484.0 438.0 469.0 72.0 701.0 63.0 Box 0
769.0 112.0 886.0 161.0 837.0 277.0 720.0 227.0 Box 0
1098.0 312.0 924.0 376.0 854.0 182.0 1028.0 119.0 Box 0
1153.0 489.0 1031.0 510.0 1010.0 385.0 1132.0 364.0 Box 0
1232.0 371.0 1108.0 423.0 1038.0 256.0 1162.0 204.0 Box 0
1248.0 612.0 1137.0 625.0 1126.0 529.0 1236.0 515.0 Box 0
959.0 830.0 724.0 854.0 707.0 692.0 943.0 669.0 Box 0
1250.0 855.0 962.0 866.0 954.0 669.0 1242.0 658.0 Box 0
1169.0 151.0 1278.0 151.0 1278.0 318.0 1169.0 318.0 Box 0
1230.0 406.0 1278.0 406.0 1278.0 512.0 1230.0 512.0 Box 0
