866.0 285.0 601.0 312.0 575.0 54.0 841.0 28.0 Box 0
724.0 331.0 634.0 425.0 542.0 336.0 633.0 243.0 Box 0
616.0 522.0 833.0 524.0 831.0 723.0 614.0 721.0 Box 0
500.0 595.0 386.0 666.0 318.0 558.0 433.0 487.0 Box 0
731.0 873.0 613.0 875.0 611.0 779.0 729.0 777.0 Box 0
426.0 789.0 303.0 802.0 291.0 686.0 415.0 673.0 Box 0
153.0 615.0 304.0 618.0 301.0 756.0 150.0 753.0 Box 0
253.0 483.0 178.0 524.0 134.0 444.0 209.0 403.0 Box 0
487.0 339.0 369.0 389.0 318.0 269.0 437.0 219.0 Box 0
435.0 162.0 307.0 297.0 215.0 210.0 344.0 75.0 Box 0
240.0 258.0 126.0 351.0 16.0 214.0 130.0 122.0 Box 0
131.0 618.0 14.0 630.0 4.0 530.0 121.0 518.0 Box 0
0.0 234.0 126.0 234.0 126.0 448.0 0.0 448.0 Box 0
