485.0 363.0 309.0 407.0 269.0 248.0 444.0 203.0 Box 0
696.0 102.0 803.0 134.0 753.0 302.0 646.0 270.0 Box 0
1019.0 428.0 757.0 438.0 742.0 81.0 1005.0 70.0 Box 0
1065.0 111.0 1183.0 161.0 1134.0 279.0 1016.0 229.0 Box 0
539.0 498.0 744.0 615.0 674.0 739.0 468.0 621.0 Box 0
758.0 440.0 964.0 506.0 875.0 781.0 670.0 715.0 Box 0
1124.0 570.0 1004.0 619.0 958.0 505.0 1077.0 456.0 Box 0
1247.0 826.0 1028.0 848.0 1013.0 698.0 1232.0 676.0 Box 0
87.0 623.0 272.0 710.0 187.0 892.0 1.0 804.0 Box 0
1279.0 339.0 1179.0 373.0 1120.0 199.0 1220.0 165.0 Box 0
0.0 305.0 113.0 305.0 113.0 492.0 0.0 492.0 Box 0
