468.0 249.0 370.0 329.0 270.0 206.0 369.0 126.0 Box 0
238.0 493.0 82.0 528.0 53.0 396.0 209.0 361.0 Box 0
480.0 484.0 401.0 518.0 368.0 442.0 448.0 408.0 Box 0
717.0 336.0 601.0 385.0 551.0 266.0 667.0 216.0 Box 0
658.0 165.0 533.0 294.0 443.0 207.0 568.0 78.0 Box 0
947.0 330.0 857.0 423.0 767.0 336.0 858.0 243.0 Box 0
716.0 600.0 609.0 665.0 545.0 558.0 652.0 494.0 Box 0
387.0 615.0 525.0 620.0 520.0 757.0 382.0 751.0 Box 0
642.0 792.0 521.0 797.0 516.0 682.0 637.0 677.0 Box 0
830.0 519.0 1037.0 519.0 1037.0 722.0 830.0 722.0 Box 0
948.0 869.0 829.0 870.0 828.0 774.0 947.0 773.0 Box 0
0.0 663.0 303.0 663.0 303.0 865.0 0.0 865.0 Box 0
365.0 623.0 262.0 635.0 251.0 530.0 354.0 519.0 Box 0
342.0 353.0 238.0 394.0 197.0 293.0 301.0 251.0 Box 0
1081.0 287.0 839.0 322.0 801.0 57.0 1044.0 23.0 Box 0
0.0 132.0 184.0 132.0 184.0 394.0 0.0 394.0 Box 0
