698.0 227.0 600.0 309.0 516.0 210.0 614.0 128.0 Box 0
475.0 491.0 339.0 516.0 315.0 387.0 452.0 363.0 Box 0
596.0 377.0 469.0 428.0 400.0 256.0 528.0 205.0 Box 0
593.0 617.0 493.0 631.0 479.0 532.0 579.0 518.0 Box 0
698.0 476.0 623.0 514.0 588.0 443.0 663.0 406.0 Box 0
958.0 338.0 845.0 385.0 796.0 269.0 909.0 221.0 Box 0
894.0 166.0 769.0 295.0 679.0 207.0 804.0 78.0 Box 0
1176.0 331.0 1087.0 423.0 997.0 335.0 1086.0 244.0 Box 0
1279.0 261.0 1056.0 291.0 1025.0 55.0 1249.0 26.0 Box 0
250.0 842.0 40.0 851.0 34.0 691.0 243.0 682.0 Box 0
540.0 868.0 256.0 877.0 250.0 679.0 534.0 671.0 Box 0
615.0 615.0 748.0 619.0 744.0 753.0 611.0 749.0 Box 0
746.0 676.0 861.0 676.0 861.0 790.0 746.0 790.0 Box 0
953.0 594.0 847.0 661.0 780.0 555.0 887.0 488.0 Box 0
1048.0 512.0 1259.0 522.0 1249.0 724.0 1038.0 714.0 Box 0
1174.0 865.0 1056.0 867.0 1054.0 769.0 1172.0 767.0 Box 0
163.0 192.0 116.0 283.0 0.0 224.0 46.0 132.0 Box 0
436.0 302.0 259.0 395.0 168.0 220.0 346.0 128.0 Box 0
0.0 466.0 126.0 466.0 126.0 626.0 0.0 626.0 Box 0
