197.0 107.0 308.0 145.0 250.0 316.0 139.0 277.0 Box 0
509.0 436.0 268.0 441.0 261.0 64.0 502.0 59.0 Box 0
549.0 114.0 665.0 162.0 616.0 281.0 500.0 233.0 Box 0
890.0 309.0 713.0 374.0 646.0 190.0 823.0 125.0 Box 0
1031.0 371.0 906.0 424.0 836.0 257.0 961.0 204.0 Box 0
1176.0 227.0 1077.0 305.0 1000.0 205.0 1099.0 128.0 Box 0
607.0 571.0 489.0 623.0 441.0 515.0 558.0 462.0 Box 0
314.0 447.0 484.0 546.0 339.0 794.0 169.0 694.0 Box 0
937.0 488.0 815.0 511.0 792.0 385.0 915.0 363.0 Box 0
1036.0 615.0 932.0 627.0 920.0 524.0 1024.0 512.0 Box 0
1131.0 475.0 1054.0 508.0 1023.0 433.0 1100.0 400.0 Box 0
739.0 835.0 523.0 857.0 506.0 697.0 723.0 675.0 Box 0
1028.0 860.0 744.0 872.0 736.0 675.0 1020.0 664.0 Box 0
1060.0 605.0 1213.0 614.0 1205.0 749.0 1052.0 740.0 Box 0
1278.0 785.0 1175.0 787.0 1173.0 675.0 1275.0 673.0 Box 0
1206.0 502.0 1279.0 502.0 1279.0 645.0 1206.0 645.0 Box 0
1214.0 259.0 1278.0 259.0 1278.0 400.0 1214.0 400.0 Box 0
1152.0 89.0 1278.0 89.0 1278.0 306.0 1152.0 306.0 Box 0
0.0 501.0 204.0 501.0 204.0 737.0 0.0 737.0 Box 0
