476.0 161.0 424.0 280.0 307.0 229.0 358.0 110.0 Box 0
433.0 568.0 298.0 629.0 248.0 516.0 383.0 455.0 Box 0
77.0 69.0 319.0 69.0 319.0 442.0 77.0 442.0 Box 0
747.0 490.0 624.0 510.0 603.0 383.0 727.0 363.0 Box 0
717.0 308.0 542.0 381.0 466.0 196.0 642.0 124.0 Box 0
861.0 374.0 736.0 427.0 664.0 256.0 789.0 203.0 Box 0
989.0 227.0 891.0 306.0 812.0 207.0 911.0 128.0 Box 0
1176.0 166.0 1049.0 296.0 959.0 208.0 1085.0 78.0 Box 0
1246.0 331.0 1140.0 381.0 1087.0 270.0 1194.0 219.0 Box 0
284.0 536.0 168.0 717.0 6.0 613.0 123.0 432.0 Box 0
551.0 841.0 336.0 863.0 320.0 699.0 535.0 678.0 Box 0
835.0 862.0 553.0 876.0 543.0 677.0 825.0 663.0 Box 0
887.0 608.0 1033.0 620.0 1022.0 751.0 877.0 740.0 Box 0
865.0 615.0 763.0 629.0 750.0 527.0 852.0 514.0 Box 0
964.0 476.0 886.0 511.0 853.0 438.0 931.0 403.0 Box 0
1229.0 594.0 1128.0 659.0 1062.0 556.0 1163.0 491.0 Box 0
1131.0 788.0 1016.0 790.0 1013.0 676.0 1128.0 674.0 Box 0
0.0 136.0 89.0 136.0 89.0 329.0 0.0 329.0 Box 0
