239.0 304.0 126.0 362.0 70.0 255.0 183.0 196.0 Box 0
369.0 389.0 226.0 505.0 145.0 405.0 289.0 289.0 Box 0
301.0 594.0 565.0 725.0 478.0 902.0 213.0 771.0 Box 0
740.0 364.0 566.0 410.0 524.0 253.0 698.0 207.0 Box 0
803.0 497.0 996.0 613.0 923.0 735.0 730.0 619.0 Box 0
925.0 101.0 1031.0 136.0 976.0 302.0 870.0 267.0 Box 0
1236.0 432.0 984.0 440.0 973.0 65.0 1225.0 58.0 Box 0
1005.0 445.0 1206.0 512.0 1118.0 775.0 918.0 708.0 Box 0
0.0 488.0 160.0 488.0 160.0 859.0 0.0 859.0 Box 0
1173.0 463.0 1279.0 463.0 1279.0 611.0 1173.0 611.0 Box 0
1215.0 678.0 1278.0 678.0 1278.0 844.0 1215.0 844.0 Box 0
