129.0 115.0 237.0 148.0 183.0 320.0 76.0 287.0 Box 0
221.0 72.0 462.0 79.0 451.0 443.0 210.0 436.0 Box 0
599.0 162.0 550.0 278.0 436.0 229.0 485.0 114.0 Box 0
833.0 306.0 660.0 380.0 586.0 204.0 759.0 131.0 Box 0
974.0 373.0 851.0 424.0 781.0 255.0 905.0 204.0 Box 0
1115.0 226.0 1018.0 306.0 936.0 207.0 1033.0 127.0 Box 0
540.0 577.0 422.0 629.0 372.0 514.0 490.0 462.0 Box 0
248.0 434.0 434.0 561.0 270.0 799.0 85.0 673.0 Box 0
876.0 489.0 750.0 511.0 728.0 384.0 854.0 362.0 Box 0
979.0 612.0 871.0 625.0 859.0 527.0 967.0 514.0 Box 0
1081.0 480.0 1001.0 514.0 967.0 435.0 1048.0 401.0 Box 0
1279.0 180.0 1170.0 292.0 1084.0 208.0 1193.0 96.0 Box 0
677.0 838.0 458.0 860.0 441.0 698.0 661.0 676.0 Box 0
960.0 860.0 678.0 871.0 670.0 674.0 952.0 662.0 Box 0
1005.0 604.0 1150.0 612.0 1143.0 747.0 999.0 740.0 Box 0
1246.0 783.0 1130.0 788.0 1125.0 679.0 1242.0 674.0 Box 0
1.0 528.0 140.0 528.0 140.0 752.0 1.0 752.0 Box 0
1160.0 232.0 1278.0 232.0 1278.0 398.0 1160.0 398.0 Box 0
1149.0 487.0 1279.0 487.0 1279.0 656.0 1149.0 656.0 Box 0
