709.0 230.0 611.0 308.0 530.0 206.0 628.0 128.0 Box 0
476.0 492.0 351.0 514.0 330.0 390.0 455.0 368.0 Box 0
605.0 618.0 502.0 632.0 488.0 532.0 591.0 518.0 Box 0
713.0 479.0 635.0 515.0 600.0 439.0 679.0 403.0 Box 0
553.0 870.0 264.0 879.0 258.0 679.0 547.0 671.0 Box 0
261.0 843.0 54.0 849.0 49.0 692.0 256.0 686.0 Box 0
453.0 304.0 275.0 391.0 179.0 197.0 356.0 110.0 Box 0
176.0 186.0 119.0 303.0 1.0 247.0 58.0 129.0 Box 0
609.0 376.0 483.0 430.0 411.0 258.0 537.0 205.0 Box 0
906.0 165.0 782.0 293.0 690.0 204.0 814.0 76.0 Box 0
973.0 334.0 856.0 386.0 804.0 271.0 922.0 219.0 Box 0
966.0 598.0 856.0 664.0 791.0 555.0 901.0 489.0 Box 0
630.0 613.0 760.0 619.0 754.0 754.0 625.0 749.0 Box 0
875.0 793.0 757.0 795.0 755.0 675.0 873.0 673.0 Box 0
1062.0 513.0 1273.0 525.0 1261.0 724.0 1050.0 711.0 Box 0
1187.0 865.0 1067.0 868.0 1065.0 770.0 1185.0 767.0 Box 0
1189.0 328.0 1101.0 419.0 1014.0 333.0 1101.0 243.0 Box 0
1037.0 42.0 1278.0 42.0 1278.0 277.0 1037.0 277.0 Box 0
3.0 464.0 139.0 464.0 139.0 624.0 3.0 624.0 Box 0
