360.0 99.0 467.0 132.0 415.0 303.0 308.0 270.0 Box 0
149.0 498.0 358.0 612.0 287.0 744.0 77.0 629.0 Box 0
444.0 443.0 632.0 534.0 509.0 790.0 320.0 699.0 Box 0
768.0 574.0 652.0 625.0 602.0 511.0 719.0 460.0 Box 0
664.0 433.0 432.0 442.0 417.0 68.0 649.0 59.0 Box 0
705.0 116.0 823.0 166.0 775.0 280.0 656.0 230.0 Box 0
1043.0 307.0 864.0 372.0 797.0 189.0 976.0 124.0 Box 0
1094.0 487.0 968.0 509.0 947.0 384.0 1073.0 363.0 Box 0
898.0 833.0 679.0 855.0 663.0 696.0 882.0 674.0 Box 0
1188.0 854.0 905.0 865.0 898.0 674.0 1181.0 663.0 Box 0
1176.0 375.0 1054.0 425.0 984.0 255.0 1106.0 205.0 Box 0
1278.0 273.0 1236.0 306.0 1160.0 208.0 1202.0 176.0 Box 0
1279.0 473.0 1206.0 512.0 1167.0 440.0 1239.0 401.0 Box 0
1188.0 616.0 1082.0 628.0 1070.0 528.0 1176.0 515.0 Box 0
1198.0 608.0 1279.0 609.0 1276.0 742.0 1195.0 740.0 Box 0
0.0 227.0 121.0 227.0 121.0 420.0 0.0 420.0 Box 0
