265.0 396.0 122.0 510.0 41.0 408.0 184.0 294.0 Box 0
137.0 309.0 55.0 351.0 0.0 244.0 83.0 202.0 Box 0
648.0 358.0 477.0 406.0 434.0 252.0 606.0 205.0 Box 0
204.0 593.0 468.0 720.0 380.0 903.0 116.0 776.0 Box 0
709.0 494.0 907.0 616.0 832.0 738.0 634.0 617.0 Box 0
849.0 100.0 954.0 136.0 896.0 306.0 790.0 270.0 Box 0
1150.0 433.0 910.0 440.0 899.0 61.0 1139.0 54.0 Box 0
920.0 443.0 1121.0 503.0 1040.0 774.0 839.0 715.0 Box 0
1279.0 571.0 1162.0 620.0 1115.0 508.0 1232.0 459.0 Box 0
1278.0 836.0 1178.0 846.0 1162.0 691.0 1263.0 681.0 Box 0
1219.0 116.0 1279.0 141.0 1231.0 254.0 1171.0 229.0 Box 0
