35.0 55.0 90.0 58.0 88.0 103.0 33.0 100.0 Box 0
180.0 112.0 123.0 117.0 118.0 64.0 175.0 58.0 Box 0
197.0 38.0 258.0 41.0 255.0 98.0 194.0 95.0 Box 0
408.0 107.0 302.0 126.0 289.0 53.0 395.0 34.0 Box 0
318.0 171.0 273.0 201.0 241.0 155.0 286.0 124.0 Box 0
136.0 206.0 75.0 226.0 57.0 172.0 117.0 151.0 Box 0
29.0 256.0 70.0 256.0 70.0 318.0 29.0 318.0 Box 0
85.0 323.0 131.0 356.0 94.0 407.0 48.0 374.0 Box 0
226.0 394.0 168.0 404.0 157.0 343.0 216.0 333.0 Box 0
223.0 283.0 163.0 292.0 154.0 233.0 214.0 224.0 Box 0
241.0 241.0 299.0 259.0 281.0 316.0 223.0 297.0 Box 0
434.0 290.0 389.0 332.0 347.0 288.0 392.0 245.0 Box 0
286.0 352.0 322.0 402.0 276.0 435.0 240.0 385.0 Box 0
492.0 162.0 444.0 198.0 408.0 150.0 456.0 114.0 Box 0
28.0 344.0 66.0 344.0 66.0 408.0 28.0 408.0 Box 0
28.0 132.0 60.0 132.0 60.0 203.0 28.0 203.0 Box 0
