343.0 392.0 284.0 402.0 274.0 343.0 332.0 332.0 Box 0
212.0 325.0 257.0 356.0 221.0 408.0 176.0 376.0 Box 0
136.0 351.0 181.0 364.0 165.0 419.0 120.0 405.0 Box 0
548.0 289.0 504.0 331.0 462.0 288.0 506.0 245.0 Box 0
353.0 242.0 413.0 260.0 397.0 314.0 337.0 296.0 Box 0
336.0 284.0 277.0 291.0 269.0 231.0 328.0 223.0 Box 0
181.0 323.0 119.0 324.0 117.0 263.0 179.0 261.0 Box 0
28.0 250.0 99.0 250.0 99.0 379.0 28.0 379.0 Box 0
46.0 117.0 99.0 132.0 81.0 196.0 28.0 181.0 Box 0
180.0 178.0 121.0 197.0 103.0 141.0 162.0 123.0 Box 0
261.0 203.0 201.0 224.0 181.0 169.0 241.0 147.0 Box 0
426.0 171.0 380.0 203.0 347.0 156.0 393.0 124.0 Box 0
607.0 163.0 559.0 199.0 522.0 150.0 570.0 114.0 Box 0
518.0 106.0 412.0 125.0 399.0 52.0 505.0 33.0 Box 0
311.0 37.0 373.0 42.0 368.0 100.0 307.0 95.0 Box 0
291.0 110.0 233.0 114.0 229.0 62.0 287.0 57.0 Box 0
157.0 40.0 214.0 49.0 207.0 93.0 150.0 84.0 Box 0
437.0 400.0 389.0 434.0 354.0 385.0 402.0 351.0 Box 0
