463.0 401.0 415.0 435.0 379.0 384.0 427.0 350.0 Box 0
366.0 393.0 308.0 403.0 297.0 342.0 355.0 331.0 Box 0
234.0 325.0 279.0 355.0 245.0 408.0 199.0 378.0 Box 0
160.0 352.0 205.0 364.0 190.0 421.0 145.0 409.0 Box 0
377.0 239.0 437.0 257.0 420.0 314.0 360.0 296.0 Box 0
573.0 289.0 529.0 332.0 485.0 288.0 529.0 244.0 Box 0
360.0 282.0 301.0 290.0 293.0 230.0 352.0 222.0 Box 0
210.0 323.0 144.0 325.0 142.0 264.0 208.0 262.0 Box 0
46.0 107.0 125.0 130.0 107.0 193.0 28.0 171.0 Box 0
206.0 178.0 146.0 194.0 132.0 140.0 192.0 125.0 Box 0
284.0 203.0 225.0 224.0 205.0 167.0 264.0 146.0 Box 0
448.0 172.0 405.0 202.0 372.0 154.0 415.0 124.0 Box 0
631.0 162.0 583.0 198.0 546.0 148.0 593.0 112.0 Box 0
542.0 105.0 436.0 127.0 421.0 54.0 527.0 32.0 Box 0
335.0 38.0 395.0 42.0 391.0 98.0 331.0 93.0 Box 0
314.0 109.0 257.0 114.0 252.0 60.0 309.0 54.0 Box 0
180.0 39.0 239.0 48.0 232.0 93.0 174.0 84.0 Box 0
72.0 242.0 128.0 262.0 84.0 389.0 28.0 370.0 Box 0
