413.0 391.0 352.0 401.0 342.0 341.0 403.0 330.0 Box 0
27.0 135.0 74.0 135.0 74.0 220.0 27.0 220.0 Box 0
576.0 243.0 621.0 289.0 575.0 333.0 531.0 287.0 Box 0
510.0 400.0 461.0 436.0 425.0 386.0 474.0 350.0 Box 0
429.0 240.0 487.0 259.0 469.0 314.0 411.0 295.0 Box 0
283.0 326.0 329.0 356.0 294.0 409.0 248.0 378.0 Box 0
407.0 283.0 349.0 291.0 340.0 231.0 398.0 222.0 Box 0
206.0 354.0 251.0 364.0 238.0 419.0 193.0 409.0 Box 0
258.0 322.0 194.0 325.0 191.0 264.0 255.0 260.0 Box 0
74.0 224.0 182.0 265.0 134.0 392.0 26.0 351.0 Box 0
574.0 119.0 634.0 119.0 634.0 199.0 574.0 199.0 Box 0
494.0 169.0 450.0 202.0 416.0 156.0 460.0 123.0 Box 0
331.0 203.0 272.0 223.0 252.0 166.0 311.0 146.0 Box 0
254.0 180.0 192.0 193.0 179.0 136.0 241.0 123.0 Box 0
91.0 102.0 176.0 129.0 157.0 192.0 72.0 165.0 Box 0
587.0 105.0 484.0 126.0 469.0 54.0 572.0 33.0 Box 0
380.0 36.0 442.0 40.0 438.0 99.0 376.0 94.0 Box 0
359.0 110.0 300.0 114.0 296.0 60.0 355.0 55.0 Box 0
225.0 39.0 283.0 46.0 277.0 92.0 219.0 84.0 Box 0
