528.0 401.0 480.0 435.0 445.0 385.0 493.0 351.0 Box 0
432.0 392.0 374.0 403.0 363.0 341.0 421.0 330.0 Box 0
300.0 326.0 347.0 356.0 315.0 407.0 267.0 376.0 Box 0
222.0 353.0 269.0 363.0 257.0 418.0 211.0 408.0 Box 0
90.0 227.0 200.0 269.0 154.0 392.0 44.0 351.0 Box 0
274.0 323.0 213.0 326.0 209.0 265.0 270.0 261.0 Box 0
595.0 244.0 637.0 289.0 593.0 331.0 551.0 286.0 Box 0
590.0 129.0 634.0 129.0 634.0 203.0 590.0 203.0 Box 0
446.0 239.0 504.0 257.0 487.0 313.0 429.0 295.0 Box 0
509.0 169.0 464.0 201.0 432.0 155.0 477.0 123.0 Box 0
427.0 281.0 370.0 291.0 359.0 232.0 416.0 222.0 Box 0
348.0 202.0 289.0 222.0 270.0 166.0 329.0 146.0 Box 0
272.0 178.0 213.0 192.0 199.0 137.0 259.0 123.0 Box 0
111.0 101.0 195.0 127.0 176.0 190.0 92.0 164.0 Box 0
606.0 106.0 500.0 126.0 486.0 53.0 592.0 32.0 Box 0
400.0 36.0 462.0 41.0 458.0 98.0 396.0 93.0 Box 0
377.0 110.0 319.0 114.0 315.0 59.0 373.0 55.0 Box 0
246.0 39.0 301.0 47.0 295.0 92.0 240.0 84.0 Box 0
28.0 126.0 99.0 126.0 99.0 228.0 28.0 228.0 Box 0
