383.0 325.0 430.0 357.0 394.0 409.0 348.0 377.0 Box 0
305.0 353.0 348.0 362.0 337.0 416.0 295.0 407.0 Box 0
613.0 401.0 564.0 435.0 528.0 384.0 577.0 349.0 Box 0
516.0 389.0 456.0 400.0 445.0 342.0 505.0 330.0 Box 0
530.0 239.0 589.0 257.0 572.0 312.0 513.0 293.0 Box 0
509.0 282.0 450.0 289.0 443.0 230.0 501.0 222.0 Box 0
174.0 232.0 287.0 269.0 246.0 391.0 134.0 354.0 Box 0
359.0 321.0 296.0 324.0 292.0 263.0 355.0 260.0 Box 0
589.0 169.0 545.0 201.0 512.0 156.0 555.0 123.0 Box 0
433.0 202.0 373.0 222.0 354.0 166.0 414.0 145.0 Box 0
356.0 178.0 295.0 193.0 281.0 136.0 342.0 121.0 Box 0
196.0 96.0 279.0 128.0 256.0 189.0 173.0 157.0 Box 0
86.0 104.0 195.0 149.0 160.0 234.0 51.0 190.0 Box 0
636.0 116.0 580.0 125.0 568.0 51.0 624.0 42.0 Box 0
484.0 37.0 544.0 41.0 541.0 98.0 480.0 94.0 Box 0
455.0 109.0 397.0 114.0 393.0 59.0 450.0 54.0 Box 0
324.0 40.0 383.0 48.0 377.0 92.0 318.0 84.0 Box 0
