539.0 390.0 481.0 401.0 469.0 341.0 527.0 329.0 Box 0
634.0 398.0 588.0 433.0 552.0 386.0 598.0 350.0 Box 0
406.0 326.0 454.0 358.0 420.0 408.0 373.0 377.0 Box 0
329.0 353.0 374.0 363.0 362.0 419.0 317.0 409.0 Box 0
552.0 239.0 610.0 257.0 593.0 312.0 535.0 294.0 Box 0
533.0 280.0 475.0 288.0 467.0 231.0 525.0 223.0 Box 0
382.0 322.0 320.0 325.0 317.0 263.0 379.0 260.0 Box 0
199.0 226.0 311.0 266.0 266.0 392.0 155.0 353.0 Box 0
113.0 103.0 222.0 147.0 188.0 233.0 79.0 189.0 Box 0
218.0 97.0 299.0 126.0 277.0 187.0 196.0 158.0 Box 0
380.0 177.0 322.0 192.0 307.0 137.0 365.0 121.0 Box 0
456.0 203.0 397.0 223.0 378.0 165.0 436.0 145.0 Box 0
612.0 169.0 568.0 201.0 534.0 155.0 578.0 122.0 Box 0
633.0 120.0 602.0 124.0 592.0 53.0 623.0 48.0 Box 0
508.0 36.0 568.0 40.0 565.0 97.0 504.0 93.0 Box 0
478.0 109.0 420.0 113.0 416.0 59.0 474.0 54.0 Box 0
348.0 39.0 405.0 47.0 398.0 92.0 341.0 84.0 Box 0
