245.0 95.0 330.0 126.0 307.0 188.0 223.0 157.0 Box 0
140.0 100.0 253.0 143.0 220.0 230.0 107.0 186.0 Box 0
224.0 229.0 338.0 270.0 296.0 389.0 182.0 349.0 Box 0
414.0 320.0 352.0 325.0 347.0 263.0 409.0 258.0 Box 0
582.0 237.0 638.0 256.0 619.0 313.0 564.0 294.0 Box 0
569.0 391.0 511.0 401.0 500.0 341.0 558.0 330.0 Box 0
440.0 325.0 486.0 355.0 452.0 407.0 406.0 377.0 Box 0
358.0 351.0 402.0 361.0 390.0 416.0 345.0 406.0 Box 0
564.0 282.0 505.0 290.0 496.0 230.0 556.0 222.0 Box 0
538.0 37.0 598.0 40.0 595.0 98.0 535.0 95.0 Box 0
506.0 109.0 450.0 114.0 446.0 60.0 501.0 55.0 Box 0
487.0 203.0 428.0 222.0 409.0 165.0 468.0 145.0 Box 0
410.0 177.0 350.0 192.0 335.0 136.0 396.0 121.0 Box 0
378.0 38.0 435.0 47.0 428.0 92.0 371.0 83.0 Box 0
639.0 169.0 596.0 201.0 562.0 154.0 605.0 123.0 Box 0
636.0 422.0 618.0 435.0 581.0 386.0 599.0 372.0 Box 0
611.0 44.0 634.0 44.0 634.0 130.0 611.0 130.0 Box 0
