550.0 391.0 493.0 401.0 482.0 340.0 539.0 330.0 Box 0
623.0 168.0 579.0 200.0 545.0 154.0 590.0 122.0 Box 0
635.0 407.0 599.0 433.0 564.0 384.0 601.0 358.0 Box 0
468.0 201.0 409.0 220.0 390.0 164.0 449.0 145.0 Box 0
391.0 175.0 334.0 192.0 318.0 137.0 375.0 120.0 Box 0
419.0 325.0 467.0 357.0 432.0 409.0 385.0 377.0 Box 0
565.0 238.0 622.0 257.0 604.0 313.0 546.0 294.0 Box 0
546.0 281.0 488.0 289.0 480.0 230.0 539.0 222.0 Box 0
340.0 352.0 384.0 362.0 372.0 418.0 328.0 408.0 Box 0
392.0 323.0 333.0 326.0 329.0 264.0 388.0 261.0 Box 0
212.0 230.0 320.0 270.0 276.0 390.0 168.0 351.0 Box 0
123.0 102.0 236.0 146.0 203.0 232.0 90.0 188.0 Box 0
229.0 96.0 311.0 127.0 289.0 187.0 206.0 156.0 Box 0
635.0 124.0 599.0 125.0 595.0 49.0 632.0 48.0 Box 0
361.0 39.0 416.0 47.0 410.0 90.0 354.0 81.0 Box 0
519.0 35.0 580.0 40.0 575.0 97.0 515.0 92.0 Box 0
488.0 110.0 432.0 114.0 428.0 59.0 484.0 55.0 Box 0
