503.0 352.0 551.0 363.0 538.0 417.0 490.0 405.0 Box 0
563.0 320.0 502.0 325.0 496.0 264.0 558.0 259.0 Box 0
637.0 109.0 590.0 115.0 584.0 62.0 632.0 57.0 Box 0
636.0 201.0 575.0 221.0 558.0 166.0 618.0 147.0 Box 0
559.0 177.0 500.0 191.0 486.0 135.0 545.0 121.0 Box 0
372.0 226.0 485.0 268.0 442.0 386.0 329.0 345.0 Box 0
383.0 95.0 467.0 126.0 444.0 188.0 360.0 157.0 Box 0
285.0 99.0 398.0 145.0 365.0 228.0 252.0 183.0 Box 0
520.0 36.0 581.0 46.0 574.0 90.0 514.0 80.0 Box 0
587.0 324.0 635.0 356.0 601.0 407.0 554.0 375.0 Box 0
