480.0 352.0 527.0 362.0 515.0 417.0 468.0 406.0 Box 0
598.0 227.0 634.0 227.0 634.0 287.0 598.0 287.0 Box 0
624.0 109.0 569.0 114.0 563.0 59.0 618.0 53.0 Box 0
612.0 202.0 553.0 222.0 533.0 165.0 593.0 145.0 Box 0
538.0 320.0 477.0 324.0 473.0 263.0 534.0 259.0 Box 0
349.0 227.0 459.0 265.0 418.0 386.0 308.0 348.0 Box 0
536.0 177.0 476.0 192.0 462.0 136.0 522.0 121.0 Box 0
360.0 95.0 445.0 127.0 422.0 188.0 337.0 156.0 Box 0
263.0 102.0 378.0 147.0 346.0 229.0 231.0 184.0 Box 0
498.0 39.0 556.0 48.0 550.0 92.0 491.0 83.0 Box 0
612.0 355.0 578.0 407.0 531.0 377.0 565.0 324.0 Box 0
604.0 326.0 635.0 326.0 635.0 396.0 604.0 396.0 Box 0
