0 0.331575 0.228957 0.223214 0.267289
0 0.472403 0.116335 0.082792 0.177192
0 0.555195 0.105073 0.087662 0.172687
0 0.642045 0.126096 0.095779 0.175690
0 0.648133 0.300284 0.104708 0.157670
0 0.534903 0.278511 0.099026 0.195211
0 0.581575 0.422666 0.098214 0.192208
0 0.672890 0.566071 0.167208 0.325852
0 0.472403 0.458705 0.079545 0.168182
0 0.340909 0.495495 0.131494 0.220739
0 0.438312 0.657670 0.116883 0.253774
0 0.341721 0.778551 0.198052 0.384416
0 0.453734 0.879911 0.077922 0.154667
0 0.558847 0.851380 0.129058 0.202719
0 0.672078 0.825852 0.105519 0.220739