0 0.430601 0.231960 0.216721 0.258279
0 0.568994 0.119338 0.082792 0.177192
0 0.656656 0.105824 0.087662 0.162175
0 0.716315 0.123843 0.075487 0.177192
0 0.727273 0.300284 0.076299 0.148661
0 0.629464 0.283015 0.116071 0.195211
0 0.671672 0.423417 0.106331 0.190706
0 0.567776 0.461709 0.077110 0.156169
0 0.433036 0.496246 0.112825 0.228247
0 0.536526 0.633644 0.120130 0.250771
0 0.648133 0.616376 0.142045 0.234253
0 0.769075 0.566071 0.179383 0.340869
0 0.767857 0.825852 0.103896 0.229748
0 0.651786 0.857386 0.142857 0.211729
0 0.550325 0.873904 0.081169 0.154667
0 0.437094 0.776299 0.202110 0.373904