0 0.394481 0.233462 0.219156 0.267289
0 0.533279 0.118588 0.081169 0.178693
0 0.616071 0.106575 0.086039 0.157670
0 0.685065 0.128348 0.076299 0.174188
0 0.591315 0.278511 0.107955 0.189205
0 0.687500 0.302537 0.069805 0.150162
0 0.394886 0.496246 0.117695 0.222240
0 0.536526 0.472220 0.090909 0.201218
0 0.642451 0.427171 0.106331 0.186201
0 0.726867 0.571327 0.177760 0.306331
0 0.612419 0.618628 0.145292 0.232752
0 0.495130 0.655418 0.116883 0.246266
0 0.400162 0.784558 0.196429 0.369399
0 0.511364 0.875406 0.076299 0.154667
0 0.614448 0.857386 0.141234 0.211729
0 0.728084 0.828856 0.108766 0.223742