0 0.690034 0.229687 0.194257 0.268750
0 0.814189 0.115625 0.091216 0.178125
0 0.904561 0.104688 0.082770 0.175000
0 0.966216 0.129688 0.057432 0.175000
0 0.875000 0.273438 0.114865 0.181250
0 0.967905 0.301563 0.057432 0.156250
0 0.695101 0.492188 0.113176 0.225000
0 0.695101 0.775000 0.177365 0.359375
0 0.800676 0.867188 0.081081 0.150000
0 0.785473 0.635938 0.118243 0.262500
0 0.815034 0.451562 0.092905 0.162500
0 0.922297 0.423438 0.114865 0.187500
0 0.962838 0.546875 0.067568 0.303125
0 0.897804 0.606250 0.153716 0.215625
0 0.899493 0.840625 0.130068 0.209375
0 0.979730 0.820313 0.033784 0.218750