0 0.708615 0.234375 0.190878 0.271875
0 0.837838 0.117188 0.094595 0.187500
0 0.922297 0.101563 0.094595 0.156250
0 0.976351 0.129688 0.043919 0.175000
0 0.893581 0.279687 0.114865 0.187500
0 0.834459 0.456250 0.081081 0.159375
0 0.706926 0.492188 0.106419 0.212500
0 0.798986 0.653125 0.118243 0.246875
0 0.711993 0.790625 0.177365 0.346875
0 0.819257 0.868750 0.081081 0.140625
0 0.917230 0.610938 0.148649 0.225000
0 0.938345 0.417187 0.113176 0.187500
0 0.978041 0.300000 0.040541 0.153125
0 0.973818 0.548438 0.052364 0.212500