0 0.351055 0.236465 0.218344 0.285308
0 0.491883 0.117837 0.086039 0.180195
0 0.574269 0.105073 0.088474 0.157670
0 0.659903 0.130601 0.100649 0.187703
0 0.667614 0.303287 0.103084 0.157670
0 0.551136 0.280012 0.105519 0.189205
0 0.599432 0.427922 0.109578 0.193709
0 0.693182 0.563068 0.167208 0.334862
0 0.492289 0.448945 0.078734 0.166680
0 0.360795 0.494744 0.127435 0.222240
0 0.455763 0.658421 0.117695 0.264286
0 0.362013 0.780053 0.201299 0.387419
0 0.474432 0.879160 0.077110 0.147159
0 0.576705 0.846875 0.132305 0.211729
0 0.688718 0.822098 0.104708 0.225244
0 0.574675 0.614123 0.146104 0.229748