0 0.554899 0.232813 0.211149 0.281250
0 0.721284 0.107813 0.152027 0.181250
0 0.842061 0.118750 0.089527 0.178125
0 0.849662 0.301563 0.097973 0.162500
0 0.735642 0.282813 0.092905 0.193750
0 0.777027 0.423438 0.108108 0.200000
0 0.886824 0.560937 0.189189 0.325000
0 0.682432 0.457813 0.081081 0.143750
0 0.560811 0.498437 0.121622 0.225000
0 0.560811 0.776563 0.195946 0.381250
0 0.666385 0.639062 0.119932 0.256250
0 0.766047 0.614062 0.143581 0.231250
0 0.673142 0.876563 0.079392 0.156250
0 0.767736 0.842187 0.109797 0.200000
0 0.881757 0.831250 0.121622 0.209375