0 0.400974 0.229708 0.219156 0.256778
0 0.545049 0.117086 0.083604 0.178693
0 0.626218 0.107325 0.086851 0.162175
0 0.692776 0.126847 0.067370 0.165179
0 0.698458 0.303287 0.080357 0.148661
0 0.599026 0.278511 0.108766 0.195211
0 0.646510 0.426420 0.116071 0.184700
0 0.541396 0.466213 0.081169 0.174188
0 0.406656 0.494744 0.118506 0.216234
0 0.508523 0.650913 0.116071 0.267289
0 0.622971 0.617127 0.151786 0.235755
0 0.739042 0.568324 0.177760 0.330357
0 0.408279 0.779302 0.199675 0.379911
0 0.521510 0.876157 0.078734 0.150162
0 0.619724 0.854383 0.145292 0.205722
0 0.741883 0.828105 0.100649 0.225244