0 0.238176 0.131250 0.091216 0.153125
0 0.144426 0.123438 0.089527 0.137500
0 0.062500 0.134375 0.084459 0.146875
0 0.126689 0.276562 0.118243 0.193750
0 0.247466 0.301563 0.089527 0.156250
0 0.043074 0.262500 0.082770 0.221875
0 0.175676 0.431250 0.108108 0.190625
0 0.290541 0.573438 0.179054 0.325000
0 0.293074 0.843750 0.123311 0.209375
0 0.162162 0.868750 0.128378 0.190625
0 0.162162 0.635938 0.148649 0.212500
0 0.089527 0.476563 0.084459 0.181250
0 0.054054 0.664063 0.108108 0.206250
0 0.028716 0.782813 0.057432 0.231250
0 0.062500 0.878125 0.067568 0.146875