0 0.120777 0.248438 0.238176 0.275000
0 0.237331 0.137500 0.079392 0.128125
0 0.325169 0.110937 0.089527 0.175000
0 0.415541 0.123438 0.081081 0.175000
0 0.429899 0.300000 0.089527 0.159375
0 0.300676 0.279687 0.104730 0.200000
0 0.353041 0.431250 0.104730 0.190625
0 0.332770 0.628125 0.152027 0.234375
0 0.470439 0.560937 0.187500 0.331250
0 0.249155 0.456250 0.079392 0.153125
0 0.130912 0.507813 0.126689 0.218750
0 0.117399 0.781250 0.201014 0.365625
0 0.211149 0.650000 0.125000 0.259375
0 0.231419 0.884375 0.081081 0.159375
0 0.338682 0.857812 0.133446 0.193750
0 0.462838 0.843750 0.118243 0.215625