0 0.408784 0.303125 0.087838 0.146875
0 0.393581 0.123438 0.091216 0.168750
0 0.302365 0.107813 0.091216 0.175000
0 0.221284 0.131250 0.084459 0.146875
0 0.110642 0.251563 0.221284 0.268750
0 0.281250 0.278125 0.106419 0.203125
0 0.332770 0.431250 0.097973 0.184375
0 0.445101 0.567187 0.180743 0.325000
0 0.231419 0.464062 0.084459 0.156250
0 0.110642 0.504687 0.126689 0.218750
0 0.103041 0.775000 0.192568 0.365625
0 0.191723 0.646875 0.119932 0.253125
0 0.314189 0.625000 0.148649 0.234375
0 0.316723 0.856250 0.126689 0.203125
0 0.209459 0.884375 0.081081 0.153125
0 0.444257 0.842187 0.118243 0.212500