0 0.335304 0.125000 0.086149 0.171875
0 0.242399 0.121875 0.092905 0.140625
0 0.161318 0.137500 0.086149 0.146875
0 0.083615 0.254688 0.163851 0.250000
0 0.222973 0.278125 0.108108 0.190625
0 0.346284 0.301563 0.084459 0.156250
0 0.271115 0.426563 0.099662 0.181250
0 0.173986 0.451562 0.084459 0.156250
0 0.061655 0.500000 0.106419 0.203125
0 0.074324 0.767188 0.148648 0.375000
0 0.138514 0.648438 0.111486 0.243750
0 0.258446 0.632813 0.152027 0.218750
0 0.391892 0.573438 0.182432 0.325000
0 0.392736 0.845313 0.119932 0.206250
0 0.255912 0.856250 0.136824 0.203125
0 0.156250 0.882813 0.079392 0.143750