0 0.478885 0.123438 0.089527 0.175000
0 0.383446 0.110937 0.084459 0.175000
0 0.298986 0.114062 0.084459 0.181250
0 0.169764 0.239063 0.234797 0.268750
0 0.363176 0.279687 0.101351 0.187500
0 0.491554 0.301563 0.084459 0.156250
0 0.413851 0.423438 0.097973 0.187500
0 0.311655 0.467187 0.076014 0.162500
0 0.177365 0.501563 0.125000 0.212500
0 0.170608 0.781250 0.206081 0.390625
0 0.295608 0.881250 0.084459 0.146875
0 0.271959 0.650000 0.125000 0.265625
0 0.393581 0.615625 0.152027 0.221875
0 0.523649 0.570313 0.189189 0.331250
0 0.523649 0.839063 0.114865 0.218750
0 0.395270 0.848437 0.121622 0.212500