0 0.182432 0.232813 0.222973 0.268750
0 0.322635 0.117188 0.077703 0.181250
0 0.407095 0.110937 0.087838 0.181250
0 0.494932 0.120313 0.091216 0.181250
0 0.507601 0.301563 0.082770 0.150000
0 0.383446 0.273438 0.104730 0.200000
0 0.432432 0.428125 0.097973 0.190625
0 0.542230 0.568750 0.192568 0.334375
0 0.409628 0.615625 0.150338 0.221875
0 0.331081 0.464062 0.074324 0.156250
0 0.197635 0.495312 0.125000 0.218750
0 0.189189 0.781250 0.206081 0.384375
0 0.289696 0.643750 0.113176 0.253125
0 0.309966 0.882813 0.076014 0.156250
0 0.411318 0.856250 0.136824 0.209375
0 0.543919 0.845313 0.114865 0.212500