0 0.273649 0.232813 0.229730 0.256250
0 0.410473 0.112500 0.084459 0.190625
0 0.496622 0.107813 0.084459 0.168750
0 0.586149 0.128125 0.091216 0.184375
0 0.598818 0.300000 0.082770 0.153125
0 0.474662 0.279687 0.104730 0.187500
0 0.523649 0.423438 0.101351 0.187500
0 0.413007 0.457813 0.072635 0.168750
0 0.282095 0.496875 0.131757 0.228125
0 0.380068 0.654687 0.118243 0.262500
0 0.496622 0.618750 0.148649 0.240625
0 0.624155 0.564063 0.194257 0.331250
0 0.630068 0.839063 0.121622 0.206250
0 0.500845 0.853125 0.123311 0.196875
0 0.395270 0.884375 0.081081 0.146875
0 0.280405 0.781250 0.195946 0.384375