0 0.541396 0.380019 0.081169 0.136553
0 0.398133 0.130777 0.151786 0.258523
0 0.244318 0.171212 0.128247 0.185606
0 0.125000 0.155966 0.095779 0.144508
0 0.039367 0.144697 0.075487 0.177652
0 0.286932 0.397254 0.168019 0.210795
0 0.140828 0.338258 0.112825 0.153788
0 0.045049 0.360795 0.090097 0.249242
0 0.144886 0.521875 0.172890 0.269129
0 0.330357 0.651136 0.189935 0.204167
0 0.155032 0.754545 0.077922 0.132576
0 0.086445 0.715436 0.059253 0.189583
0 0.047484 0.585511 0.094968 0.253220
0 0.021916 0.741951 0.043831 0.128598