0 0.680601 0.381345 0.080357 0.139205
0 0.541396 0.130114 0.123377 0.259848
0 0.357549 0.171212 0.132305 0.201515
0 0.417208 0.397917 0.163961 0.214773
0 0.456169 0.655114 0.172078 0.198864
0 0.183442 0.139394 0.102273 0.153788
0 0.067776 0.134754 0.133929 0.181629
0 0.085227 0.355492 0.123377 0.257197
0 0.198052 0.336269 0.116883 0.149811
0 0.212662 0.520549 0.170455 0.274432
0 0.078734 0.589489 0.157468 0.253220
0 0.035308 0.406534 0.070616 0.266477
0 0.149351 0.728693 0.071429 0.192235
0 0.225649 0.758523 0.087662 0.145833
0 0.051542 0.755871 0.094968 0.129924