0 0.149175 0.121521 0.192217 0.204167
0 0.284198 0.128263 0.106132 0.152162
0 0.548349 0.165822 0.127358 0.200314
0 0.757665 0.132026 0.140330 0.264052
0 0.872052 0.378656 0.095519 0.140605
0 0.618514 0.395028 0.159198 0.211871
0 0.369104 0.339171 0.115566 0.154088
0 0.399764 0.518298 0.172170 0.281211
0 0.179835 0.347838 0.121462 0.256171
0 0.070755 0.406584 0.141509 0.288915
0 0.156840 0.597268 0.162736 0.261950
0 0.130896 0.771580 0.091981 0.129049
0 0.264741 0.740763 0.093160 0.206093
0 0.415094 0.766765 0.094340 0.157940
0 0.681014 0.651199 0.166274 0.200314