0 0.129717 0.123447 0.193396 0.192610
0 0.262382 0.131152 0.119104 0.177201
0 0.501769 0.165822 0.128538 0.200314
0 0.709906 0.129226 0.129717 0.254245
0 0.826651 0.380582 0.091981 0.140605
0 0.571344 0.396954 0.159198 0.215723
0 0.326061 0.337244 0.116745 0.150236
0 0.355542 0.522150 0.173349 0.281211
0 0.159788 0.350727 0.121462 0.250393
0 0.061910 0.406584 0.123820 0.281211
0 0.139151 0.594379 0.165094 0.248467
0 0.111439 0.767728 0.088443 0.132901
0 0.222877 0.743652 0.087264 0.196462
0 0.360259 0.766765 0.093160 0.154088
0 0.630896 0.658903 0.162736 0.200314