0 0.791274 0.150413 0.167453 0.234984
0 0.658019 0.291981 0.139151 0.221502
0 0.481132 0.186046 0.122642 0.225354
0 0.488208 0.402732 0.087264 0.142531
0 0.601415 0.552005 0.136792 0.229206
0 0.739976 0.644458 0.102594 0.156014
0 0.829599 0.505778 0.102594 0.152162
0 0.946344 0.640605 0.102594 0.194536
0 0.774764 0.791804 0.117925 0.127123
0 0.251769 0.731132 0.156840 0.182980
0 0.222877 0.382508 0.195755 0.444929
0 0.053066 0.198565 0.106132 0.184906
0 0.068986 0.519261 0.100236 0.136753
0 0.119104 0.740763 0.103774 0.136753
0 0.018868 0.727280 0.037736 0.156014