0 0.873231 0.146561 0.178066 0.234984
0 0.742335 0.291018 0.140330 0.227280
0 0.559552 0.179304 0.126179 0.231132
0 0.567217 0.397917 0.084906 0.140605
0 0.683373 0.542374 0.137972 0.217649
0 0.820755 0.640605 0.103774 0.167571
0 0.910377 0.508667 0.113208 0.154088
0 0.853774 0.795656 0.122642 0.127123
0 0.320165 0.731132 0.159198 0.190684
0 0.294222 0.391175 0.185142 0.439151
0 0.109080 0.522150 0.102594 0.134827
0 0.075472 0.188935 0.150943 0.200314
0 0.028302 0.447995 0.056604 0.209945
0 0.035377 0.729206 0.070754 0.171423
0 0.164505 0.747504 0.123821 0.146384