0 0.678066 0.146561 0.155660 0.234984
0 0.945755 0.411399 0.108490 0.256171
0 0.849646 0.637716 0.140330 0.196462
0 0.715802 0.509631 0.096698 0.148310
0 0.623821 0.643494 0.094340 0.154088
0 0.661557 0.788915 0.108491 0.132901
0 0.483491 0.542374 0.136792 0.213797
0 0.540094 0.289092 0.136792 0.215723
0 0.365566 0.187009 0.136792 0.234984
0 0.380307 0.396954 0.081368 0.138679
0 0.201061 0.734021 0.159198 0.196462
0 0.066038 0.727280 0.101415 0.140605
0 0.031250 0.508667 0.062500 0.165645
0 0.023585 0.217826 0.044811 0.157940
0 0.145637 0.378656 0.196934 0.433373