0 0.423349 0.184119 0.129717 0.225354
0 0.734080 0.150413 0.161557 0.231132
0 0.597877 0.295833 0.139151 0.217649
0 0.433373 0.400806 0.083726 0.150236
0 0.542453 0.546226 0.136792 0.221502
0 0.685731 0.640605 0.097877 0.148310
0 0.774175 0.510594 0.100236 0.157940
0 0.974646 0.414289 0.050708 0.227280
0 0.907429 0.638679 0.140330 0.206093
0 0.718750 0.788915 0.109670 0.125197
0 0.227594 0.733058 0.150943 0.179127
0 0.095519 0.739800 0.106132 0.138679
0 0.045991 0.509631 0.091981 0.132901
0 0.040684 0.205307 0.081368 0.175275
0 0.178066 0.378656 0.186321 0.429520