0 0.929245 0.131152 0.141509 0.258097
0 0.727005 0.164858 0.130896 0.198388
0 0.438679 0.144634 0.103774 0.177201
0 0.204009 0.114780 0.172170 0.190684
0 0.159788 0.406584 0.189858 0.288915
0 0.325472 0.354579 0.122642 0.246541
0 0.291863 0.601120 0.156840 0.254245
0 0.224057 0.777358 0.087264 0.132901
0 0.540684 0.340134 0.116745 0.156014
0 0.584906 0.523113 0.165094 0.286989
0 0.805425 0.396954 0.169811 0.215723
0 0.871462 0.650236 0.193396 0.202241
0 0.597877 0.767728 0.077830 0.152162
0 0.438679 0.746541 0.084906 0.194536