0 0.689269 0.147524 0.156840 0.225354
0 0.950472 0.409473 0.099056 0.252319
0 0.860849 0.640605 0.136792 0.194536
0 0.728184 0.509631 0.097877 0.152162
0 0.638561 0.639642 0.100236 0.146384
0 0.673349 0.786026 0.106132 0.130975
0 0.495873 0.547189 0.135613 0.219575
0 0.549528 0.291981 0.136792 0.221502
0 0.380307 0.187972 0.137972 0.229206
0 0.391509 0.397917 0.084906 0.140605
0 0.153892 0.371914 0.199292 0.427594
0 0.029481 0.212048 0.054245 0.154088
0 0.035377 0.507704 0.070754 0.148310
0 0.079599 0.731132 0.093160 0.144458
0 0.206958 0.737873 0.149764 0.192610