0 0.235849 0.122484 0.172170 0.213797
0 0.505307 0.146561 0.095519 0.181053
0 0.392099 0.356506 0.114387 0.242689
0 0.191627 0.409473 0.185142 0.283137
0 0.357311 0.597268 0.158019 0.261950
0 0.281840 0.785063 0.101415 0.144458
0 0.604363 0.338208 0.114387 0.156014
0 0.792453 0.166785 0.136792 0.202241
0 0.656840 0.519261 0.165094 0.283137
0 0.505896 0.743652 0.084906 0.204167
0 0.667453 0.767728 0.077830 0.152162
0 0.871462 0.393101 0.176887 0.211871
0 0.919811 0.647347 0.158019 0.192610
0 0.962264 0.146561 0.073113 0.223428