0 0.032969 0.204133 0.065938 0.264995
0 0.140118 0.193505 0.165712 0.206895
0 0.261149 0.138238 0.117994 0.133206
0 0.050321 0.390479 0.100642 0.138874
0 0.129707 0.344424 0.129273 0.154462
0 0.314506 0.290575 0.132743 0.157297
0 0.028631 0.549902 0.057262 0.174302
0 0.021690 0.727746 0.043380 0.170050
0 0.085025 0.605168 0.123200 0.162965
0 0.182631 0.511640 0.120597 0.177136
0 0.324050 0.440786 0.117126 0.117618
0 0.080253 0.735540 0.092834 0.111950
0 0.179160 0.663269 0.094569 0.126121
0 0.161808 0.770967 0.104980 0.117618
0 0.347475 0.616505 0.165712 0.196975
0 0.265921 0.783721 0.077217 0.126121
0 0.406039 0.777344 0.076349 0.124704