0 0.103982 0.200615 0.207964 0.272222
0 0.028761 0.390327 0.057522 0.128884
0 0.135693 0.387316 0.154867 0.149361
0 0.082227 0.548722 0.164454 0.183088
0 0.079646 0.728798 0.159292 0.179474
0 0.300885 0.186160 0.162242 0.192724
0 0.419617 0.135570 0.113569 0.137316
0 0.281342 0.352384 0.127581 0.149361
0 0.206121 0.607743 0.126106 0.149361
0 0.193215 0.751082 0.089971 0.122861
0 0.403761 0.521018 0.102507 0.173451
0 0.395649 0.674594 0.095133 0.138520
0 0.339233 0.781797 0.094395 0.114430
0 0.560472 0.288545 0.113569 0.161406
0 0.568215 0.440315 0.103982 0.122861
0 0.598083 0.615573 0.148968 0.193928
0 0.503319 0.784206 0.071534 0.116839
0 0.648230 0.778183 0.079646 0.124066