0 0.022616 0.194412 0.045231 0.194330
0 0.171583 0.199230 0.286136 0.281055
0 0.045723 0.444149 0.091445 0.221632
0 0.132252 0.393559 0.187807 0.139725
0 0.301377 0.399984 0.177974 0.158997
0 0.069322 0.707539 0.138643 0.256965
0 0.206981 0.555769 0.158309 0.178269
0 0.205998 0.750901 0.158309 0.183088
0 0.547689 0.182366 0.139626 0.189512
0 0.667158 0.134186 0.101278 0.131695
0 0.529990 0.351000 0.106195 0.150967
0 0.427237 0.613586 0.118977 0.162209
0 0.408063 0.755719 0.082596 0.125270
0 0.655851 0.520436 0.092429 0.175057
0 0.645034 0.677024 0.090462 0.141331
0 0.583579 0.782219 0.097345 0.117240
0 0.818092 0.288364 0.133727 0.160603
0 0.820059 0.439331 0.117994 0.122058
0 0.854966 0.612783 0.168142 0.199148
0 0.747296 0.789446 0.076696 0.118846
0 0.892822 0.779810 0.088496 0.125270