0 0.045723 0.196460 0.091445 0.197542
0 0.208702 0.197665 0.281711 0.286676
0 0.162979 0.391593 0.184366 0.134907
0 0.061947 0.444592 0.123894 0.216814
0 0.088496 0.714405 0.176991 0.260177
0 0.241888 0.561431 0.156342 0.185497
0 0.234513 0.757768 0.150442 0.178269
0 0.371681 0.394002 0.165192 0.158997
0 0.619469 0.179597 0.138643 0.192724
0 0.737463 0.135029 0.103245 0.142134
0 0.598820 0.350639 0.106195 0.149361
0 0.884218 0.286799 0.137168 0.161406
0 0.494100 0.613225 0.115044 0.163815
0 0.726401 0.520477 0.098820 0.180678
0 0.887906 0.436160 0.123894 0.118043
0 0.919617 0.614430 0.160766 0.199951
0 0.474189 0.757768 0.075221 0.125270
0 0.712389 0.677065 0.097345 0.137316
0 0.650442 0.783063 0.097345 0.108407
0 0.816372 0.787881 0.078171 0.122861
0 0.957227 0.778245 0.085546 0.127679