0 0.136185 0.187185 0.170108 0.202360
0 0.041298 0.282743 0.082596 0.120452
0 0.026549 0.163094 0.053097 0.115634
0 0.047689 0.437725 0.061947 0.167027
0 0.149951 0.448165 0.140610 0.236087
0 0.142085 0.726008 0.284169 0.290692
0 0.370698 0.197624 0.277286 0.290692
0 0.312193 0.391150 0.179941 0.131695
0 0.446903 0.563799 0.148476 0.184694
0 0.429464 0.759630 0.150963 0.191307
0 0.836804 0.179334 0.158771 0.192724
0 0.951154 0.131861 0.097692 0.134623
0 0.603418 0.394731 0.129273 0.175719
0 0.816849 0.351510 0.124067 0.157297
0 0.715773 0.610836 0.121465 0.162965
0 0.690613 0.756796 0.079820 0.126121
0 0.941176 0.520143 0.117647 0.177136
0 0.927902 0.675314 0.113656 0.147377
0 0.861964 0.782304 0.101510 0.123286