0 0.055892 0.156653 0.104021 0.119184
0 0.181261 0.183279 0.148269 0.207939
0 0.061714 0.281543 0.123428 0.128060
0 0.031051 0.436229 0.062102 0.173705
0 0.087719 0.437497 0.083838 0.166097
0 0.177767 0.447640 0.131967 0.234565
0 0.045024 0.578870 0.090048 0.111577
0 0.169617 0.735458 0.294209 0.292889
0 0.439373 0.197860 0.271697 0.287818
0 0.379211 0.391852 0.170005 0.130596
0 0.513895 0.566191 0.141282 0.182580
0 0.496041 0.757646 0.144388 0.197795
0 0.679630 0.398825 0.134296 0.164829
0 0.906692 0.178841 0.169228 0.199063
0 0.884956 0.348108 0.127309 0.157222
0 0.785204 0.609300 0.124981 0.164829
0 0.758423 0.756378 0.082285 0.129328
0 0.974305 0.516108 0.051390 0.171169
0 0.969259 0.664454 0.061481 0.125524
0 0.929980 0.781737 0.104021 0.124256