0 0.042722 0.159123 0.085444 0.129590
0 0.125114 0.143754 0.120028 0.133744
0 0.223528 0.136278 0.110365 0.142051
0 0.025175 0.398366 0.050350 0.229275
0 0.098159 0.338140 0.133252 0.233428
0 0.223273 0.270437 0.101719 0.129590
0 0.096887 0.523802 0.121554 0.132913
0 0.082138 0.716526 0.138847 0.235920
0 0.021361 0.606042 0.042722 0.172787
0 0.185637 0.431179 0.082392 0.173617
0 0.195301 0.597735 0.107822 0.114637
0 0.184111 0.754738 0.097650 0.184417
0 0.461836 0.180730 0.149336 0.201758
0 0.310964 0.454759 0.119223 0.191720
0 0.489491 0.450744 0.121067 0.235886
0 0.420354 0.739829 0.269174 0.282059
0 0.823808 0.194782 0.280851 0.292097
0 0.747296 0.391521 0.161013 0.133501
0 0.975971 0.404570 0.048058 0.123464
0 0.876659 0.566679 0.161627 0.188709
0 0.856686 0.759905 0.159784 0.197743