0 0.038512 0.157995 0.077024 0.129821
0 0.122911 0.145949 0.121272 0.137851
0 0.231891 0.137250 0.126188 0.149896
0 0.029908 0.399568 0.059816 0.227521
0 0.098738 0.337335 0.133563 0.228859
0 0.237217 0.269748 0.128646 0.131159
0 0.195428 0.435704 0.104064 0.184694
0 0.095461 0.522697 0.120452 0.125806
0 0.023353 0.607683 0.046706 0.178002
0 0.086037 0.720105 0.139299 0.242243
0 0.201164 0.600991 0.118814 0.119114
0 0.191740 0.757579 0.111439 0.180678
0 0.342101 0.453772 0.115536 0.191385
0 0.494510 0.179408 0.145034 0.202092
0 0.521960 0.449757 0.116355 0.239566
0 0.456408 0.736166 0.267126 0.277040
0 0.858899 0.194800 0.282202 0.299792
0 0.782530 0.389531 0.167158 0.129821
0 0.910357 0.566194 0.168797 0.183355
0 0.891921 0.760256 0.163061 0.199415