0 0.114501 0.168064 0.101692 0.185116
0 0.265952 0.130026 0.124825 0.152150
0 0.388915 0.130026 0.114889 0.142007
0 0.137401 0.388048 0.130415 0.234565
0 0.294985 0.329724 0.145940 0.244708
0 0.116053 0.613738 0.168452 0.196527
0 0.268592 0.529421 0.122652 0.124256
0 0.126533 0.781103 0.122652 0.133132
0 0.287222 0.730386 0.166123 0.277674
0 0.556591 0.271399 0.105574 0.125524
0 0.501863 0.445738 0.100140 0.190188
0 0.490219 0.602960 0.106350 0.116649
0 0.487890 0.760816 0.104797 0.199063
0 0.668374 0.452712 0.102469 0.191456
0 0.830228 0.171234 0.156032 0.196527
0 0.859727 0.447640 0.137401 0.242173
0 0.817032 0.736726 0.275578 0.280210
0 0.172566 0.116962 0.061947 0.139725