0 0.143155 0.170831 0.104112 0.198392
0 0.212997 0.138947 0.094569 0.160131
0 0.298022 0.119108 0.122332 0.143126
0 0.457227 0.127610 0.112788 0.143126
0 0.171352 0.391188 0.137949 0.245156
0 0.361791 0.331670 0.140552 0.245156
0 0.146625 0.617922 0.166580 0.196975
0 0.157904 0.785138 0.126670 0.140292
0 0.335329 0.532188 0.117126 0.124704
0 0.355284 0.734123 0.160507 0.279166
0 0.626410 0.272153 0.105848 0.128955
0 0.572618 0.445746 0.100642 0.189890
0 0.559171 0.603042 0.106715 0.116201
0 0.557869 0.761047 0.105848 0.199809
0 0.899271 0.172248 0.163977 0.201226
0 0.737897 0.450706 0.103245 0.194141
0 0.927295 0.448580 0.145410 0.240905
0 0.871768 0.741208 0.256464 0.279166