0 0.314189 0.764865 0.182432 0.220721
0 0.333615 0.524831 0.177365 0.209685
0 0.176520 0.239274 0.187500 0.256588
0 0.439189 0.226858 0.182432 0.275901
0 0.667230 0.553801 0.135135 0.267624
0 0.720439 0.265484 0.086149 0.137950
0 0.529561 0.113739 0.089527 0.154505
0 0.728885 0.124775 0.106419 0.182095
0 0.885135 0.264105 0.104730 0.162782
0 0.886824 0.119257 0.114865 0.176577
0 0.913007 0.522072 0.163851 0.270383
0 0.904561 0.780039 0.177365 0.217962
0 0.034628 0.450338 0.069256 0.182095
0 0.019426 0.677956 0.038851 0.240034