0 0.409628 0.773142 0.157095 0.204167
0 0.432432 0.522072 0.155405 0.198649
0 0.773649 0.555180 0.135135 0.275901
0 0.217905 0.235135 0.179054 0.248311
0 0.056588 0.459994 0.113176 0.217962
0 0.040541 0.683474 0.081081 0.256588
0 0.543919 0.222720 0.175676 0.273142
0 0.630068 0.117877 0.091216 0.168300
0 0.823480 0.268243 0.092905 0.143468
0 0.826858 0.123395 0.116554 0.173818
0 0.746622 0.366188 0.000000 0.002759
0 0.966216 0.133052 0.067568 0.148986
0 0.964527 0.271002 0.070946 0.143468
0 0.962838 0.531729 0.074324 0.240034
0 0.954392 0.773142 0.091216 0.215203