0 0.709459 0.756588 0.155405 0.220721
0 0.952703 0.712444 0.094594 0.275901
0 0.836149 0.333080 0.135135 0.206926
0 0.748311 0.538626 0.168919 0.215203
0 0.559122 0.152365 0.125000 0.198649
0 0.421453 0.356532 0.180743 0.292455
0 0.462838 0.637950 0.121622 0.148986
0 0.303209 0.777280 0.133446 0.157264
0 0.215372 0.586909 0.177365 0.201408
0 0.196791 0.150985 0.187500 0.228998
0 0.136824 0.392399 0.148649 0.231757
0 0.079392 0.526211 0.121622 0.212444
0 0.040541 0.746931 0.081081 0.146227
0 0.158784 0.782798 0.141892 0.162782