0 0.674831 0.753829 0.157095 0.215203
0 0.936655 0.740034 0.126689 0.320045
0 0.973818 0.484825 0.052364 0.173818
0 0.801520 0.335839 0.140203 0.190372
0 0.711993 0.542765 0.170608 0.223480
0 0.520270 0.145467 0.135135 0.201408
0 0.387669 0.360670 0.180743 0.284178
0 0.425676 0.640709 0.121622 0.143468
0 0.201014 0.585529 0.175676 0.198649
0 0.180743 0.153744 0.185811 0.228998
0 0.272804 0.777280 0.140203 0.157264
0 0.138514 0.781419 0.128378 0.148986
0 0.123311 0.391019 0.168919 0.240034
0 0.063345 0.523452 0.116554 0.206926
0 0.030405 0.744172 0.060810 0.146227