0 0.558277 0.799352 0.113176 0.151745
0 0.893581 0.795214 0.135135 0.148986
0 0.970439 0.591047 0.059122 0.198649
0 0.902027 0.407573 0.152027 0.234516
0 0.932432 0.149606 0.135135 0.248311
0 0.779561 0.537247 0.133446 0.201408
0 0.400338 0.753829 0.125000 0.209685
0 0.576014 0.393778 0.314189 0.438682
0 0.253378 0.137190 0.168919 0.190372
0 0.301520 0.523452 0.113176 0.162782
0 0.228885 0.766244 0.140203 0.195890
0 0.131757 0.773142 0.101351 0.148986
0 0.160473 0.624155 0.138514 0.220721
0 0.199324 0.462753 0.097973 0.151745
0 0.218750 0.338598 0.130068 0.173818
0 0.119088 0.286177 0.106419 0.146227
0 0.151182 0.128913 0.086149 0.146227
0 0.077703 0.155124 0.087838 0.126914
0 0.481419 0.290315 0.067568 0.110360