0 0.468750 0.135811 0.072635 0.115878
0 0.891892 0.533108 0.145270 0.209685
0 0.964527 0.419989 0.070946 0.187613
0 0.967905 0.791075 0.064189 0.146227
0 0.673986 0.795214 0.114865 0.154505
0 0.514358 0.752449 0.119932 0.212444
0 0.703547 0.388260 0.319257 0.455236
0 0.407939 0.523452 0.096284 0.168300
0 0.332770 0.773142 0.135135 0.198649
0 0.228885 0.644848 0.146959 0.217962
0 0.179054 0.780039 0.108108 0.146227
0 0.299831 0.466892 0.086149 0.143468
0 0.316723 0.338598 0.133446 0.146227
0 0.589527 0.282038 0.070946 0.110360
0 0.331081 0.133052 0.172297 0.209685
0 0.153716 0.130293 0.091216 0.137950
0 0.180743 0.283418 0.108108 0.151745
0 0.076014 0.250310 0.131757 0.107601
0 0.114020 0.546903 0.228040 0.491104