0 0.604730 0.804870 0.114865 0.146227
0 0.935811 0.795214 0.128378 0.148986
0 0.932432 0.408953 0.135135 0.237275
0 0.956081 0.156503 0.087838 0.223480
0 0.825169 0.533108 0.140203 0.193131
0 0.441723 0.751070 0.119932 0.209685
0 0.623311 0.395158 0.314189 0.446959
0 0.346284 0.522072 0.114865 0.160023
0 0.277027 0.138570 0.155405 0.220721
0 0.268581 0.770383 0.135135 0.193131
0 0.141892 0.778660 0.094595 0.154505
0 0.184122 0.624155 0.141892 0.220721
0 0.233953 0.464133 0.092905 0.137950
0 0.259291 0.351014 0.136824 0.160023
0 0.146115 0.291695 0.103041 0.162782
0 0.155405 0.134431 0.084459 0.140709
0 0.079392 0.150985 0.084459 0.129673
0 0.396959 0.144088 0.067568 0.137950
0 0.522804 0.277900 0.076014 0.107601