0 0.777872 0.797973 0.119932 0.148986
0 0.961149 0.522072 0.077702 0.193131
0 0.801520 0.392399 0.349662 0.452477
0 0.685811 0.275141 0.074324 0.113119
0 0.562500 0.130293 0.057432 0.099324
0 0.426520 0.137190 0.163851 0.223480
0 0.510980 0.517934 0.089527 0.151745
0 0.618243 0.756588 0.111486 0.215203
0 0.428209 0.773142 0.126689 0.204167
0 0.394426 0.464133 0.082770 0.132432
0 0.415541 0.337218 0.118243 0.148986
0 0.312500 0.644848 0.135135 0.223480
0 0.259291 0.788316 0.113176 0.173818
0 0.260980 0.284797 0.103041 0.137950
0 0.160473 0.133052 0.091216 0.132432
0 0.084459 0.155124 0.091216 0.121396
0 0.121622 0.257207 0.125000 0.110360
0 0.145270 0.552421 0.250000 0.474550
0 0.023649 0.568975 0.010135 0.000000