0 0.547297 0.771762 0.125000 0.201408
0 0.728041 0.752449 0.118243 0.223480
0 0.889358 0.799352 0.130068 0.146227
0 0.872466 0.385501 0.255068 0.455236
0 0.537162 0.128913 0.152027 0.212444
0 0.680743 0.127534 0.067568 0.104842
0 0.625000 0.520693 0.101351 0.157264
0 0.531250 0.346875 0.116554 0.157264
0 0.504223 0.465512 0.086149 0.157264
0 0.429054 0.646227 0.135135 0.231757
0 0.352196 0.795214 0.099662 0.176577
0 0.371622 0.294454 0.104730 0.168300
0 0.163851 0.128913 0.091216 0.135191
0 0.084459 0.166160 0.094595 0.154505
0 0.184966 0.258587 0.146959 0.135191
0 0.196791 0.545524 0.255068 0.493863
0 0.045608 0.512416 0.091216 0.151745
0 0.086993 0.763485 0.109797 0.129673