0 0.873311 0.807630 0.121622 0.146227
0 0.863176 0.392399 0.273648 0.441441
0 0.776182 0.272382 0.072635 0.113119
0 0.651182 0.131672 0.065878 0.118637
0 0.519426 0.135811 0.160473 0.220721
0 0.601351 0.524831 0.097973 0.165541
0 0.703547 0.749690 0.126689 0.212444
0 0.519426 0.770383 0.130068 0.198649
0 0.406250 0.647607 0.146959 0.228998
0 0.328547 0.792455 0.119932 0.171059
0 0.484797 0.462753 0.097973 0.140709
0 0.505912 0.334459 0.123311 0.154505
0 0.352196 0.288936 0.106419 0.151745
0 0.160473 0.127534 0.101351 0.137950
0 0.083615 0.157883 0.086149 0.148986
0 0.176520 0.254448 0.136824 0.143468
0 0.187500 0.549662 0.250000 0.474550