0 0.793074 0.807630 0.113176 0.146227
0 0.966216 0.520693 0.067568 0.173818
0 0.820946 0.386881 0.324324 0.452477
0 0.573480 0.131672 0.062500 0.091047
0 0.695946 0.271002 0.064189 0.110360
0 0.439189 0.133052 0.155405 0.226239
0 0.525338 0.519313 0.091216 0.154505
0 0.626689 0.757967 0.111486 0.223480
0 0.439189 0.773142 0.121622 0.198649
0 0.337838 0.647607 0.152027 0.228998
0 0.405405 0.461374 0.091216 0.143468
0 0.427365 0.337218 0.125000 0.165541
0 0.257601 0.785557 0.119932 0.179336
0 0.271115 0.284797 0.113176 0.165541
0 0.158784 0.133052 0.091216 0.137950
0 0.081926 0.148226 0.086149 0.129673
0 0.136824 0.251689 0.135135 0.110360
0 0.147804 0.535867 0.244932 0.485586