0 0.972973 0.744172 0.054054 0.190372
0 0.911318 0.520693 0.116554 0.157264
0 0.946791 0.128913 0.062500 0.113119
0 0.834459 0.131672 0.165541 0.217962
0 0.812500 0.339977 0.131757 0.160023
0 0.780405 0.465512 0.091216 0.146227
0 0.835304 0.767624 0.133446 0.220721
0 0.722973 0.648986 0.138514 0.231757
0 0.635980 0.795214 0.109797 0.165541
0 0.653716 0.283418 0.091216 0.157264
0 0.435811 0.575873 0.270270 0.493863
0 0.416385 0.253069 0.106419 0.102083
0 0.308277 0.348255 0.116554 0.148986
0 0.262669 0.447579 0.113176 0.148986
0 0.161318 0.141329 0.096284 0.165541
0 0.094595 0.179955 0.104730 0.143468
0 0.162162 0.523452 0.097973 0.157264
0 0.195946 0.621396 0.114865 0.182095
0 0.213682 0.795214 0.099662 0.121396
0 0.143581 0.769003 0.081081 0.118637
0 0.066723 0.305490 0.133446 0.157264
0 0.065034 0.448958 0.126689 0.201408
0 0.066723 0.657264 0.133446 0.248311