0 0.903716 0.773142 0.138514 0.215203
0 0.961993 0.524831 0.076014 0.182095
0 0.901182 0.127534 0.170608 0.220721
0 0.881757 0.335839 0.141892 0.157264
0 0.847973 0.462753 0.091216 0.151745
0 0.790541 0.646227 0.148649 0.237275
0 0.708615 0.792455 0.106419 0.171059
0 0.723818 0.276520 0.089527 0.148986
0 0.489020 0.254448 0.116554 0.115878
0 0.510135 0.578632 0.263514 0.504899
0 0.366554 0.341357 0.094595 0.124155
0 0.326014 0.454476 0.108108 0.140709
0 0.195946 0.526211 0.111486 0.157264
0 0.255068 0.632432 0.118243 0.160023
0 0.270270 0.795214 0.111486 0.137950
0 0.173142 0.774521 0.089527 0.129673
0 0.179054 0.123395 0.094595 0.173818
0 0.110642 0.171678 0.103041 0.137950
0 0.091216 0.297213 0.138514 0.157264
0 0.092905 0.448958 0.118243 0.228998
0 0.083615 0.654505 0.167230 0.259347