0 0.930743 0.766244 0.128378 0.217962
0 0.926520 0.122016 0.146959 0.226239
0 0.912162 0.339977 0.131757 0.154505
0 0.878378 0.462753 0.091216 0.135191
0 0.823480 0.648986 0.146959 0.226239
0 0.743243 0.792455 0.104730 0.171059
0 0.757601 0.288936 0.092905 0.129673
0 0.521115 0.251689 0.116554 0.104842
0 0.546453 0.578632 0.271959 0.499381
0 0.402872 0.345495 0.099662 0.132432
0 0.359797 0.447579 0.094595 0.132432
0 0.282095 0.632432 0.114865 0.154505
0 0.297297 0.795214 0.101351 0.137950
0 0.190878 0.780039 0.087838 0.129673
0 0.212838 0.526211 0.094595 0.162782
0 0.199324 0.126154 0.108108 0.168300
0 0.130912 0.163401 0.113176 0.148986
0 0.106419 0.298592 0.145270 0.171059
0 0.056588 0.197889 0.092905 0.157264
0 0.108108 0.448958 0.121622 0.212444
0 0.090372 0.657264 0.180743 0.259347