0 0.966216 0.144088 0.067568 0.171059
0 0.965372 0.331700 0.069256 0.143468
0 0.956081 0.458615 0.087838 0.154505
0 0.971284 0.782798 0.057432 0.173818
0 0.909628 0.643468 0.153716 0.242793
0 0.820946 0.788316 0.114865 0.173818
0 0.837838 0.286177 0.094595 0.135191
0 0.634291 0.581391 0.265203 0.504899
0 0.603885 0.254448 0.109797 0.099324
0 0.482264 0.341357 0.089527 0.135191
0 0.436655 0.446199 0.096284 0.129673
0 0.285473 0.526211 0.094595 0.157264
0 0.355574 0.633812 0.103041 0.162782
0 0.373311 0.792455 0.094595 0.137950
0 0.228885 0.800732 0.096284 0.137950
0 0.229730 0.127534 0.104730 0.165541
0 0.164696 0.153744 0.099662 0.146227
0 0.095439 0.190991 0.099662 0.148986
0 0.135135 0.298592 0.138514 0.171059
0 0.143581 0.444820 0.121622 0.209685
0 0.058277 0.444820 0.106419 0.204167
0 0.121622 0.664161 0.195946 0.245552