0 0.867399 0.785557 0.113176 0.179336
0 0.934122 0.646227 0.131756 0.237275
0 0.884291 0.283418 0.109797 0.146227
0 0.653716 0.255828 0.108108 0.113119
0 0.687500 0.584150 0.266892 0.504899
0 0.530405 0.345495 0.087838 0.137950
0 0.483953 0.448958 0.092905 0.135191
0 0.407939 0.636571 0.106419 0.162782
0 0.421453 0.795214 0.092905 0.137950
0 0.328547 0.523452 0.096284 0.151745
0 0.254223 0.133052 0.106419 0.171059
0 0.184122 0.148226 0.091216 0.157264
0 0.117399 0.188232 0.103041 0.154505
0 0.168074 0.297213 0.140203 0.162782
0 0.169764 0.443440 0.119932 0.212444
0 0.082770 0.437922 0.104730 0.190372
0 0.141047 0.668300 0.187500 0.253829
0 0.271115 0.796593 0.096284 0.146227