0 0.863176 0.578632 0.256757 0.510417
0 0.842905 0.251689 0.118243 0.110360
0 0.715372 0.345495 0.096284 0.137950
0 0.667230 0.446199 0.097973 0.129673
0 0.586149 0.633812 0.097973 0.151745
0 0.606419 0.796593 0.094595 0.129673
0 0.444257 0.797973 0.091216 0.143468
0 0.502534 0.520693 0.089527 0.157264
0 0.372466 0.122016 0.099662 0.165541
0 0.289696 0.159262 0.106419 0.168300
0 0.268581 0.311008 0.131757 0.124155
0 0.294764 0.447579 0.123311 0.226239
0 0.220439 0.684854 0.173986 0.248311
0 0.163851 0.443440 0.125000 0.195890
0 0.215372 0.188232 0.086149 0.143468
0 0.154561 0.229617 0.092905 0.126914
0 0.077703 0.237894 0.108108 0.198649
0 0.065878 0.455856 0.131756 0.281419
0 0.058277 0.680715 0.116554 0.173818