0 0.952703 0.620017 0.094594 0.317286
0 0.972128 0.246171 0.055743 0.132432
0 0.885980 0.344116 0.109797 0.135191
0 0.839527 0.447579 0.101351 0.143468
0 0.757601 0.635191 0.106419 0.154505
0 0.777872 0.797973 0.099662 0.132432
0 0.610642 0.799352 0.089527 0.146227
0 0.668919 0.522072 0.091216 0.165541
0 0.539696 0.117877 0.096284 0.173818
0 0.454392 0.150985 0.101351 0.151745
0 0.372466 0.192370 0.089527 0.135191
0 0.429899 0.308249 0.130068 0.151745
0 0.462838 0.458615 0.108108 0.209685
0 0.353041 0.677956 0.182432 0.262106
0 0.283784 0.431025 0.135135 0.204167
0 0.259291 0.218581 0.092905 0.148986
0 0.146115 0.225479 0.106419 0.201408
0 0.057432 0.203407 0.114864 0.300732
0 0.120777 0.448958 0.187500 0.284178
0 0.093750 0.695890 0.187500 0.160023