0 0.971284 0.331700 0.057432 0.143468
0 0.945946 0.448958 0.101351 0.146227
0 0.872466 0.632432 0.109797 0.165541
0 0.891892 0.793834 0.104730 0.140709
0 0.719595 0.802111 0.087838 0.135191
0 0.777872 0.523452 0.099662 0.162782
0 0.656250 0.122016 0.086149 0.165541
0 0.563345 0.150985 0.106419 0.151745
0 0.480574 0.190991 0.082770 0.154505
0 0.543074 0.306869 0.123311 0.148986
0 0.576014 0.458615 0.114865 0.220721
0 0.461149 0.690372 0.175676 0.264865
0 0.392736 0.432404 0.116554 0.195890
0 0.363176 0.222720 0.087838 0.157264
0 0.213682 0.228238 0.119932 0.212444
0 0.179899 0.450338 0.194257 0.292455
0 0.084459 0.193750 0.168918 0.325563
0 0.141892 0.708305 0.195946 0.162782
0 0.079392 0.454476 0.158784 0.339358