0 0.125845 0.186852 0.251689 0.344876
0 0.079392 0.704167 0.158784 0.275901
0 0.204392 0.712444 0.179054 0.160023
0 0.130068 0.497241 0.202703 0.259347
0 0.263514 0.435163 0.189189 0.278660
0 0.341216 0.225479 0.121622 0.212444
0 0.490709 0.213063 0.096284 0.154505
0 0.527872 0.436543 0.130068 0.215203
0 0.599662 0.686233 0.168919 0.256588
0 0.622466 0.196509 0.092905 0.160023
0 0.793074 0.122016 0.106419 0.182095
0 0.701858 0.157883 0.099662 0.165541
0 0.683277 0.312387 0.126689 0.160023
0 0.711149 0.455856 0.118243 0.215203
0 0.913007 0.527590 0.096284 0.165541
0 0.852196 0.797973 0.099662 0.154505