0 0.146959 0.185473 0.293918 0.336599
0 0.181588 0.500000 0.194257 0.242793
0 0.103041 0.706926 0.206081 0.275901
0 0.286318 0.722100 0.180743 0.162782
0 0.451858 0.226858 0.109797 0.220721
0 0.364865 0.437922 0.175676 0.278660
0 0.601351 0.211684 0.094595 0.146227
0 0.642736 0.440681 0.123311 0.206926
0 0.717905 0.684854 0.179054 0.253829
0 0.816723 0.155124 0.096284 0.176577
0 0.735642 0.193750 0.096284 0.165541
0 0.826014 0.455856 0.121622 0.215203
0 0.907095 0.127534 0.097973 0.171059
0 0.958615 0.803491 0.082770 0.148986
0 0.793074 0.312387 0.130068 0.165541