0 0.361528 0.115724 0.155035 0.157244
0 0.222394 0.147527 0.149735 0.146643
0 0.360866 0.310071 0.103357 0.136042
0 0.261484 0.286219 0.100707 0.127208
0 0.106449 0.188163 0.106007 0.136042
0 0.158790 0.325972 0.102032 0.132509
0 0.362853 0.535336 0.107332 0.137809
0 0.264134 0.512367 0.090106 0.141343
0 0.184629 0.498233 0.068905 0.123675
0 0.311837 0.696113 0.190813 0.151943
0 0.365504 0.840106 0.075530 0.121908
0 0.292624 0.829505 0.072880 0.121908
0 0.168470 0.687721 0.090621 0.129859
0 0.213118 0.817138 0.083481 0.114841
0 0.111087 0.824205 0.112633 0.136042
0 0.097173 0.516784 0.095406 0.136042
0 0.085100 0.680948 0.071849 0.136926