0 0.474823 0.104240 0.151060 0.151943
0 0.338339 0.128975 0.151060 0.155477
0 0.221069 0.171378 0.107332 0.137809
0 0.481449 0.293286 0.100707 0.134276
0 0.380742 0.272085 0.100707 0.130742
0 0.280698 0.318021 0.102032 0.141343
0 0.123012 0.159011 0.104682 0.144876
0 0.201193 0.357774 0.094081 0.132509
0 0.483436 0.528269 0.102032 0.137809
0 0.382067 0.503534 0.095406 0.130742
0 0.299912 0.496466 0.066254 0.130742
0 0.214443 0.514134 0.096731 0.141343
0 0.115724 0.535336 0.095406 0.144876
0 0.398631 0.694346 0.178887 0.148410
0 0.261484 0.686396 0.084806 0.136042
0 0.170053 0.682862 0.092756 0.136042
0 0.084585 0.684629 0.072880 0.143110
0 0.097173 0.357774 0.095406 0.139576
0 0.483436 0.853357 0.072880 0.116608
0 0.405919 0.846290 0.079505 0.116608
0 0.323101 0.827739 0.086131 0.114841
0 0.224382 0.834806 0.095406 0.128975
0 0.125000 0.825088 0.098057 0.127208