0 0.589149 0.104535 0.136926 0.141343
0 0.442285 0.112633 0.152385 0.160483
0 0.329653 0.158274 0.110424 0.142815
0 0.234688 0.153857 0.106007 0.145760
0 0.139723 0.178151 0.112633 0.144287
0 0.705094 0.261337 0.101590 0.139870
0 0.605713 0.248822 0.106007 0.138398
0 0.507987 0.297409 0.107111 0.141343
0 0.419648 0.341578 0.102694 0.132509
0 0.320819 0.343787 0.103799 0.131037
0 0.211499 0.320230 0.099382 0.131037
0 0.666998 0.530035 0.102694 0.132509
0 0.566512 0.511631 0.096069 0.133981
0 0.483142 0.493227 0.070671 0.114841
0 0.398714 0.511374 0.096897 0.131405
0 0.302231 0.526943 0.102694 0.132509
0 0.206576 0.470627 0.110148 0.130300
0 0.105952 0.462345 0.109320 0.151281
0 0.613212 0.726701 0.183028 0.164532
0 0.474492 0.706824 0.102694 0.140239
0 0.382150 0.699647 0.100210 0.136926
0 0.285253 0.700199 0.096897 0.129196
0 0.209474 0.596952 0.102694 0.139134
0 0.620252 0.877429 0.066254 0.121466
0 0.546130 0.871908 0.073708 0.117049
0 0.464554 0.856449 0.094413 0.119258
0 0.366000 0.868595 0.102694 0.132509
0 0.270760 0.849823 0.106007 0.136926
0 0.178832 0.791851 0.114289 0.199867
0 0.097256 0.691917 0.101866 0.125883