0 0.701782 0.097173 0.143551 0.132509
0 0.559335 0.103799 0.143551 0.145760
0 0.445598 0.147968 0.097173 0.157538
0 0.348425 0.128828 0.092756 0.157538
0 0.252356 0.123675 0.101590 0.138398
0 0.157391 0.175206 0.110424 0.153121
0 0.085615 0.206125 0.077297 0.159011
0 0.743191 0.253975 0.107111 0.142815
0 0.640496 0.248086 0.111528 0.148704
0 0.546084 0.302562 0.106007 0.148704
0 0.456640 0.355565 0.101590 0.133981
0 0.344008 0.340106 0.114841 0.153121
0 0.247939 0.272379 0.119258 0.156066
0 0.759202 0.541078 0.099382 0.133981
0 0.659820 0.519729 0.092756 0.126620
0 0.574242 0.507951 0.071776 0.120730
0 0.487559 0.525618 0.094965 0.129564
0 0.390386 0.532980 0.103799 0.141343
0 0.300390 0.452739 0.122571 0.145760
0 0.202665 0.421084 0.117049 0.167845
0 0.128681 0.331272 0.114841 0.161955
0 0.720001 0.731007 0.177783 0.154594
0 0.577554 0.725118 0.093860 0.128092
0 0.484798 0.728799 0.098277 0.135453
0 0.391490 0.741313 0.101590 0.136926
0 0.291556 0.579358 0.098277 0.142815
0 0.216468 0.697144 0.151281 0.178151
0 0.136410 0.594817 0.181095 0.335689
0 0.713928 0.887809 0.072880 0.126620
0 0.638840 0.883392 0.070671 0.132509
0 0.554918 0.880448 0.083922 0.117786
0 0.459953 0.897379 0.094965 0.128092
0 0.269471 0.817138 0.140239 0.212014