0 0.719853 0.099440 0.141807 0.137255
0 0.579622 0.100840 0.136555 0.128852
0 0.461450 0.123950 0.091387 0.119048
0 0.368487 0.098039 0.088235 0.131653
0 0.275000 0.093137 0.094538 0.124650
0 0.178887 0.105042 0.089286 0.131653
0 0.752416 0.252801 0.108193 0.144258
0 0.652101 0.245798 0.111345 0.147059
0 0.558613 0.307423 0.113445 0.149860
0 0.471429 0.364146 0.102941 0.140056
0 0.353782 0.324930 0.126050 0.168067
0 0.272899 0.232493 0.132353 0.168067
0 0.167332 0.246499 0.112395 0.145658
0 0.091176 0.146359 0.086134 0.172269
0 0.780777 0.541317 0.097689 0.133053
0 0.684139 0.519608 0.097689 0.131653
0 0.595903 0.503501 0.072479 0.121849
0 0.511345 0.516807 0.090336 0.126050
0 0.414706 0.535714 0.092437 0.121849
0 0.234559 0.365546 0.120798 0.165266
0 0.127941 0.362745 0.113445 0.137255
0 0.319118 0.447479 0.121849 0.147059
0 0.311765 0.579832 0.100840 0.145658
0 0.159979 0.552101 0.227941 0.330532
0 0.720903 0.726471 0.177521 0.152661
0 0.580147 0.722969 0.093487 0.120448
0 0.482983 0.727171 0.092437 0.128852
0 0.388971 0.741877 0.095588 0.133053
0 0.244013 0.686555 0.154412 0.179272
0 0.714601 0.886835 0.068277 0.123249
0 0.641597 0.884034 0.069328 0.128852
0 0.555987 0.875630 0.085084 0.123249
0 0.463550 0.891036 0.087185 0.137255
0 0.366912 0.901541 0.093487 0.113445
0 0.266597 0.828011 0.157563 0.207283
0 0.108508 0.753782 0.122899 0.154062