0 0.719853 0.100000 0.139706 0.137255
0 0.180882 0.102941 0.091176 0.135294
0 0.274265 0.098039 0.098529 0.125490
0 0.370588 0.097059 0.082353 0.127451
0 0.463235 0.121569 0.091176 0.117647
0 0.580147 0.101961 0.136765 0.129412
0 0.092647 0.136275 0.085294 0.166667
0 0.076471 0.282353 0.061765 0.172549
0 0.168382 0.243137 0.113235 0.149020
0 0.276471 0.231373 0.129412 0.168627
0 0.356618 0.324510 0.127941 0.170588
0 0.472794 0.364706 0.101471 0.133333
0 0.559559 0.307843 0.110294 0.145098
0 0.653676 0.245098 0.107353 0.137255
0 0.752941 0.250000 0.102941 0.139216
0 0.234559 0.357843 0.119118 0.170588
0 0.129412 0.365686 0.105882 0.139216
0 0.159559 0.551961 0.230882 0.335294
0 0.319118 0.448039 0.117647 0.135294
0 0.412500 0.537255 0.095588 0.125490
0 0.509559 0.518627 0.089706 0.119608
0 0.595588 0.499020 0.067647 0.115686
0 0.682353 0.515686 0.094118 0.121569
0 0.780147 0.539216 0.101471 0.129412
0 0.313971 0.580392 0.098529 0.145098
0 0.234559 0.688235 0.130882 0.172549
0 0.108088 0.753922 0.122059 0.162745
0 0.266912 0.823529 0.157353 0.211765
0 0.386029 0.744118 0.089706 0.119608
0 0.483824 0.729412 0.091176 0.125490
0 0.578676 0.724510 0.089706 0.127451
0 0.719853 0.730392 0.177941 0.154902
0 0.363971 0.899020 0.092647 0.111765
0 0.461765 0.896078 0.088235 0.117647
0 0.557353 0.872549 0.082353 0.129412
0 0.638971 0.885294 0.069118 0.123529
0 0.712500 0.884314 0.069118 0.129412