0 0.094853 0.134314 0.092647 0.166667
0 0.187500 0.102941 0.089706 0.131373
0 0.282353 0.092157 0.094118 0.121569
0 0.376471 0.096078 0.085294 0.129412
0 0.469853 0.123529 0.089706 0.121569
0 0.588971 0.101961 0.136765 0.133333
0 0.725735 0.100980 0.139706 0.127451
0 0.169118 0.242157 0.114706 0.147059
0 0.272059 0.232353 0.129412 0.162745
0 0.358088 0.328431 0.125000 0.162745
0 0.236765 0.364706 0.114706 0.156863
0 0.080882 0.272549 0.067647 0.196078
0 0.128676 0.363725 0.095588 0.127451
0 0.473529 0.363725 0.100000 0.135294
0 0.558824 0.306863 0.117647 0.143137
0 0.650735 0.245098 0.113235 0.145098
0 0.753676 0.250980 0.107353 0.145098
0 0.161029 0.553922 0.227941 0.327451
0 0.320588 0.446078 0.123529 0.150980
0 0.313235 0.584314 0.097059 0.141176
0 0.232353 0.686275 0.141176 0.172549
0 0.413235 0.537255 0.097059 0.125490
0 0.508824 0.519608 0.088235 0.129412
0 0.594853 0.495098 0.069118 0.123529
0 0.682353 0.519608 0.094118 0.133333
0 0.780882 0.543137 0.097059 0.129412
0 0.385294 0.744118 0.094118 0.131373
0 0.480882 0.726471 0.091176 0.119608
0 0.576471 0.723529 0.094118 0.129412
0 0.721324 0.727451 0.172059 0.156863
0 0.108824 0.752941 0.123529 0.164706
0 0.266176 0.823529 0.155882 0.211765
0 0.363235 0.897059 0.091176 0.100000
0 0.460294 0.896078 0.085294 0.121569
0 0.555882 0.878431 0.076471 0.109804
0 0.636765 0.887255 0.067647 0.107843
0 0.713971 0.893137 0.069118 0.119608