0 0.127206 0.129412 0.122059 0.172549
0 0.233088 0.100000 0.089706 0.129412
0 0.330882 0.093137 0.091176 0.119608
0 0.422059 0.109804 0.085294 0.156863
0 0.517647 0.124510 0.094118 0.123529
0 0.632353 0.103922 0.135294 0.133333
0 0.775735 0.100980 0.142647 0.131373
0 0.104412 0.247059 0.117647 0.262745
0 0.211029 0.234314 0.107353 0.139216
0 0.319118 0.232353 0.138235 0.170588
0 0.386765 0.340196 0.123529 0.170588
0 0.504412 0.382353 0.111765 0.145098
0 0.591912 0.315686 0.119118 0.156863
0 0.677941 0.245098 0.114706 0.152941
0 0.778676 0.240196 0.113235 0.143137
0 0.268382 0.369608 0.122059 0.166667
0 0.158824 0.360784 0.105882 0.129412
0 0.171324 0.549020 0.248529 0.321569
0 0.112500 0.748039 0.125000 0.158824
0 0.234559 0.689216 0.136765 0.182353
0 0.336029 0.459804 0.127941 0.162745
0 0.423529 0.559804 0.094118 0.123529
0 0.325735 0.600980 0.101471 0.143137
0 0.519853 0.528431 0.092647 0.127451
0 0.605147 0.501961 0.072059 0.117647
0 0.691912 0.511765 0.098529 0.133333
0 0.791176 0.537255 0.100000 0.129412
0 0.384559 0.742157 0.095588 0.131373
0 0.482353 0.728431 0.094118 0.123529
0 0.577206 0.721569 0.092647 0.121569
0 0.720588 0.725490 0.173529 0.156863
0 0.265441 0.826471 0.154412 0.213725
0 0.364706 0.900980 0.094118 0.103922
0 0.461765 0.899020 0.094118 0.111765
0 0.555882 0.877451 0.076471 0.115686
0 0.638235 0.889216 0.070588 0.111765
0 0.711029 0.892157 0.069118 0.121569