0 0.842647 0.100980 0.138235 0.131373
0 0.702941 0.106863 0.135294 0.123529
0 0.586029 0.125490 0.089706 0.117647
0 0.490441 0.095098 0.086765 0.127451
0 0.394118 0.091176 0.094118 0.123529
0 0.297059 0.094118 0.088235 0.117647
0 0.187500 0.113725 0.119118 0.168627
0 0.129412 0.216667 0.164706 0.268627
0 0.266912 0.231373 0.104412 0.141176
0 0.375000 0.236275 0.135294 0.178431
0 0.714706 0.247059 0.111765 0.149020
0 0.813971 0.238235 0.116176 0.154902
0 0.203676 0.343137 0.110294 0.121569
0 0.091912 0.469608 0.077941 0.103922
0 0.092647 0.341176 0.088235 0.203922
0 0.200000 0.535294 0.258824 0.309804
0 0.080147 0.647059 0.066176 0.129412
0 0.129412 0.736275 0.129412 0.166667
0 0.250735 0.687255 0.133824 0.178431
0 0.092647 0.844118 0.097059 0.135294
0 0.276471 0.828431 0.158824 0.217647
0 0.626471 0.326471 0.123529 0.158824
0 0.544853 0.407843 0.116176 0.149020
0 0.424265 0.357843 0.125000 0.170588
0 0.308088 0.375490 0.125000 0.174510
0 0.372059 0.478431 0.126471 0.164706
0 0.537500 0.553922 0.104412 0.139216
0 0.617647 0.505882 0.082353 0.125490
0 0.344853 0.609804 0.095588 0.145098
0 0.449265 0.600000 0.110294 0.141176
0 0.712500 0.509804 0.092647 0.125490
0 0.810294 0.534314 0.100000 0.131373
0 0.396324 0.749020 0.104412 0.141176
0 0.494853 0.729412 0.089706 0.137255
0 0.588235 0.717647 0.094118 0.125490
0 0.733824 0.724510 0.173529 0.158824
0 0.375735 0.900000 0.089706 0.105882
0 0.473529 0.895098 0.088235 0.115686
0 0.566176 0.879412 0.079412 0.115686
0 0.647794 0.888235 0.069118 0.121569
0 0.723529 0.889216 0.064706 0.119608