0 0.504390 0.168896 0.149247 0.163880
0 0.665552 0.191472 0.220736 0.272575
0 0.470527 0.430602 0.292224 0.326087
0 0.674958 0.408863 0.106605 0.138796
0 0.760870 0.442308 0.107860 0.192308
0 0.813545 0.222408 0.127926 0.227425
0 0.858696 0.392140 0.092809 0.122074
0 0.913880 0.204849 0.105351 0.185619
0 0.962793 0.367057 0.070234 0.125418
0 0.962166 0.514214 0.073997 0.135452
0 0.783445 0.619565 0.140468 0.172241
0 0.940635 0.674749 0.118729 0.158863
0 0.666179 0.596154 0.094064 0.188963
0 0.466764 0.743311 0.417642 0.326087
0 0.941890 0.862040 0.116220 0.148829
0 0.778428 0.840301 0.240803 0.239130