0 0.542015 0.168896 0.146739 0.163880
0 0.700669 0.189799 0.220736 0.279264
0 0.841137 0.220736 0.140468 0.227425
0 0.944607 0.210702 0.096572 0.177258
0 0.511288 0.437291 0.293478 0.309365
0 0.713211 0.410535 0.105351 0.142140
0 0.795360 0.444816 0.106605 0.193980
0 0.890677 0.392140 0.101589 0.118729
0 0.962584 0.677258 0.074832 0.143813
0 0.699415 0.592809 0.092809 0.185619
0 0.822324 0.614548 0.137960 0.158863
0 0.502508 0.742475 0.416388 0.327759
0 0.817935 0.837793 0.242057 0.240803
0 0.960284 0.857860 0.077759 0.143813