0 0.055393 0.160535 0.106605 0.140468
0 0.156982 0.146321 0.096572 0.142140
0 0.261079 0.137960 0.104097 0.138796
0 0.380226 0.219900 0.126672 0.239130
0 0.258570 0.289298 0.101589 0.143813
0 0.169523 0.302676 0.066472 0.100334
0 0.105560 0.295987 0.061455 0.090301
0 0.106187 0.448161 0.142977 0.167224
0 0.298077 0.463211 0.233278 0.230769
0 0.132525 0.628763 0.142977 0.127090
0 0.277383 0.663043 0.106605 0.142140
0 0.358278 0.637124 0.097826 0.147157
0 0.150711 0.810201 0.274666 0.222408
0 0.287416 0.857860 0.101589 0.130435
0 0.403428 0.866221 0.097826 0.127090