0 0.965092 0.137124 0.069816 0.130435
0 0.876881 0.137960 0.099080 0.122074
0 0.937082 0.289298 0.053930 0.096990
0 0.864967 0.277592 0.065217 0.086957
0 0.943771 0.440635 0.112458 0.168896
0 0.947533 0.626254 0.104933 0.132107
0 0.822324 0.367893 0.097826 0.120401
0 0.827341 0.517559 0.100334 0.132107
0 0.817935 0.678930 0.179348 0.157191
0 0.933110 0.838629 0.133779 0.239130
0 0.759615 0.193980 0.105351 0.207358
0 0.653010 0.222408 0.127926 0.224080
0 0.521948 0.192308 0.194398 0.277592
0 0.343227 0.164716 0.147993 0.172241
0 0.319398 0.445652 0.280936 0.255853
0 0.515050 0.409699 0.107860 0.143813
0 0.616012 0.445652 0.111622 0.195652
0 0.709448 0.392977 0.102843 0.123746
0 0.641095 0.627090 0.141722 0.190635
0 0.520694 0.599498 0.091555 0.188963
0 0.315635 0.744983 0.438963 0.319398
0 0.619774 0.842809 0.242057 0.234114
0 0.800376 0.868729 0.151756 0.152174