0 0.120610 0.232441 0.129181 0.224080
0 0.254181 0.209030 0.127926 0.214047
0 0.356396 0.132943 0.096572 0.138796
0 0.457985 0.135452 0.094064 0.133779
0 0.557692 0.129599 0.100334 0.128763
0 0.382107 0.278428 0.065217 0.088629
0 0.444816 0.292642 0.060201 0.103679
0 0.119983 0.454013 0.132943 0.209030
0 0.210911 0.391304 0.096572 0.120401
0 0.296823 0.369565 0.102843 0.137124
0 0.298704 0.521739 0.109114 0.140468
0 0.420987 0.441472 0.142977 0.167224
0 0.544523 0.287625 0.099080 0.127090
0 0.664298 0.215719 0.140468 0.240803
0 0.135661 0.632943 0.146739 0.158863
0 0.272366 0.680602 0.184365 0.160535
0 0.445443 0.633779 0.149247 0.133779
0 0.607860 0.457358 0.235786 0.229097
0 0.570234 0.658027 0.102843 0.138796
0 0.652383 0.635452 0.089047 0.140468
0 0.087584 0.826923 0.175167 0.239130
0 0.249791 0.848662 0.154264 0.158863
0 0.449206 0.816890 0.237040 0.229097
0 0.590301 0.852007 0.110368 0.138796
0 0.693144 0.855351 0.095318 0.138796
0 0.032191 0.596990 0.062709 0.183946