0 0.037207 0.191472 0.070234 0.185619
0 0.159490 0.190635 0.232023 0.274247
0 0.321279 0.223244 0.126672 0.235786
0 0.439172 0.201505 0.109114 0.205686
0 0.540761 0.134615 0.096572 0.128763
0 0.642977 0.132107 0.095318 0.137124
0 0.741430 0.132107 0.101589 0.130435
0 0.556438 0.276756 0.065217 0.091973
0 0.630435 0.286789 0.080268 0.112040
0 0.730769 0.284281 0.097826 0.130435
0 0.849289 0.217391 0.126672 0.240803
0 0.060410 0.430602 0.114130 0.255853
0 0.163880 0.414716 0.110368 0.147157
0 0.299958 0.443980 0.121656 0.205686
0 0.384615 0.393813 0.082776 0.125418
0 0.484950 0.372910 0.100334 0.130435
0 0.488085 0.520067 0.101589 0.140468
0 0.609114 0.441472 0.137960 0.167224
0 0.796614 0.460702 0.232023 0.232441
0 0.205268 0.602007 0.082776 0.187291
0 0.319398 0.622910 0.153010 0.178930
0 0.464883 0.682274 0.188127 0.160535
0 0.627299 0.628763 0.144231 0.140468
0 0.745192 0.657191 0.096572 0.140468
0 0.835493 0.633779 0.081522 0.143813
0 0.259197 0.844482 0.240803 0.240803
0 0.449833 0.862040 0.153010 0.162207
0 0.641095 0.817726 0.219482 0.240803
0 0.780936 0.849498 0.110368 0.143813
0 0.877508 0.847826 0.092809 0.143813
0 0.099498 0.740803 0.198996 0.324415