0 0.970109 0.137960 0.059782 0.128763
0 0.886288 0.136288 0.092809 0.122074
0 0.945861 0.289298 0.056438 0.100334
0 0.876881 0.279264 0.068980 0.083612
0 0.770276 0.203177 0.111622 0.209030
0 0.666806 0.227425 0.125418 0.230769
0 0.529473 0.195652 0.189381 0.274247
0 0.353888 0.165552 0.149247 0.163880
0 0.327550 0.429766 0.284699 0.297659
0 0.525711 0.409699 0.109114 0.137124
0 0.626672 0.443144 0.110368 0.197324
0 0.720736 0.391304 0.100334 0.120401
0 0.833612 0.370401 0.095318 0.128763
0 0.947742 0.436455 0.100334 0.163880
0 0.834239 0.515886 0.104097 0.138796
0 0.951296 0.627090 0.097408 0.120401
0 0.827968 0.673913 0.179348 0.153846
0 0.651129 0.620401 0.141722 0.167224
0 0.530100 0.597826 0.090301 0.188963
0 0.321906 0.751672 0.431438 0.309365
0 0.631062 0.846154 0.244565 0.240803
0 0.808528 0.869565 0.145485 0.153846
0 0.940844 0.829431 0.116639 0.234114