0 0.483069 0.167224 0.149247 0.167224
0 0.644231 0.188127 0.223244 0.269231
0 0.791597 0.222408 0.146739 0.224080
0 0.893813 0.203177 0.092809 0.185619
0 0.979515 0.140468 0.040970 0.127090
0 0.452968 0.435619 0.297241 0.312709
0 0.656145 0.412207 0.109114 0.142140
0 0.742684 0.442308 0.104097 0.192308
0 0.838002 0.392140 0.104097 0.118729
0 0.955268 0.367057 0.087793 0.125418
0 0.953177 0.514214 0.093645 0.132107
0 0.934365 0.672241 0.131270 0.153846
0 0.770903 0.612040 0.145485 0.150502
0 0.932692 0.862040 0.130435 0.152174
0 0.758361 0.841137 0.235786 0.244147
0 0.644858 0.593645 0.089047 0.183946
0 0.449206 0.750000 0.422659 0.316054