0 0.112458 0.213211 0.142977 0.212375
0 0.218436 0.137960 0.099080 0.135452
0 0.320652 0.137124 0.097826 0.133779
0 0.421614 0.132107 0.096572 0.130435
0 0.535117 0.216555 0.130435 0.245819
0 0.411580 0.290970 0.094064 0.133779
0 0.317517 0.294314 0.063963 0.100334
0 0.252926 0.280100 0.067726 0.088629
0 0.074206 0.394649 0.084030 0.117057
0 0.159490 0.373746 0.101589 0.132107
0 0.159490 0.518395 0.106605 0.130435
0 0.281773 0.443144 0.145485 0.170569
0 0.464883 0.462375 0.230769 0.232441
0 0.121237 0.677258 0.178094 0.153846
0 0.300585 0.632943 0.142977 0.132107
0 0.433528 0.658863 0.102843 0.133779
0 0.515677 0.636288 0.094064 0.142140
0 0.106814 0.845318 0.159281 0.155518
0 0.307483 0.817726 0.254599 0.224080
0 0.449833 0.857023 0.110368 0.138796
0 0.555811 0.859532 0.101589 0.133779