0 0.051212 0.188127 0.102424 0.185619
0 0.071906 0.434783 0.143812 0.267559
0 0.115803 0.745819 0.231605 0.321070
0 0.180811 0.192308 0.232023 0.274247
0 0.197115 0.414716 0.104097 0.140468
0 0.230978 0.600334 0.084030 0.190635
0 0.346990 0.631271 0.145485 0.158863
0 0.326923 0.444816 0.115385 0.183946
0 0.355142 0.222408 0.114130 0.227425
0 0.469900 0.193144 0.110368 0.212375
0 0.419732 0.395485 0.090301 0.128763
0 0.513796 0.374582 0.102843 0.127090
0 0.580268 0.282609 0.070234 0.090301
0 0.570234 0.135452 0.092809 0.130435
0 0.671823 0.137960 0.095318 0.135452
0 0.770903 0.128763 0.100334 0.140468
0 0.657400 0.290970 0.081522 0.100334
0 0.756480 0.283445 0.101589 0.132107
0 0.515050 0.520067 0.100334 0.143813
0 0.494983 0.678930 0.180602 0.170569
0 0.294314 0.841973 0.245819 0.245819
0 0.481187 0.864548 0.153010 0.153846
0 0.642349 0.438127 0.139214 0.170569
0 0.655518 0.626254 0.140468 0.138796
0 0.675585 0.816890 0.210702 0.235786
0 0.871865 0.214047 0.134197 0.240803
0 0.824833 0.455686 0.238294 0.232441
0 0.772784 0.654682 0.099080 0.135452
0 0.861831 0.629599 0.081522 0.138796
0 0.816054 0.846154 0.110368 0.147157
0 0.908863 0.842809 0.092809 0.140468