0 0.063754 0.219064 0.127508 0.214047
0 0.154473 0.145485 0.106605 0.137124
0 0.255435 0.137124 0.100334 0.133779
0 0.358905 0.134615 0.101589 0.128763
0 0.192726 0.284281 0.072742 0.086957
0 0.093645 0.382107 0.100334 0.128763
0 0.096154 0.521739 0.105351 0.127090
0 0.071906 0.674749 0.143812 0.152174
0 0.062500 0.836120 0.125000 0.153846
0 0.260452 0.295151 0.057692 0.102007
0 0.212793 0.444816 0.135452 0.170569
0 0.349498 0.290970 0.100334 0.133779
0 0.235368 0.632107 0.147993 0.127090
0 0.254808 0.818562 0.239548 0.202341
0 0.472408 0.218227 0.132943 0.245819
0 0.397784 0.462375 0.237040 0.222408
0 0.372701 0.653846 0.104097 0.130435
0 0.451087 0.633779 0.102843 0.150502
0 0.388378 0.857023 0.107860 0.142140
0 0.498746 0.859532 0.097826 0.133779