0 0.742057 0.219064 0.132943 0.244147
0 0.433528 0.137124 0.097826 0.130435
0 0.535117 0.136288 0.090301 0.132107
0 0.634197 0.132107 0.102843 0.123746
0 0.081313 0.202341 0.162625 0.274247
0 0.202132 0.227425 0.131689 0.220736
0 0.330059 0.201505 0.121656 0.198997
0 0.053094 0.423913 0.106187 0.145485
0 0.198370 0.452341 0.124164 0.195652
0 0.274247 0.393813 0.077759 0.122074
0 0.377090 0.372074 0.100334 0.132107
0 0.457358 0.283445 0.065217 0.088629
0 0.517559 0.290970 0.060201 0.100334
0 0.626672 0.288462 0.092809 0.128763
0 0.379599 0.520903 0.100334 0.142140
0 0.501881 0.442308 0.139214 0.165552
0 0.037207 0.704013 0.072742 0.254181
0 0.099289 0.601171 0.081522 0.188963
0 0.210911 0.617893 0.164298 0.172241
0 0.355142 0.678930 0.184365 0.160535
0 0.520694 0.632107 0.146739 0.133779
0 0.688754 0.459866 0.232023 0.230769
0 0.641722 0.659699 0.107860 0.135452
0 0.729515 0.632943 0.082776 0.135452
0 0.139423 0.833612 0.239548 0.235786
0 0.331313 0.848662 0.151756 0.152174
0 0.528219 0.814381 0.232023 0.230769
0 0.670569 0.854515 0.110368 0.140468
0 0.768395 0.853679 0.092809 0.135452