0 0.087584 0.198997 0.175167 0.277592
0 0.230978 0.225753 0.106605 0.227425
0 0.346990 0.202341 0.115385 0.197324
0 0.453595 0.134615 0.097826 0.135452
0 0.555184 0.130435 0.095318 0.137124
0 0.655518 0.131271 0.100334 0.125418
0 0.473035 0.275084 0.063963 0.088629
0 0.548913 0.289298 0.072742 0.103679
0 0.071697 0.421405 0.111622 0.143813
0 0.216555 0.447324 0.117893 0.205686
0 0.302467 0.392140 0.091555 0.122074
0 0.398411 0.368729 0.097826 0.135452
0 0.645485 0.285117 0.095318 0.132107
0 0.764632 0.217391 0.125418 0.237458
0 0.123119 0.602007 0.079013 0.180602
0 0.049749 0.733278 0.097826 0.309365
0 0.158236 0.836120 0.244565 0.234114
0 0.345109 0.849498 0.161789 0.153846
0 0.373955 0.678930 0.184365 0.163880
0 0.235995 0.612040 0.159281 0.177258
0 0.399666 0.517559 0.107860 0.142140
0 0.523202 0.439799 0.146739 0.163880
0 0.540761 0.624582 0.144231 0.138796
0 0.547659 0.812709 0.235786 0.227425
0 0.708821 0.460702 0.232023 0.222408
0 0.659908 0.659699 0.101589 0.128763
0 0.745819 0.633779 0.092809 0.140468
0 0.692517 0.850334 0.104097 0.142140
0 0.789716 0.851171 0.092809 0.137124