0 0.089256 0.234114 0.134197 0.220736
0 0.221572 0.204013 0.135452 0.217391
0 0.326923 0.137960 0.097826 0.128763
0 0.428512 0.134615 0.097826 0.132107
0 0.526338 0.130435 0.102843 0.133779
0 0.355769 0.278428 0.065217 0.095318
0 0.417224 0.295151 0.060201 0.102007
0 0.182065 0.393813 0.086538 0.125418
0 0.271112 0.370401 0.099080 0.135452
0 0.087375 0.457358 0.140468 0.215719
0 0.516304 0.288462 0.100334 0.135452
0 0.271739 0.522575 0.107860 0.138796
0 0.390259 0.442308 0.141722 0.168896
0 0.638587 0.217391 0.136706 0.240803
0 0.577132 0.462375 0.234532 0.232441
0 0.242893 0.683110 0.183110 0.152174
0 0.414089 0.634615 0.144231 0.128763
0 0.541388 0.658863 0.100334 0.133779
0 0.626672 0.636288 0.087793 0.142140
0 0.071906 0.830268 0.143812 0.229097
0 0.219064 0.847826 0.150502 0.157191
0 0.418478 0.814381 0.238294 0.227425
0 0.561455 0.855351 0.105351 0.145485
0 0.664925 0.856187 0.096572 0.137124
0 0.111831 0.620401 0.159281 0.180602