0 0.109559 0.348039 0.130882 0.225490
0 0.204412 0.209804 0.185294 0.266667
0 0.283824 0.114706 0.126471 0.170588
0 0.394118 0.094118 0.091176 0.121569
0 0.493382 0.093137 0.092647 0.123529
0 0.588971 0.108824 0.089706 0.154902
0 0.683824 0.138235 0.091176 0.150980
0 0.802941 0.105882 0.135294 0.133333
0 0.931618 0.100000 0.113235 0.133333
0 0.352206 0.225490 0.107353 0.141176
0 0.477941 0.234314 0.138235 0.174510
0 0.727941 0.323529 0.126471 0.160784
0 0.812500 0.244118 0.119118 0.150980
0 0.915441 0.241176 0.113235 0.149020
0 0.292647 0.343137 0.108824 0.137255
0 0.167647 0.466667 0.094118 0.117647
0 0.116176 0.652941 0.141176 0.215686
0 0.286765 0.533333 0.247059 0.305882
0 0.400735 0.373529 0.125000 0.170588
0 0.527206 0.360784 0.127941 0.180392
0 0.474265 0.478431 0.125000 0.164706
0 0.435294 0.608824 0.117647 0.158824
0 0.341912 0.688235 0.133824 0.168627
0 0.218382 0.738235 0.133824 0.174510
0 0.546324 0.599020 0.107353 0.143137
0 0.644853 0.407843 0.110294 0.152941
0 0.636029 0.556863 0.107353 0.145098
0 0.715441 0.511765 0.086765 0.133333
0 0.812500 0.507843 0.098529 0.129412
0 0.911765 0.535294 0.102941 0.129412
0 0.835294 0.725490 0.185294 0.156863
0 0.690441 0.719608 0.092647 0.129412
0 0.588971 0.727451 0.092647 0.133333
0 0.493382 0.743137 0.095588 0.137255
0 0.366176 0.838235 0.158824 0.217647
0 0.822059 0.884314 0.070588 0.133333
0 0.747059 0.880392 0.070588 0.133333
0 0.664706 0.875490 0.082353 0.115686
0 0.572059 0.892157 0.088235 0.137255
0 0.475000 0.899020 0.091176 0.119608
0 0.238235 0.902941 0.123529 0.100000