0 0.100735 0.215686 0.110294 0.207843
0 0.214706 0.178431 0.158824 0.192157
0 0.381618 0.202941 0.172059 0.256863
0 0.462500 0.112745 0.122059 0.170588
0 0.572059 0.094118 0.091176 0.117647
0 0.669118 0.094118 0.094118 0.117647
0 0.766912 0.100000 0.086765 0.129412
0 0.861765 0.141176 0.094118 0.149020
0 0.951471 0.103922 0.076471 0.125490
0 0.533824 0.228431 0.108824 0.139216
0 0.657353 0.234314 0.135294 0.178431
0 0.906618 0.321569 0.127941 0.164706
0 0.963971 0.249020 0.060294 0.137255
0 0.813235 0.407843 0.111765 0.156863
0 0.705147 0.358824 0.127941 0.176471
0 0.581618 0.373529 0.116176 0.170588
0 0.461765 0.344118 0.114706 0.147059
0 0.336765 0.477451 0.091176 0.131373
0 0.269853 0.320588 0.175000 0.237255
0 0.169853 0.458824 0.219118 0.337255
0 0.119118 0.300000 0.120588 0.109804
0 0.648529 0.472549 0.126471 0.168627
0 0.889706 0.504902 0.079412 0.123529
0 0.960294 0.508824 0.061765 0.127451
0 0.814706 0.550980 0.111765 0.145098
0 0.724265 0.596078 0.107353 0.145098
0 0.608088 0.607843 0.119118 0.156863
0 0.470588 0.534314 0.252941 0.307843
0 0.524265 0.685294 0.127941 0.174510
0 0.285294 0.664706 0.173529 0.231373
0 0.952941 0.715686 0.073529 0.160784
0 0.866176 0.717647 0.094118 0.125490
0 0.769853 0.724510 0.092647 0.127451
0 0.672794 0.743137 0.098529 0.137255
0 0.545588 0.841176 0.158824 0.215686
0 0.397794 0.734314 0.130882 0.162745
0 0.416176 0.903922 0.111765 0.109804
0 0.654412 0.899020 0.091176 0.123529
0 0.750000 0.888235 0.094118 0.145098
0 0.836765 0.870588 0.073529 0.133333
0 0.917647 0.880392 0.076471 0.129412
0 0.973529 0.883333 0.038235 0.131373