0 0.136029 0.204902 0.163235 0.201961
0 0.275000 0.168627 0.161765 0.188235
0 0.180147 0.300980 0.122059 0.123529
0 0.234559 0.462745 0.225000 0.337255
0 0.332353 0.320588 0.167647 0.233333
0 0.434559 0.203922 0.177941 0.258824
0 0.516176 0.114706 0.123529 0.170588
0 0.626471 0.091176 0.088235 0.119608
0 0.722794 0.095098 0.089706 0.119608
0 0.821324 0.100980 0.089706 0.135294
0 0.916912 0.134314 0.092647 0.143137
0 0.714706 0.234314 0.138235 0.182353
0 0.586765 0.227451 0.108824 0.152941
0 0.513235 0.345098 0.117647 0.149020
0 0.459559 0.423529 0.077941 0.098039
0 0.388235 0.470588 0.082353 0.117647
0 0.633824 0.372549 0.120588 0.168627
0 0.758088 0.358824 0.122059 0.176471
0 0.865441 0.407843 0.107353 0.152941
0 0.932353 0.321569 0.114706 0.156863
0 0.527206 0.531373 0.245588 0.309804
0 0.341912 0.661765 0.177941 0.229412
0 0.452206 0.737255 0.130882 0.180392
0 0.579412 0.686275 0.129412 0.180392
0 0.663235 0.606863 0.117647 0.158824
0 0.704412 0.476471 0.126471 0.164706
0 0.779412 0.595098 0.111765 0.143137
0 0.869118 0.555882 0.108824 0.143137
0 0.942647 0.506863 0.085294 0.127451
0 0.530147 0.780392 0.057353 0.094118
0 0.477206 0.904902 0.107353 0.107843
0 0.604412 0.837255 0.152941 0.211765
0 0.727941 0.743137 0.097059 0.137255
0 0.924265 0.719608 0.092647 0.129412
0 0.825000 0.724510 0.094118 0.131373
0 0.709559 0.896078 0.092647 0.117647
0 0.806618 0.894118 0.089706 0.121569
0 0.891176 0.873529 0.076471 0.111765
0 0.963235 0.878431 0.055882 0.137255