0 0.272794 0.199020 0.157353 0.190196
0 0.412500 0.169608 0.163235 0.186275
0 0.570588 0.200980 0.176471 0.268627
0 0.655147 0.110784 0.125000 0.162745
0 0.766176 0.094118 0.088235 0.117647
0 0.863235 0.092157 0.094118 0.113725
0 0.952206 0.103922 0.077941 0.137255
0 0.728676 0.227451 0.107353 0.141176
0 0.860294 0.235294 0.132353 0.164706
0 0.649265 0.345098 0.125000 0.156863
0 0.594853 0.435294 0.080882 0.094118
0 0.478676 0.320588 0.172059 0.237255
0 0.319118 0.298039 0.132353 0.133333
0 0.377941 0.455882 0.220588 0.335294
0 0.773529 0.371569 0.117647 0.162745
0 0.669853 0.525490 0.248529 0.325490
0 0.488235 0.658824 0.176471 0.227451
0 0.594853 0.730392 0.130882 0.170588
0 0.724265 0.689216 0.130882 0.178431
0 0.743382 0.834314 0.157353 0.205882
0 0.617647 0.899020 0.111765 0.115686
0 0.847059 0.475490 0.126471 0.166667
0 0.899265 0.356863 0.127941 0.180392
0 0.920588 0.595098 0.111765 0.139216
0 0.797059 0.605882 0.114706 0.156863
0 0.866912 0.743137 0.101471 0.137255
0 0.955147 0.726471 0.066176 0.123529
0 0.850000 0.900000 0.097059 0.121569
0 0.945588 0.877451 0.088235 0.147059