0 0.347794 0.196078 0.157353 0.180392
0 0.389706 0.302941 0.126471 0.127451
0 0.488971 0.169608 0.163235 0.190196
0 0.552206 0.315686 0.166176 0.227451
0 0.452941 0.454902 0.220588 0.333333
0 0.644853 0.201961 0.169118 0.262745
0 0.728676 0.110784 0.127941 0.162745
0 0.841912 0.093137 0.089706 0.119608
0 0.936765 0.091176 0.094118 0.119608
0 0.797794 0.221569 0.122059 0.145098
0 0.716912 0.351961 0.122059 0.147059
0 0.596324 0.478431 0.095588 0.133333
0 0.564706 0.669608 0.176471 0.217647
0 0.845588 0.365686 0.120588 0.182353
0 0.933088 0.235294 0.122059 0.176471
0 0.919118 0.475490 0.120588 0.170588
0 0.743382 0.528431 0.254412 0.300000
0 0.671324 0.729412 0.130882 0.176471
0 0.801471 0.685294 0.126471 0.178431
0 0.867647 0.604902 0.114706 0.158824
0 0.951471 0.598039 0.082353 0.129412
0 0.950735 0.360784 0.083824 0.164706
0 0.690441 0.900980 0.122059 0.115686
0 0.820588 0.833333 0.158824 0.207843
0 0.941176 0.739216 0.102941 0.129412
0 0.927206 0.892157 0.089706 0.125490