0 0.393382 0.199020 0.157353 0.186275
0 0.536765 0.167647 0.158824 0.190196
0 0.435294 0.307843 0.129412 0.133333
0 0.504412 0.454902 0.220588 0.325490
0 0.602941 0.317647 0.170588 0.235294
0 0.691912 0.199020 0.172059 0.264706
0 0.777941 0.108824 0.126471 0.166667
0 0.888235 0.094118 0.088235 0.117647
0 0.963971 0.094118 0.054412 0.117647
0 0.849265 0.224510 0.110294 0.143137
0 0.762500 0.350000 0.125000 0.158824
0 0.644853 0.474510 0.092647 0.133333
0 0.711029 0.431373 0.083824 0.101961
0 0.612500 0.663725 0.175000 0.221569
0 0.799265 0.527451 0.251471 0.313725
0 0.719853 0.727451 0.133824 0.168627
0 0.850735 0.683333 0.136765 0.178431
0 0.922059 0.607843 0.097059 0.141176
0 0.893382 0.364706 0.119118 0.176471
0 0.952206 0.235294 0.072059 0.180392
0 0.740441 0.901961 0.127941 0.113725
0 0.867647 0.839216 0.158824 0.203922
0 0.944853 0.476471 0.086765 0.164706
0 0.964706 0.743137 0.052941 0.137255
0 0.957353 0.893137 0.067647 0.107843