0 0.489706 0.197059 0.155882 0.194118
0 0.628676 0.168627 0.151471 0.188235
0 0.523529 0.303922 0.129412 0.137255
0 0.597059 0.455882 0.217647 0.327451
0 0.698529 0.319608 0.170588 0.239216
0 0.786029 0.203922 0.169118 0.266667
0 0.872059 0.111765 0.132353 0.168627
0 0.939706 0.222549 0.097059 0.150980
0 0.854412 0.346078 0.120588 0.162745
0 0.726471 0.476471 0.076471 0.129412
0 0.796324 0.434314 0.086765 0.111765
0 0.708088 0.659804 0.175000 0.229412
0 0.807353 0.729412 0.138235 0.180392
0 0.877206 0.526471 0.222059 0.307843
0 0.934559 0.685294 0.116176 0.170588
0 0.828676 0.903922 0.133824 0.125490
0 0.936029 0.838235 0.104412 0.201961