0 0.377206 0.196078 0.157353 0.196078
0 0.520588 0.169608 0.155882 0.186275
0 0.417647 0.306863 0.129412 0.135294
0 0.483088 0.456863 0.219118 0.321569
0 0.583088 0.318627 0.169118 0.237255
0 0.674265 0.201961 0.172059 0.262745
0 0.758824 0.110784 0.126471 0.170588
0 0.869118 0.095098 0.085294 0.127451
0 0.954412 0.094118 0.073529 0.117647
0 0.830882 0.224510 0.108824 0.143137
0 0.627206 0.476471 0.089706 0.137255
0 0.594118 0.661765 0.176471 0.229412
0 0.745588 0.348039 0.120588 0.158824
0 0.877206 0.372549 0.116176 0.172549
0 0.779412 0.530392 0.252941 0.307843
0 0.700735 0.728431 0.130882 0.170588
0 0.831618 0.682353 0.133824 0.172549
0 0.718382 0.901961 0.130882 0.121569
0 0.761765 0.784314 0.052941 0.074510
0 0.691176 0.438235 0.076471 0.103922
0 0.900735 0.609804 0.104412 0.149020
0 0.940441 0.472549 0.098529 0.168627
0 0.942647 0.234314 0.091176 0.178431
0 0.954412 0.740196 0.073529 0.139216
0 0.849265 0.836275 0.157353 0.205882
0 0.947059 0.896078 0.082353 0.121569