0 0.505882 0.194118 0.164706 0.192157
0 0.648529 0.163725 0.158824 0.186275
0 0.541176 0.310784 0.129412 0.147059
0 0.619118 0.453922 0.223529 0.335294
0 0.799265 0.200000 0.175000 0.266667
0 0.718382 0.319608 0.166176 0.231373
0 0.746324 0.469608 0.080882 0.131373
0 0.726471 0.663725 0.173529 0.229412
0 0.828676 0.730392 0.133824 0.178431
0 0.868382 0.353922 0.125000 0.158824
0 0.885294 0.109804 0.132353 0.164706
0 0.942647 0.226471 0.097059 0.147059
0 0.886765 0.522549 0.200000 0.311765
0 0.848529 0.901961 0.138235 0.117647
0 0.941912 0.683333 0.089706 0.178431
0 0.944853 0.855882 0.089706 0.162745