0 0.572059 0.195098 0.155882 0.194118
0 0.712500 0.167647 0.154412 0.186275
0 0.603676 0.303922 0.125000 0.160784
0 0.691912 0.455882 0.210294 0.331373
0 0.791176 0.320588 0.164706 0.225490
0 0.866176 0.200000 0.161765 0.266667
0 0.937500 0.106863 0.101471 0.158824
0 0.929412 0.351961 0.117647 0.150980
0 0.813235 0.465686 0.064706 0.107843
0 0.794118 0.664706 0.173529 0.231373
0 0.919853 0.539216 0.136765 0.298039
0 0.895588 0.726471 0.135294 0.174510
0 0.912500 0.902941 0.151471 0.123529
0 0.868382 0.435294 0.069118 0.101961