0 0.116176 0.259804 0.150000 0.331373
0 0.279412 0.195098 0.229412 0.252941
0 0.483088 0.261765 0.166176 0.201961
0 0.661029 0.230392 0.122059 0.186275
0 0.800000 0.275490 0.164706 0.162745
0 0.450735 0.498039 0.169118 0.270588
0 0.173529 0.547059 0.194118 0.286275
0 0.328676 0.604902 0.139706 0.119608
0 0.602941 0.444118 0.138235 0.162745
0 0.836029 0.536275 0.280882 0.401961
0 0.619118 0.703922 0.241176 0.356863
0 0.447794 0.773529 0.166176 0.170588
0 0.250000 0.757843 0.135294 0.178431
0 0.096324 0.764706 0.104412 0.141176