0 0.131618 0.252941 0.160294 0.356863
0 0.300735 0.195098 0.236765 0.256863
0 0.500735 0.257843 0.163235 0.217647
0 0.679412 0.230392 0.123529 0.190196
0 0.816912 0.274510 0.163235 0.156863
0 0.622059 0.436275 0.141176 0.182353
0 0.465441 0.495098 0.166176 0.276471
0 0.191912 0.544118 0.192647 0.296078
0 0.346324 0.601961 0.139706 0.125490
0 0.265441 0.755882 0.136765 0.182353
0 0.106618 0.765686 0.113235 0.127451
0 0.461765 0.771569 0.158824 0.178431
0 0.641176 0.705882 0.235294 0.352941
0 0.855882 0.535294 0.276471 0.403922