0 0.205882 0.232353 0.247059 0.390196
0 0.399265 0.193137 0.230882 0.256863
0 0.577941 0.265686 0.202941 0.213725
0 0.770588 0.233333 0.123529 0.196078
0 0.715441 0.442157 0.133824 0.170588
0 0.560294 0.498039 0.170588 0.278431
0 0.307353 0.546078 0.194118 0.284314
0 0.216176 0.783333 0.117647 0.131373
0 0.369118 0.752941 0.132353 0.172549
0 0.444853 0.608824 0.136765 0.115686
0 0.561765 0.775490 0.158824 0.166667
0 0.730882 0.704902 0.241176 0.350980
0 0.900735 0.538235 0.177941 0.394118
0 0.908088 0.280392 0.160294 0.168627