0 0.168382 0.236275 0.222059 0.382353
0 0.362500 0.191176 0.236765 0.260784
0 0.544853 0.266667 0.192647 0.203922
0 0.269118 0.541176 0.197059 0.274510
0 0.410294 0.607843 0.135294 0.117647
0 0.173529 0.772549 0.123529 0.133333
0 0.333088 0.756863 0.130882 0.172549
0 0.522794 0.775490 0.157353 0.162745
0 0.529412 0.496078 0.164706 0.274510
0 0.681618 0.442157 0.139706 0.166667
0 0.736765 0.232353 0.120588 0.190196
0 0.878676 0.279412 0.160294 0.174510
0 0.700000 0.704902 0.235294 0.350980
0 0.883824 0.537255 0.211765 0.400000