0 0.321324 0.214706 0.236765 0.378431
0 0.508088 0.192157 0.225000 0.250980
0 0.695588 0.263725 0.185294 0.221569
0 0.876471 0.231373 0.123529 0.188235
0 0.419853 0.542157 0.192647 0.292157
0 0.327941 0.781373 0.100000 0.143137
0 0.483088 0.751961 0.127941 0.166667
0 0.551471 0.604902 0.138235 0.123529
0 0.671324 0.494118 0.163235 0.274510
0 0.666176 0.772549 0.161765 0.176471
0 0.836029 0.705882 0.242647 0.352941
0 0.820588 0.439216 0.132353 0.172549
0 0.957353 0.531373 0.070588 0.364706
0 0.963235 0.296078 0.052941 0.125490