0 0.331618 0.224510 0.239706 0.394118
0 0.511765 0.189216 0.235294 0.249020
0 0.711765 0.259804 0.164706 0.209804
0 0.883824 0.229412 0.126471 0.192157
0 0.431618 0.543137 0.192647 0.294118
0 0.337500 0.787255 0.101471 0.127451
0 0.491912 0.750000 0.125000 0.178431
0 0.561029 0.606863 0.133824 0.127451
0 0.678676 0.494118 0.172059 0.274510
0 0.831618 0.442157 0.130882 0.170588
0 0.677941 0.774510 0.161765 0.176471
0 0.847794 0.703922 0.242647 0.345098
0 0.961029 0.505882 0.063235 0.282353
0 0.967647 0.301961 0.047059 0.121569