0 0.840498 0.099548 0.142534 0.132730
0 0.703054 0.106335 0.136878 0.137255
0 0.585407 0.131976 0.091629 0.131222
0 0.491516 0.103318 0.091629 0.140271
0 0.395928 0.092760 0.097285 0.122172
0 0.298643 0.096531 0.090498 0.123680
0 0.188914 0.117647 0.122172 0.168929
0 0.812783 0.240573 0.114253 0.149321
0 0.713235 0.247360 0.114253 0.150830
0 0.625566 0.325792 0.126697 0.156863
0 0.376131 0.236802 0.136878 0.177979
0 0.265546 0.230392 0.109244 0.138655
0 0.128992 0.218487 0.161765 0.266106
0 0.546534 0.410364 0.110294 0.148459
0 0.426261 0.364846 0.126050 0.172269
0 0.309664 0.373249 0.119748 0.169468
0 0.205672 0.349440 0.107143 0.127451
0 0.811239 0.537395 0.099790 0.130252
0 0.712500 0.512185 0.091387 0.133053
0 0.616387 0.505182 0.088235 0.127451
0 0.538130 0.551401 0.108193 0.144258
0 0.373214 0.481373 0.125000 0.166667
0 0.199370 0.538796 0.258403 0.312325
0 0.448319 0.601821 0.109244 0.144258
0 0.343803 0.614426 0.108193 0.141457
0 0.251891 0.690056 0.136555 0.177871
0 0.729832 0.727871 0.182773 0.161064
0 0.588550 0.721569 0.093487 0.128852
0 0.490861 0.729972 0.093487 0.134454
0 0.395798 0.746779 0.100840 0.140056
0 0.276576 0.835714 0.158613 0.203081
0 0.128466 0.732073 0.137605 0.172269
0 0.723529 0.886134 0.069328 0.130252
0 0.650000 0.888936 0.069328 0.119048
0 0.565441 0.877731 0.085084 0.116246
0 0.475105 0.899440 0.095588 0.120448
0 0.377416 0.903641 0.095588 0.112045
0 0.140546 0.896639 0.107143 0.117647
0 0.090126 0.471289 0.086134 0.110644