0 0.841063 0.097285 0.141403 0.134238
0 0.703054 0.102564 0.139140 0.126697
0 0.584842 0.137255 0.092760 0.144796
0 0.489819 0.107089 0.088235 0.147813
0 0.395362 0.093514 0.091629 0.120664
0 0.298643 0.095023 0.090498 0.129713
0 0.190045 0.118401 0.117647 0.167421
0 0.128394 0.220211 0.164027 0.265460
0 0.812783 0.239819 0.114253 0.150830
0 0.712670 0.246606 0.115385 0.152338
0 0.376131 0.237557 0.134615 0.170437
0 0.265271 0.229261 0.109729 0.144796
0 0.626697 0.326546 0.128959 0.152338
0 0.546380 0.409502 0.110860 0.149321
0 0.425905 0.361991 0.125566 0.174962
0 0.308824 0.375566 0.126697 0.168929
0 0.204097 0.348739 0.110294 0.128852
0 0.713754 0.509433 0.092561 0.125309
0 0.809775 0.537486 0.099481 0.131488
0 0.615571 0.506344 0.086505 0.126874
0 0.537716 0.551326 0.103806 0.147636
0 0.372924 0.480969 0.125433 0.163783
0 0.197658 0.537486 0.256241 0.306805
0 0.088971 0.470588 0.080882 0.109244
0 0.730777 0.721569 0.181723 0.168067
0 0.587920 0.721569 0.093487 0.128852
0 0.448739 0.600420 0.109244 0.147059
0 0.343697 0.610224 0.109244 0.147059
0 0.250210 0.690056 0.134454 0.172269
0 0.492332 0.729272 0.093487 0.130252
0 0.395168 0.745378 0.100840 0.140056
0 0.276996 0.832213 0.158613 0.204482
0 0.127836 0.734874 0.135504 0.169468
0 0.723424 0.891036 0.068277 0.120448
0 0.648845 0.886134 0.072479 0.124650
0 0.565861 0.878431 0.085084 0.117647
0 0.473950 0.894538 0.088235 0.130252
0 0.377836 0.903641 0.095588 0.112045
0 0.142017 0.896639 0.107143 0.114846