0 0.841702 0.095238 0.141807 0.128852
0 0.701996 0.102941 0.135504 0.124650
0 0.585924 0.132353 0.092437 0.133053
0 0.490861 0.103641 0.089286 0.145658
0 0.395273 0.093838 0.093487 0.120448
0 0.299160 0.093838 0.088235 0.120448
0 0.190966 0.117647 0.121849 0.162465
0 0.813340 0.238796 0.114496 0.155462
0 0.714601 0.247199 0.114496 0.149860
0 0.626891 0.326331 0.126050 0.154062
0 0.378466 0.235294 0.133403 0.173669
0 0.265021 0.227591 0.108193 0.144258
0 0.127941 0.218487 0.161765 0.266106
0 0.545483 0.409664 0.114496 0.147059
0 0.425735 0.361345 0.125000 0.170868
0 0.310189 0.372549 0.122899 0.168067
0 0.206723 0.347339 0.109244 0.126050
0 0.088025 0.470588 0.081933 0.117647
0 0.811239 0.537115 0.097689 0.133053
0 0.713550 0.510504 0.091387 0.130252
0 0.616387 0.505602 0.086134 0.126050
0 0.537605 0.551821 0.105042 0.145658
0 0.373214 0.481793 0.122899 0.162465
0 0.196744 0.536415 0.255252 0.310924
0 0.448845 0.598739 0.110294 0.141457
0 0.341702 0.609944 0.103992 0.141457
0 0.250840 0.689776 0.132353 0.175070
0 0.731408 0.726891 0.183824 0.156863
0 0.589076 0.720588 0.092437 0.127451
0 0.493487 0.725490 0.094538 0.128852
0 0.396849 0.745098 0.102941 0.137255
0 0.277626 0.834034 0.158613 0.200280
0 0.127941 0.735994 0.136555 0.166667
0 0.724580 0.886835 0.069328 0.123249
0 0.651050 0.885434 0.069328 0.123249
0 0.565966 0.879832 0.084034 0.114846
0 0.473529 0.891036 0.088235 0.137255
0 0.377941 0.893137 0.092437 0.130252
0 0.141597 0.895938 0.109244 0.113445