0 0.490786 0.140663 0.149263 0.143735
0 0.493090 0.343980 0.118857 0.164619
0 0.433200 0.585995 0.181511 0.174447
0 0.581081 0.770885 0.086609 0.143735
0 0.301443 0.167690 0.107801 0.156020
0 0.203317 0.189189 0.116093 0.157248
0 0.333692 0.416462 0.181511 0.285012
0 0.158630 0.496314 0.209152 0.294840
0 0.083231 0.267199 0.166462 0.340295
0 0.100123 0.538084 0.132678 0.181818
0 0.266431 0.802826 0.148342 0.187961
0 0.197789 0.716830 0.125307 0.158477
0 0.079085 0.771499 0.158170 0.319410
0 0.022727 0.536241 0.044226 0.114251