0 0.127918 0.252457 0.255835 0.340295
0 0.296837 0.180590 0.107801 0.149877
0 0.400491 0.165233 0.099509 0.148649
0 0.577396 0.149877 0.141892 0.152334
0 0.581081 0.345209 0.116093 0.164619
0 0.417537 0.414005 0.183354 0.294840
0 0.520270 0.584152 0.180590 0.168305
0 0.251229 0.493243 0.206388 0.286241
0 0.189957 0.536855 0.115172 0.174447
0 0.072021 0.541769 0.140971 0.164619
0 0.164619 0.772727 0.164005 0.304668
0 0.292690 0.721744 0.121622 0.158477
0 0.361794 0.804054 0.132678 0.185504
0 0.662162 0.769656 0.088452 0.138821
0 0.050983 0.750000 0.101966 0.232187