0 0.094748 0.261057 0.189496 0.337838
0 0.223127 0.189189 0.115172 0.157248
0 0.325399 0.167076 0.105958 0.159705
0 0.509214 0.151106 0.149263 0.159705
0 0.511978 0.345823 0.114251 0.160934
0 0.354423 0.415848 0.180590 0.278870
0 0.452088 0.586609 0.178747 0.170762
0 0.598587 0.766585 0.090295 0.135135
0 0.289005 0.805283 0.138206 0.185504
0 0.218059 0.720516 0.123464 0.151106
0 0.179822 0.495086 0.190725 0.272727
0 0.114404 0.532555 0.113329 0.168305
0 0.087377 0.777027 0.174754 0.298526
0 0.032862 0.546069 0.064496 0.141278