0 0.375154 0.245700 0.446867 0.339066
0 0.652488 0.175676 0.096744 0.147420
0 0.751075 0.162776 0.094902 0.156020
0 0.897113 0.152948 0.169533 0.146192
0 0.911394 0.343980 0.144656 0.159705
0 0.737715 0.411548 0.175061 0.282555
0 0.577396 0.492629 0.199017 0.289926
0 0.412009 0.541155 0.113329 0.163391
0 0.515663 0.527027 0.101351 0.167076
0 0.622082 0.713145 0.118857 0.165848
0 0.842291 0.582310 0.187039 0.169533
0 0.965141 0.762285 0.069717 0.133907
0 0.697174 0.803440 0.140049 0.171990
0 0.510135 0.777027 0.175061 0.325553
0 0.361333 0.750614 0.199939 0.287469
0 0.235565 0.406020 0.191646 0.377150
0 0.193182 0.632064 0.093980 0.128993