0 0.553440 0.245700 0.436732 0.329238
0 0.819257 0.180590 0.107801 0.154791
0 0.923833 0.164619 0.093980 0.154791
0 0.899416 0.414619 0.172297 0.278870
0 0.955467 0.576781 0.089066 0.168305
0 0.743704 0.493243 0.187039 0.288698
0 0.590295 0.541155 0.112408 0.158477
0 0.685657 0.527641 0.091216 0.173219
0 0.403716 0.409091 0.172297 0.385749
0 0.363636 0.632064 0.090295 0.124079
0 0.537316 0.750000 0.203624 0.278870
0 0.682893 0.778256 0.179668 0.315725
0 0.787930 0.714373 0.117015 0.163391
0 0.866247 0.801597 0.142813 0.175676