0 0.108088 0.185294 0.119118 0.170588
0 0.182353 0.175490 0.117647 0.162745
0 0.284559 0.179412 0.086765 0.123529
0 0.402941 0.178431 0.152941 0.200000
0 0.127941 0.339216 0.100000 0.149020
0 0.263235 0.378431 0.167647 0.192157
0 0.391176 0.341176 0.085294 0.109804
0 0.154412 0.468627 0.126471 0.129412
0 0.429412 0.518627 0.100000 0.135294
0 0.554412 0.540196 0.097059 0.127451
0 0.108088 0.764706 0.122059 0.141176
0 0.369118 0.719608 0.141176 0.215686
0 0.500000 0.698039 0.117647 0.164706
0 0.535294 0.835294 0.129412 0.172549
0 0.636765 0.782353 0.129412 0.184314