0 0.094853 0.188235 0.095588 0.164706
0 0.160294 0.178431 0.117647 0.152941
0 0.264706 0.180392 0.094118 0.129412
0 0.379412 0.170588 0.158824 0.192157
0 0.103676 0.334314 0.110294 0.147059
0 0.243382 0.381373 0.169118 0.194118
0 0.374265 0.340196 0.086765 0.123529
0 0.133824 0.473529 0.126471 0.135294
0 0.410294 0.515686 0.102941 0.129412
0 0.533824 0.537255 0.097059 0.121569
0 0.097059 0.765686 0.100000 0.131373
0 0.350000 0.717647 0.144118 0.219608
0 0.482353 0.698039 0.117647 0.149020
0 0.617647 0.769608 0.129412 0.182353
0 0.514706 0.829412 0.135294 0.172549