0 0.125000 0.200000 0.150000 0.223529
0 0.272059 0.261765 0.161765 0.249020
0 0.441176 0.182353 0.220588 0.278431
0 0.547059 0.161765 0.094118 0.174510
0 0.634559 0.172549 0.098529 0.133333
0 0.768382 0.179412 0.160294 0.209804
0 0.119853 0.381373 0.148529 0.182353
0 0.256618 0.482353 0.098529 0.188235
0 0.384559 0.369608 0.119118 0.158824
0 0.519853 0.312745 0.110294 0.147059
0 0.530147 0.468627 0.104412 0.137255
0 0.638235 0.378431 0.158824 0.192157
0 0.742647 0.342157 0.085294 0.107843
0 0.138971 0.608824 0.125000 0.147059
0 0.370588 0.554902 0.132353 0.172549
0 0.790441 0.515686 0.113235 0.129412
0 0.917647 0.539216 0.117647 0.121569
0 0.142647 0.745098 0.147059 0.168627
0 0.314706 0.691176 0.135294 0.178431
0 0.254412 0.807843 0.132353 0.180392
0 0.391176 0.781373 0.123529 0.162745
0 0.504412 0.779412 0.111765 0.143137
0 0.741912 0.714706 0.142647 0.221569
0 0.863235 0.693137 0.147059 0.158824
0 0.897059 0.828431 0.158824 0.174510