0 0.142647 0.196078 0.158824 0.227451
0 0.287500 0.262745 0.163235 0.247059
0 0.457353 0.180392 0.220588 0.274510
0 0.565441 0.160784 0.095588 0.176471
0 0.654412 0.172549 0.102941 0.133333
0 0.787500 0.180392 0.163235 0.203922
0 0.133088 0.381373 0.151471 0.178431
0 0.399265 0.371569 0.119118 0.162745
0 0.274265 0.481373 0.101471 0.178431
0 0.539706 0.312745 0.111765 0.158824
0 0.660294 0.378431 0.161765 0.192157
0 0.550000 0.465686 0.102941 0.127451
0 0.762500 0.338235 0.086765 0.111765
0 0.158824 0.607843 0.126471 0.141176
0 0.389706 0.556863 0.126471 0.168627
0 0.808824 0.516667 0.111765 0.131373
0 0.930147 0.536275 0.116176 0.127451
0 0.161765 0.745098 0.147059 0.168627
0 0.332353 0.695098 0.135294 0.174510
0 0.273529 0.812745 0.135294 0.178431
0 0.409559 0.780392 0.125000 0.156863
0 0.520588 0.778431 0.111765 0.145098
0 0.762500 0.717647 0.142647 0.219608
0 0.882353 0.689216 0.147059 0.154902
0 0.914706 0.828431 0.155882 0.174510