0 0.157353 0.195098 0.167647 0.225490
0 0.308088 0.265686 0.160294 0.233333
0 0.474265 0.180392 0.219118 0.274510
0 0.580882 0.161765 0.097059 0.174510
0 0.670588 0.173529 0.097059 0.135294
0 0.803676 0.176471 0.166176 0.207843
0 0.152206 0.382353 0.148529 0.192157
0 0.109559 0.485294 0.130882 0.233333
0 0.081618 0.639216 0.069118 0.109804
0 0.291176 0.485294 0.100000 0.194118
0 0.176471 0.608824 0.129412 0.143137
0 0.406618 0.556863 0.130882 0.172549
0 0.422059 0.367647 0.120588 0.166667
0 0.556618 0.312745 0.110294 0.150980
0 0.679412 0.377451 0.158824 0.194118
0 0.780882 0.339216 0.085294 0.117647
0 0.567647 0.465686 0.102941 0.127451
0 0.827206 0.515686 0.113235 0.133333
0 0.944118 0.539216 0.100000 0.121569
0 0.181618 0.747059 0.142647 0.168627
0 0.351471 0.693137 0.138235 0.178431
0 0.294118 0.817647 0.141176 0.188235
0 0.427206 0.785294 0.125000 0.170588
0 0.538971 0.777451 0.113235 0.143137
0 0.774265 0.717647 0.154412 0.219608
0 0.900735 0.696078 0.148529 0.160784
0 0.922059 0.823529 0.138235 0.176471