0 0.088971 0.233333 0.083824 0.211765
0 0.218382 0.179412 0.169118 0.170588
0 0.354412 0.155882 0.111765 0.154902
0 0.463235 0.187255 0.158824 0.221569
0 0.586029 0.262745 0.163235 0.219608
0 0.748529 0.181373 0.220588 0.264706
0 0.861029 0.156863 0.080882 0.168627
0 0.938971 0.173529 0.092647 0.131373
0 0.846324 0.311765 0.116176 0.160784
0 0.942647 0.378431 0.102941 0.196078
0 0.709559 0.365686 0.122059 0.162745
0 0.447794 0.365686 0.122059 0.158824
0 0.345588 0.296078 0.079412 0.113725
0 0.175000 0.340196 0.114706 0.139216
0 0.098529 0.467647 0.100000 0.100000
0 0.245588 0.407843 0.129412 0.164706
0 0.179412 0.532353 0.123529 0.162745
0 0.375000 0.479412 0.182353 0.237255
0 0.583088 0.480392 0.098529 0.188235
0 0.848529 0.465686 0.123529 0.135294
0 0.694853 0.552941 0.122059 0.172549
0 0.105147 0.729412 0.113235 0.243137
0 0.176471 0.707843 0.105882 0.152941
0 0.269853 0.673529 0.104412 0.135294
0 0.377941 0.642157 0.079412 0.107843
0 0.468382 0.609804 0.110294 0.145098
0 0.454412 0.749020 0.138235 0.156863
0 0.650000 0.694118 0.138235 0.172549
0 0.591176 0.806863 0.135294 0.182353
0 0.720588 0.782353 0.123529 0.160784
0 0.830882 0.772549 0.114706 0.156863