0 0.111765 0.197059 0.129412 0.178431
0 0.199265 0.168627 0.110294 0.156863
0 0.305147 0.187255 0.163235 0.225490
0 0.443382 0.262745 0.169118 0.235294
0 0.608088 0.186275 0.210294 0.274510
0 0.720588 0.160784 0.085294 0.172549
0 0.802941 0.170588 0.100000 0.133333
0 0.925000 0.180392 0.138235 0.200000
0 0.700000 0.311765 0.111765 0.152941
0 0.561765 0.364706 0.117647 0.156863
0 0.816912 0.376471 0.166176 0.196078
0 0.913971 0.336275 0.089706 0.107843
0 0.103676 0.417647 0.116176 0.172549
0 0.194118 0.301961 0.091176 0.109804
0 0.300000 0.369608 0.129412 0.166667
0 0.224265 0.477451 0.189706 0.237255
0 0.228676 0.641176 0.083824 0.105882
0 0.102941 0.670588 0.108824 0.141176
0 0.431618 0.480392 0.098529 0.184314
0 0.547059 0.558824 0.126471 0.168627
0 0.705147 0.467647 0.113235 0.135294
0 0.943382 0.516667 0.089706 0.131373
0 0.321324 0.610784 0.110294 0.147059
0 0.315441 0.750000 0.136765 0.154902
0 0.499265 0.693137 0.130882 0.178431
0 0.438971 0.807843 0.130882 0.180392
0 0.568382 0.784314 0.122059 0.168627
0 0.678676 0.779412 0.113235 0.147059
0 0.906618 0.713725 0.166176 0.227451