0 0.182353 0.182353 0.167647 0.168627
0 0.316912 0.156863 0.116176 0.149020
0 0.423529 0.188235 0.161765 0.227451
0 0.552941 0.265686 0.164706 0.225490
0 0.717647 0.176471 0.211765 0.278431
0 0.825735 0.153922 0.086765 0.174510
0 0.908824 0.172549 0.100000 0.133333
0 0.807353 0.319608 0.120588 0.141176
0 0.673529 0.365686 0.123529 0.158824
0 0.812500 0.464706 0.119118 0.137255
0 0.922059 0.381373 0.138235 0.201961
0 0.316176 0.297059 0.085294 0.115686
0 0.413235 0.367647 0.126471 0.166667
0 0.136029 0.343137 0.119118 0.141176
0 0.201471 0.410784 0.126471 0.170588
0 0.336765 0.479412 0.182353 0.241176
0 0.342647 0.641176 0.079412 0.113725
0 0.432353 0.610784 0.111765 0.150980
0 0.545588 0.476471 0.102941 0.184314
0 0.661765 0.552941 0.129412 0.172549
0 0.610294 0.691176 0.138235 0.178431
0 0.141176 0.538235 0.123529 0.162745
0 0.127941 0.707843 0.105882 0.137255
0 0.227206 0.672549 0.101471 0.137255
0 0.419118 0.750980 0.144118 0.156863
0 0.555147 0.807843 0.133824 0.180392
0 0.683824 0.782353 0.120588 0.164706
0 0.785294 0.777451 0.123529 0.147059