0 0.163971 0.215686 0.222059 0.235294
0 0.362500 0.166667 0.169118 0.172549
0 0.496324 0.153922 0.116176 0.158824
0 0.607353 0.185294 0.161765 0.225490
0 0.725000 0.261765 0.161765 0.233333
0 0.883088 0.176471 0.213235 0.270588
0 0.136765 0.406863 0.150000 0.127451
0 0.316176 0.342157 0.117647 0.150980
0 0.390441 0.404902 0.130882 0.170588
0 0.245588 0.461765 0.097059 0.103922
0 0.475000 0.293137 0.085294 0.119608
0 0.590441 0.367647 0.133824 0.166667
0 0.849265 0.363725 0.125000 0.162745
0 0.722794 0.476471 0.101471 0.184314
0 0.951471 0.464706 0.076471 0.137255
0 0.837500 0.551961 0.127941 0.174510
0 0.331618 0.533333 0.125000 0.160784
0 0.108824 0.543137 0.123529 0.137255
0 0.100735 0.731373 0.107353 0.184314
0 0.230882 0.750980 0.126471 0.254902
0 0.326471 0.715686 0.088235 0.145098
0 0.415441 0.671569 0.101471 0.131373
0 0.510294 0.476471 0.185294 0.239216
0 0.511029 0.640196 0.080882 0.111765
0 0.608824 0.608824 0.111765 0.147059
0 0.586029 0.749020 0.139706 0.156863
0 0.783088 0.690196 0.157353 0.180392
0 0.729412 0.799020 0.144118 0.201961
0 0.862500 0.780392 0.122059 0.172549
0 0.939706 0.767647 0.102941 0.162745