0 0.322059 0.236275 0.279412 0.252941
0 0.156618 0.339216 0.125000 0.145098
0 0.277206 0.414706 0.157353 0.162745
0 0.086029 0.449020 0.077941 0.141176
0 0.184559 0.531373 0.119118 0.141176
0 0.088235 0.658824 0.082353 0.133333
0 0.092647 0.800980 0.094118 0.147059
0 0.379412 0.482353 0.111765 0.129412
0 0.226471 0.655882 0.117647 0.135294
0 0.227206 0.830392 0.113235 0.150980
0 0.362500 0.753922 0.154412 0.237255
0 0.588971 0.186275 0.222059 0.219608
0 0.576471 0.391176 0.117647 0.135294
0 0.550000 0.538235 0.100000 0.127451
0 0.513971 0.750000 0.148529 0.205882
0 0.784559 0.166667 0.166176 0.168627
0 0.727941 0.339216 0.120588 0.160784
0 0.669853 0.455882 0.092647 0.103922
0 0.677206 0.746078 0.127941 0.249020
0 0.813235 0.403922 0.138235 0.168627
0 0.756618 0.529412 0.133824 0.164706
0 0.772794 0.710784 0.089706 0.143137
0 0.822794 0.664706 0.101471 0.121569
0 0.927941 0.160784 0.111765 0.184314
0 0.874265 0.295098 0.086765 0.107843
0 0.921324 0.478431 0.136765 0.250980
0 0.913971 0.635294 0.080882 0.117647
0 0.952206 0.745098 0.075000 0.164706