0 0.095588 0.346078 0.100000 0.147059
0 0.258824 0.234314 0.270588 0.241176
0 0.204412 0.414706 0.158824 0.154902
0 0.102941 0.528431 0.111765 0.127451
0 0.144853 0.659804 0.125000 0.131373
0 0.306618 0.484314 0.107353 0.129412
0 0.512500 0.191176 0.222059 0.221569
0 0.501471 0.391176 0.114706 0.131373
0 0.476471 0.542157 0.100000 0.135294
0 0.291912 0.751961 0.157353 0.241176
0 0.711029 0.169608 0.169118 0.166667
0 0.441176 0.755882 0.144118 0.190196
0 0.656618 0.341176 0.122059 0.156863
0 0.597794 0.456863 0.092647 0.105882
0 0.601471 0.745098 0.123529 0.243137
0 0.853676 0.160784 0.113235 0.176471
0 0.808088 0.292157 0.086765 0.105882
0 0.740441 0.405882 0.136765 0.164706
0 0.686765 0.530392 0.126471 0.158824
0 0.753676 0.663725 0.098529 0.123529
0 0.694853 0.710784 0.086765 0.147059
0 0.923529 0.192157 0.135294 0.235294
0 0.927206 0.368627 0.130882 0.164706
0 0.850735 0.470588 0.169118 0.243137
0 0.845588 0.639216 0.079412 0.109804
0 0.941912 0.608824 0.098529 0.139216
0 0.916176 0.750980 0.144118 0.152941
0 0.144118 0.817647 0.123529 0.149020