0 0.101471 0.240196 0.108824 0.205882
0 0.186029 0.300980 0.107353 0.139216
0 0.154412 0.686275 0.217647 0.407843
0 0.220588 0.443137 0.138235 0.141176
0 0.317647 0.332353 0.108824 0.139216
0 0.477941 0.225490 0.279412 0.270588
0 0.425000 0.405882 0.155882 0.172549
0 0.344118 0.528431 0.102941 0.127451
0 0.245588 0.676471 0.108824 0.121569
0 0.233824 0.810784 0.150000 0.143137
0 0.383824 0.665686 0.102941 0.123529
0 0.386765 0.841176 0.100000 0.125490
0 0.536765 0.478431 0.102941 0.133333
0 0.515441 0.753922 0.145588 0.225490
0 0.745588 0.198039 0.226471 0.239216
0 0.733824 0.389216 0.129412 0.127451
0 0.705147 0.534314 0.113235 0.131373
0 0.674265 0.750000 0.157353 0.194118
0 0.925000 0.174510 0.126471 0.168627
0 0.875735 0.339216 0.122059 0.152941
0 0.821324 0.456863 0.101471 0.098039
0 0.827206 0.738235 0.151471 0.256863
0 0.940441 0.403922 0.104412 0.172549
0 0.909559 0.527451 0.142647 0.164706
0 0.931618 0.709804 0.095588 0.141176