0 0.093382 0.240196 0.089706 0.213725
0 0.171324 0.300980 0.122059 0.147059
0 0.465441 0.237255 0.295588 0.254902
0 0.298529 0.333333 0.114706 0.141176
0 0.194853 0.447059 0.125000 0.145098
0 0.143382 0.687255 0.198529 0.409804
0 0.229412 0.676471 0.108824 0.129412
0 0.222059 0.798039 0.161765 0.156863
0 0.409559 0.408824 0.157353 0.166667
0 0.326471 0.530392 0.100000 0.127451
0 0.366176 0.661765 0.102941 0.127451
0 0.368382 0.837255 0.098529 0.145098
0 0.516912 0.482353 0.101471 0.125490
0 0.496324 0.753922 0.151471 0.225490
0 0.686029 0.538235 0.113235 0.131373
0 0.722794 0.391176 0.116176 0.131373
0 0.654412 0.750000 0.155882 0.186275
0 0.731618 0.192157 0.219118 0.235294
0 0.916912 0.173529 0.145588 0.162745
0 0.858088 0.340196 0.125000 0.147059
0 0.804412 0.456863 0.097059 0.105882
0 0.930882 0.403922 0.120588 0.168627
0 0.892647 0.529412 0.144118 0.156863
0 0.809559 0.743137 0.151471 0.247059
0 0.919118 0.712745 0.088235 0.135294
0 0.945588 0.667647 0.088235 0.119608