0 0.144853 0.216667 0.136765 0.201961
0 0.311765 0.211765 0.191176 0.192157
0 0.147794 0.435294 0.198529 0.203922
0 0.178676 0.689216 0.160294 0.292157
0 0.096324 0.719608 0.057353 0.160784
0 0.454412 0.290196 0.102941 0.137255
0 0.313235 0.513725 0.076471 0.094118
0 0.475735 0.446078 0.119118 0.135294
0 0.394118 0.685294 0.288235 0.413725
0 0.566176 0.327451 0.097059 0.145098
0 0.716176 0.233333 0.285294 0.258824
0 0.657353 0.407843 0.155882 0.164706
0 0.587500 0.529412 0.098529 0.133333
0 0.515441 0.681373 0.089706 0.131373
0 0.515441 0.812745 0.136765 0.143137
0 0.929412 0.192157 0.123529 0.227451
0 0.782353 0.478431 0.117647 0.125490
0 0.638971 0.658824 0.098529 0.129412
0 0.641176 0.843137 0.094118 0.125490
0 0.752206 0.755882 0.148529 0.221569
0 0.944853 0.384314 0.095588 0.117647
0 0.935294 0.536275 0.105882 0.127451
0 0.909559 0.746078 0.160294 0.198039