0 0.091912 0.220588 0.092647 0.182353
0 0.233088 0.214706 0.192647 0.201961
0 0.380147 0.292157 0.110294 0.141176
0 0.104412 0.438235 0.111765 0.201961
0 0.489706 0.327451 0.108824 0.141176
0 0.240441 0.510784 0.072059 0.088235
0 0.116912 0.695098 0.136765 0.268627
0 0.404412 0.435294 0.117647 0.113725
0 0.323529 0.688235 0.276471 0.411765
0 0.649265 0.237255 0.277941 0.254902
0 0.893382 0.199020 0.195588 0.237255
0 0.591176 0.406863 0.152941 0.170588
0 0.518382 0.531373 0.092647 0.129412
0 0.717647 0.478431 0.102941 0.133333
0 0.903676 0.390196 0.148529 0.129412
0 0.444118 0.680392 0.088235 0.125490
0 0.441176 0.814706 0.132353 0.143137
0 0.564706 0.661765 0.105882 0.123529
0 0.563971 0.826471 0.095588 0.147059
0 0.683088 0.752941 0.148529 0.219608
0 0.850000 0.749020 0.173529 0.188235
0 0.875735 0.538235 0.119118 0.127451
0 0.952941 0.743137 0.067647 0.247059