0 0.288971 0.199020 0.139706 0.186275
0 0.454412 0.209804 0.188235 0.192157
0 0.269853 0.429412 0.225000 0.207843
0 0.594853 0.286275 0.098529 0.141176
0 0.848529 0.226471 0.279412 0.245098
0 0.701471 0.326471 0.102941 0.139216
0 0.617647 0.429412 0.117647 0.117647
0 0.450000 0.512745 0.070588 0.084314
0 0.317647 0.691176 0.152941 0.284314
0 0.233824 0.716667 0.064706 0.158824
0 0.786765 0.407843 0.152941 0.164706
0 0.721324 0.527451 0.098529 0.129412
0 0.528676 0.680392 0.283824 0.419608
0 0.664706 0.674510 0.070588 0.125490
0 0.663971 0.813725 0.122059 0.137255
0 0.774265 0.662745 0.110294 0.125490
0 0.916176 0.478431 0.126471 0.137255
0 0.780147 0.833333 0.095588 0.137255
0 0.885294 0.752941 0.155882 0.227451