0 0.252206 0.202941 0.133824 0.198039
0 0.415441 0.215686 0.192647 0.203922
0 0.232353 0.433333 0.241176 0.207843
0 0.283088 0.691176 0.154412 0.296078
0 0.199265 0.719608 0.063235 0.160784
0 0.413971 0.517647 0.077941 0.086275
0 0.555882 0.286275 0.105882 0.141176
0 0.664706 0.327451 0.102941 0.141176
0 0.579412 0.436275 0.123529 0.119608
0 0.822059 0.224510 0.279412 0.268627
0 0.748529 0.403922 0.150000 0.156863
0 0.686765 0.529412 0.088235 0.133333
0 0.496324 0.689216 0.283824 0.413725
0 0.624265 0.678431 0.075000 0.125490
0 0.625735 0.811765 0.125000 0.141176
0 0.883088 0.478431 0.125000 0.133333
0 0.742647 0.662745 0.097059 0.129412
0 0.742647 0.836275 0.097059 0.135294
0 0.851471 0.752941 0.150000 0.227451
0 0.960294 0.745098 0.061765 0.192157