0 0.477206 0.196078 0.154412 0.196078
0 0.652206 0.207843 0.186765 0.207843
0 0.476471 0.423529 0.223529 0.203922
0 0.505147 0.680392 0.163235 0.301961
0 0.419853 0.710784 0.075000 0.162745
0 0.777941 0.293137 0.117647 0.147059
0 0.893382 0.326471 0.107353 0.139216
0 0.642647 0.511765 0.073529 0.094118
0 0.803676 0.430392 0.136765 0.119608
0 0.941176 0.406863 0.097059 0.154902
0 0.907353 0.527451 0.100000 0.137255
0 0.731618 0.689216 0.310294 0.413725
0 0.863235 0.674510 0.067647 0.125490
0 0.866176 0.811765 0.114706 0.141176
0 0.949265 0.657843 0.083824 0.127451
0 0.958088 0.842157 0.066176 0.123529
0 0.933088 0.213725 0.113235 0.192157