0 0.062961 0.338452 0.125921 0.212531
0 0.320792 0.215602 0.111486 0.207617
0 0.451167 0.262285 0.186118 0.396806
0 0.606880 0.208845 0.125307 0.184275
0 0.750154 0.261671 0.183354 0.265356
0 0.878686 0.321867 0.130835 0.218673
0 0.947789 0.234644 0.103194 0.199017
0 0.816493 0.457617 0.133600 0.156020
0 0.967905 0.473587 0.064189 0.114251
0 0.208845 0.644963 0.224816 0.253071
0 0.412469 0.646806 0.182432 0.345209
0 0.564496 0.565111 0.127150 0.159705
0 0.636364 0.794840 0.184275 0.189189
0 0.838606 0.795455 0.238636 0.214988
0 0.908170 0.593366 0.095823 0.117936