0 0.218980 0.215602 0.147420 0.187961
0 0.385749 0.269042 0.182432 0.275184
0 0.521652 0.328010 0.135442 0.230958
0 0.607801 0.234029 0.136364 0.200246
0 0.753839 0.200860 0.152027 0.232187
0 0.811886 0.322482 0.142813 0.185504
0 0.949478 0.351351 0.101044 0.179361
0 0.968827 0.161548 0.062346 0.234644
0 0.971591 0.658477 0.056818 0.228501
0 0.801751 0.598894 0.142813 0.173219
0 0.628071 0.480344 0.088452 0.108108
0 0.544687 0.598894 0.089373 0.114251
0 0.441032 0.455160 0.112408 0.148649
0 0.167844 0.566339 0.150184 0.167076
0 0.074017 0.272727 0.148034 0.395577
0 0.050061 0.647420 0.100122 0.331695
0 0.251229 0.802211 0.173219 0.186732
0 0.449324 0.802211 0.226658 0.223587
0 0.664005 0.705160 0.108722 0.152334
0 0.751536 0.761671 0.103194 0.125307
0 0.965141 0.847666 0.069717 0.105651