0 0.253993 0.194103 0.162162 0.218673
0 0.314803 0.323096 0.128993 0.181818
0 0.562193 0.164619 0.225737 0.267813
0 0.493090 0.360565 0.137285 0.170762
0 0.322174 0.606880 0.140049 0.171990
0 0.568643 0.651106 0.168612 0.213759
0 0.522574 0.855037 0.098587 0.115479
0 0.280713 0.767813 0.103194 0.127764
0 0.177979 0.713759 0.128071 0.147420
0 0.049447 0.598894 0.092138 0.119165
0 0.151720 0.487101 0.093980 0.111794
0 0.098741 0.244472 0.175983 0.196560
0 0.049140 0.355037 0.098280 0.216216
0 0.021038 0.780713 0.042076 0.210074