0 0.663544 0.649877 0.170455 0.211302
0 0.627611 0.854423 0.096744 0.106880
0 0.423065 0.600737 0.131757 0.176904
0 0.384828 0.769042 0.095823 0.125307
0 0.288544 0.711916 0.111486 0.146192
0 0.166923 0.597052 0.102273 0.122850
0 0.265049 0.480958 0.084767 0.109337
0 0.423986 0.318182 0.126229 0.169533
0 0.598127 0.353808 0.133600 0.171990
0 0.664926 0.166462 0.217445 0.264128
0 0.359029 0.199017 0.165848 0.218673
0 0.216216 0.229730 0.143735 0.203931
0 0.137439 0.342752 0.148342 0.221130
0 0.055436 0.466830 0.109644 0.154791
0 0.085074 0.789312 0.170147 0.219902
0 0.025184 0.280713 0.050368 0.173219