0 0.492629 0.603808 0.130835 0.173219
0 0.663084 0.356265 0.143735 0.169533
0 0.734490 0.168305 0.216523 0.267813
0 0.495393 0.321253 0.128993 0.187961
0 0.432740 0.198403 0.164005 0.224816
0 0.287162 0.234644 0.147420 0.201474
0 0.211609 0.336609 0.152948 0.221130
0 0.329545 0.482187 0.086609 0.111794
0 0.726198 0.650491 0.170455 0.207617
0 0.689343 0.851966 0.100430 0.111794
0 0.451628 0.767199 0.094902 0.126536
0 0.353501 0.713145 0.106880 0.146192
0 0.240633 0.598894 0.096744 0.119165
0 0.111179 0.463145 0.143735 0.154791
0 0.118704 0.793612 0.237408 0.223587
0 0.072174 0.279484 0.144348 0.291155