0 0.256296 0.214373 0.131757 0.183047
0 0.423065 0.265971 0.183354 0.266585
0 0.560811 0.325553 0.132678 0.223587
0 0.646038 0.233415 0.144656 0.196560
0 0.787469 0.205160 0.151106 0.238329
0 0.850584 0.320639 0.150184 0.181818
0 0.966984 0.363636 0.066032 0.167076
0 0.837684 0.596437 0.146499 0.178133
0 0.662623 0.480958 0.082002 0.114251
0 0.582463 0.597666 0.091216 0.114251
0 0.479269 0.457617 0.111486 0.146192
0 0.211149 0.570025 0.140971 0.169533
0 0.289466 0.803440 0.172297 0.189189
0 0.492168 0.800369 0.220209 0.219902
0 0.702703 0.707617 0.108722 0.140049
0 0.787930 0.759828 0.100430 0.124079
0 0.068796 0.648034 0.132678 0.337838
0 0.103808 0.269656 0.191646 0.389435