0 0.639128 0.165848 0.221130 0.260442
0 0.571407 0.356265 0.131757 0.162162
0 0.394042 0.316953 0.128993 0.169533
0 0.331388 0.196560 0.169533 0.218673
0 0.188114 0.230958 0.155713 0.206388
0 0.107033 0.346437 0.153870 0.226044
0 0.235565 0.482801 0.086609 0.122850
0 0.393120 0.606880 0.130835 0.174447
0 0.636824 0.647420 0.170455 0.211302
0 0.599048 0.856880 0.093059 0.101966
0 0.358569 0.769656 0.094902 0.121622
0 0.259521 0.712531 0.112408 0.142506
0 0.136978 0.600123 0.101351 0.119165
0 0.039466 0.460074 0.078931 0.141278
0 0.065725 0.788084 0.131450 0.219902