0 0.155866 0.272727 0.194410 0.272727
0 0.315264 0.333538 0.150184 0.232187
0 0.393581 0.231572 0.135442 0.200246
0 0.540080 0.200860 0.157555 0.227273
0 0.601351 0.318796 0.132678 0.175676
0 0.833538 0.171990 0.217445 0.250614
0 0.772727 0.347666 0.128993 0.179361
0 0.428133 0.482801 0.088452 0.110565
0 0.596744 0.601351 0.132678 0.170762
0 0.827088 0.648034 0.164005 0.205160
0 0.790233 0.851351 0.103194 0.108108
0 0.341984 0.598894 0.091216 0.114251
0 0.554361 0.766585 0.093980 0.120393
0 0.455774 0.715602 0.101351 0.141278
0 0.230958 0.803440 0.245086 0.228501
0 0.054515 0.789926 0.107801 0.179361
0 0.024724 0.263514 0.049447 0.183047
0 0.233262 0.459459 0.135442 0.159705