0 0.100486 0.351590 0.109982 0.173145
0 0.162765 0.163428 0.107332 0.114841
0 0.292624 0.179329 0.099382 0.128975
0 0.409894 0.151943 0.100707 0.148410
0 0.598719 0.170495 0.186837 0.203180
0 0.226369 0.387809 0.144435 0.157244
0 0.489399 0.340106 0.121908 0.160777
0 0.755742 0.327739 0.137809 0.178445
0 0.109099 0.606007 0.124558 0.137809
0 0.350928 0.537102 0.104682 0.144876
0 0.465548 0.579505 0.116608 0.144876
0 0.665636 0.605124 0.129859 0.167845
0 0.101148 0.795053 0.092756 0.144876
0 0.213781 0.758834 0.148410 0.174912
0 0.355565 0.758834 0.113958 0.160777
0 0.496025 0.816254 0.129859 0.169611