0 0.219081 0.150177 0.095406 0.102473
0 0.344965 0.178445 0.098057 0.123675
0 0.466210 0.154594 0.102032 0.146643
0 0.652385 0.166078 0.182862 0.197880
0 0.149514 0.340106 0.128534 0.157244
0 0.286661 0.386926 0.135159 0.151943
0 0.542403 0.340989 0.121908 0.166078
0 0.804770 0.329505 0.151060 0.181979
0 0.168728 0.611307 0.121908 0.141343
0 0.404594 0.536219 0.106007 0.139576
0 0.521864 0.576855 0.117933 0.153710
0 0.714664 0.600707 0.143110 0.166078
0 0.162765 0.795936 0.091431 0.143110
0 0.274735 0.757067 0.143110 0.189046
0 0.413869 0.761484 0.106007 0.159011
0 0.551678 0.807420 0.124558 0.190813