0 0.069346 0.333922 0.045053 0.151943
0 0.164753 0.340989 0.124558 0.159011
0 0.233657 0.149293 0.108657 0.118375
0 0.354240 0.177562 0.100707 0.128975
0 0.476811 0.151060 0.099382 0.157244
0 0.663648 0.168728 0.181537 0.206714
0 0.818021 0.329505 0.151060 0.181979
0 0.551016 0.340106 0.123233 0.164311
0 0.296599 0.384276 0.133834 0.157244
0 0.418507 0.537102 0.107332 0.144876
0 0.534452 0.577739 0.111307 0.148410
0 0.729240 0.597173 0.151060 0.183746
0 0.178004 0.610424 0.116608 0.128975
0 0.174691 0.793286 0.094081 0.148410
0 0.283348 0.763251 0.139134 0.180212
0 0.425795 0.768551 0.108657 0.144876
0 0.562942 0.810071 0.128534 0.196113
0 0.064708 0.640459 0.035777 0.189046