0 0.083922 0.371025 0.079505 0.190813
0 0.196555 0.306537 0.161661 0.185512
0 0.392668 0.145760 0.100707 0.125442
0 0.515239 0.180212 0.094081 0.130742
0 0.637809 0.154594 0.106007 0.146643
0 0.820671 0.167845 0.196113 0.208481
0 0.341652 0.330389 0.115283 0.151943
0 0.454284 0.386042 0.120583 0.143110
0 0.707376 0.337456 0.128534 0.162544
0 0.943905 0.326855 0.092756 0.173145
0 0.166078 0.643110 0.233216 0.325088
0 0.354903 0.611307 0.109982 0.141343
0 0.586131 0.535336 0.106007 0.144876
0 0.701413 0.576855 0.116608 0.150177
0 0.886926 0.600707 0.159011 0.176678
0 0.346290 0.803004 0.090106 0.139576
0 0.450972 0.764134 0.127208 0.171378
0 0.592756 0.762367 0.111307 0.153710
0 0.726590 0.810071 0.135159 0.185512