0 0.176678 0.307420 0.159011 0.190813
0 0.375442 0.145760 0.100707 0.128975
0 0.494700 0.176678 0.095406 0.123675
0 0.619258 0.149293 0.111307 0.146643
0 0.802783 0.170495 0.200088 0.206714
0 0.321113 0.328622 0.116608 0.151943
0 0.438383 0.383392 0.131184 0.151943
0 0.692138 0.339223 0.124558 0.162544
0 0.933966 0.330389 0.115283 0.180212
0 0.155477 0.643110 0.214664 0.328622
0 0.331051 0.613074 0.104682 0.134276
0 0.568242 0.536219 0.104682 0.146643
0 0.680212 0.575088 0.119258 0.153710
0 0.871687 0.598057 0.152385 0.181979
0 0.327739 0.804770 0.090106 0.139576
0 0.428445 0.760601 0.124558 0.171378
0 0.571555 0.764134 0.111307 0.150177
0 0.708701 0.805654 0.131184 0.190813