0 0.154814 0.340106 0.218640 0.249117
0 0.321776 0.295053 0.157686 0.197880
0 0.512588 0.145760 0.102032 0.121908
0 0.627208 0.178445 0.098057 0.130742
0 0.462235 0.326855 0.115283 0.148410
0 0.755742 0.151060 0.113958 0.153710
0 0.911440 0.172261 0.157686 0.192580
0 0.579505 0.379859 0.119258 0.151943
0 0.820009 0.340989 0.125883 0.159011
0 0.290636 0.646643 0.249117 0.310954
0 0.471511 0.609541 0.102032 0.134276
0 0.708039 0.532686 0.106007 0.139576
0 0.812721 0.573322 0.137809 0.150177
0 0.960468 0.589223 0.062279 0.171378
0 0.466873 0.802120 0.090106 0.137809
0 0.572880 0.755300 0.119258 0.189046
0 0.712677 0.760601 0.115283 0.143110
0 0.845186 0.800353 0.147085 0.201413