327.0 293.0 568.0 170.0 648.0 326.0 406.0 449.0 Box 0
622.0 200.0 763.0 191.0 771.0 320.0 630.0 329.0 Box 0
439.0 116.0 515.0 28.0 594.0 96.0 519.0 184.0 Box 0
628.0 351.0 683.0 390.0 639.0 452.0 584.0 412.0 Box 0
765.0 384.0 830.0 391.0 823.0 458.0 758.0 450.0 Box 0
587.0 48.0 775.0 90.0 747.0 215.0 559.0 173.0 Box 0
644.0 340.0 720.0 347.0 709.0 452.0 634.0 444.0 Box 0
757.0 15.0 825.0 22.0 818.0 95.0 750.0 88.0 Box 0
805.0 39.0 886.0 41.0 884.0 135.0 803.0 134.0 Box 0
750.0 132.0 832.0 146.0 816.0 243.0 734.0 230.0 Box 0
819.0 338.0 885.0 340.0 882.0 412.0 817.0 410.0 Box 0
770.0 281.0 832.0 312.0 801.0 372.0 740.0 340.0 Box 0
797.0 154.0 885.0 154.0 885.0 308.0 797.0 308.0 Box 0
