176.0 74.0 229.0 78.0 225.0 130.0 173.0 127.0 Box 0
257.0 72.0 308.0 64.0 316.0 116.0 265.0 124.0 Box 0
701.0 41.0 719.0 92.0 670.0 109.0 652.0 58.0 Box 0
0.0 271.0 26.0 271.0 26.0 345.0 0.0 345.0 Box 0
47.0 318.0 129.0 312.0 134.0 382.0 51.0 387.0 Box 0
148.0 129.0 174.0 197.0 111.0 221.0 85.0 153.0 Box 0
0.0 97.0 75.0 97.0 75.0 200.0 0.0 200.0 Box 0
174.0 198.0 201.0 268.0 143.0 291.0 116.0 221.0 Box 0
501.0 290.0 556.0 286.0 559.0 342.0 504.0 345.0 Box 0
250.0 370.0 333.0 349.0 350.0 419.0 267.0 440.0 Box 0
281.0 175.0 334.0 167.0 342.0 223.0 290.0 231.0 Box 0
503.0 71.0 571.0 56.0 589.0 137.0 522.0 153.0 Box 0
0.0 348.0 35.0 348.0 35.0 420.0 0.0 420.0 Box 0
7.0 193.0 74.0 172.0 100.0 253.0 32.0 274.0 Box 0
