525.0 267.0 603.0 264.0 605.0 320.0 527.0 323.0 Box 0
223.0 192.0 297.0 221.0 278.0 272.0 203.0 243.0 Box 0
466.0 250.0 520.0 250.0 521.0 302.0 467.0 303.0 Box 0
95.0 170.0 148.0 185.0 126.0 259.0 74.0 244.0 Box 0
0.0 80.0 101.0 80.0 101.0 178.0 0.0 178.0 Box 0
240.0 72.0 293.0 63.0 307.0 140.0 253.0 150.0 Box 0
0.0 155.0 31.0 155.0 31.0 315.0 0.0 315.0 Box 0
463.0 43.0 630.0 71.0 611.0 184.0 444.0 155.0 Box 0
41.0 238.0 121.0 261.0 92.0 359.0 12.0 335.0 Box 0
149.0 276.0 273.0 337.0 219.0 446.0 95.0 384.0 Box 0
