71.0 81.0 150.0 81.0 150.0 150.0 71.0 150.0 Box 0
541.0 138.0 616.0 126.0 624.0 178.0 549.0 190.0 Box 0
174.0 130.0 243.0 137.0 236.0 215.0 166.0 208.0 Box 0
442.0 376.0 521.0 366.0 528.0 421.0 449.0 430.0 Box 0
0.0 268.0 67.0 268.0 67.0 360.0 0.0 360.0 Box 0
58.0 171.0 89.0 211.0 46.0 245.0 14.0 205.0 Box 0
0.0 74.0 77.0 74.0 77.0 175.0 0.0 175.0 Box 0
32.0 365.0 114.0 373.0 107.0 443.0 25.0 435.0 Box 0
375.0 63.0 422.0 64.0 421.0 119.0 374.0 117.0 Box 0
66.0 230.0 217.0 230.0 217.0 357.0 66.0 357.0 Box 0
230.0 65.0 279.0 88.0 256.0 136.0 207.0 113.0 Box 0
365.0 214.0 445.0 226.0 435.0 294.0 354.0 282.0 Box 0
