233.0 295.0 475.0 172.0 554.0 326.0 312.0 450.0 Box 0
530.0 206.0 671.0 197.0 679.0 326.0 538.0 335.0 Box 0
349.0 114.0 423.0 27.0 503.0 95.0 429.0 182.0 Box 0
525.0 351.0 589.0 396.0 544.0 458.0 481.0 413.0 Box 0
666.0 384.0 735.0 392.0 728.0 456.0 659.0 449.0 Box 0
494.0 45.0 682.0 87.0 654.0 212.0 466.0 170.0 Box 0
553.0 339.0 645.0 348.0 635.0 453.0 543.0 444.0 Box 0
661.0 19.0 726.0 25.0 719.0 92.0 654.0 86.0 Box 0
745.0 40.0 819.0 58.0 802.0 127.0 728.0 109.0 Box 0
657.0 136.0 740.0 150.0 724.0 247.0 641.0 234.0 Box 0
737.0 351.0 812.0 349.0 814.0 410.0 739.0 412.0 Box 0
674.0 285.0 734.0 317.0 702.0 377.0 642.0 345.0 Box 0
736.0 155.0 884.0 187.0 850.0 336.0 703.0 303.0 Box 0
