151.0 47.0 261.0 54.0 255.0 142.0 145.0 135.0 Box 0
4.0 203.0 56.0 185.0 83.0 260.0 31.0 279.0 Box 0
0.0 276.0 118.0 276.0 118.0 410.0 0.0 410.0 Box 0
249.0 130.0 338.0 157.0 288.0 325.0 199.0 298.0 Box 0
189.0 309.0 257.0 366.0 184.0 452.0 117.0 395.0 Box 0
89.0 191.0 142.0 175.0 165.0 251.0 112.0 267.0 Box 0
314.0 347.0 411.0 349.0 409.0 435.0 312.0 433.0 Box 0
0.0 98.0 56.0 98.0 56.0 196.0 0.0 196.0 Box 0
636.0 226.0 782.0 226.0 782.0 324.0 636.0 324.0 Box 0
420.0 247.0 476.0 251.0 470.0 336.0 414.0 332.0 Box 0
