112.0 381.0 185.0 381.0 185.0 439.0 112.0 439.0 Box 0
60.0 87.0 113.0 146.0 74.0 182.0 21.0 123.0 Box 0
0.0 158.0 35.0 158.0 35.0 256.0 0.0 256.0 Box 0
251.0 176.0 292.0 210.0 257.0 252.0 216.0 218.0 Box 0
0.0 257.0 56.0 257.0 56.0 344.0 0.0 344.0 Box 0
645.0 224.0 785.0 224.0 785.0 346.0 645.0 346.0 Box 0
27.0 297.0 130.0 270.0 151.0 351.0 49.0 378.0 Box 0
190.0 56.0 303.0 54.0 304.0 141.0 191.0 143.0 Box 0
372.0 151.0 421.0 163.0 410.0 215.0 360.0 204.0 Box 0
487.0 338.0 539.0 385.0 484.0 445.0 433.0 398.0 Box 0
