200.0 118.0 253.0 93.0 290.0 172.0 236.0 196.0 Box 0
235.0 362.0 289.0 376.0 275.0 429.0 222.0 415.0 Box 0
0.0 82.0 86.0 82.0 86.0 180.0 0.0 180.0 Box 0
517.0 64.0 565.0 128.0 509.0 169.0 462.0 104.0 Box 0
0.0 328.0 97.0 328.0 97.0 439.0 0.0 439.0 Box 0
281.0 302.0 364.0 313.0 354.0 385.0 272.0 374.0 Box 0
115.0 64.0 145.0 106.0 100.0 138.0 70.0 96.0 Box 0
373.0 74.0 453.0 58.0 466.0 127.0 387.0 143.0 Box 0
319.0 156.0 380.0 189.0 340.0 262.0 279.0 229.0 Box 0
139.0 251.0 165.0 256.0 153.0 311.0 127.0 305.0 Box 0
561.0 225.0 630.0 262.0 604.0 312.0 535.0 275.0 Box 0
248.0 279.0 282.0 320.0 239.0 357.0 204.0 316.0 Box 0
49.0 286.0 104.0 294.0 96.0 350.0 40.0 342.0 Box 0
0.0 184.0 63.0 184.0 63.0 242.0 0.0 242.0 Box 0
210.0 183.0 261.0 208.0 238.0 255.0 187.0 231.0 Box 0
