554.0 201.0 695.0 192.0 703.0 321.0 563.0 330.0 Box 0
257.0 294.0 499.0 171.0 578.0 325.0 336.0 449.0 Box 0
371.0 114.0 445.0 27.0 525.0 95.0 451.0 182.0 Box 0
557.0 352.0 617.0 395.0 573.0 456.0 514.0 413.0 Box 0
689.0 382.0 760.0 389.0 753.0 456.0 682.0 449.0 Box 0
520.0 46.0 709.0 88.0 681.0 213.0 492.0 171.0 Box 0
573.0 337.0 653.0 345.0 643.0 450.0 563.0 442.0 Box 0
686.0 16.0 752.0 23.0 744.0 95.0 679.0 89.0 Box 0
780.0 39.0 851.0 57.0 834.0 126.0 763.0 109.0 Box 0
683.0 135.0 765.0 148.0 750.0 246.0 667.0 232.0 Box 0
768.0 350.0 840.0 348.0 842.0 410.0 770.0 412.0 Box 0
699.0 282.0 761.0 315.0 728.0 376.0 666.0 343.0 Box 0
730.0 154.0 885.0 154.0 885.0 322.0 730.0 322.0 Box 0
