461.0 51.0 534.0 76.0 516.0 128.0 443.0 102.0 Box 0
0.0 353.0 34.0 353.0 34.0 416.0 0.0 416.0 Box 0
69.0 220.0 149.0 236.0 136.0 304.0 56.0 288.0 Box 0
177.0 122.0 294.0 133.0 276.0 334.0 158.0 324.0 Box 0
110.0 325.0 157.0 351.0 130.0 399.0 83.0 372.0 Box 0
0.0 97.0 39.0 97.0 39.0 153.0 0.0 153.0 Box 0
27.0 152.0 103.0 140.0 111.0 192.0 35.0 204.0 Box 0
16.0 85.0 64.0 80.0 70.0 135.0 22.0 140.0 Box 0
0.0 232.0 46.0 232.0 46.0 350.0 0.0 350.0 Box 0
0.0 153.0 38.0 153.0 38.0 232.0 0.0 232.0 Box 0
