718.0 53.0 771.0 103.0 707.0 172.0 654.0 122.0 Box 0
173.0 350.0 274.0 354.0 271.0 437.0 171.0 434.0 Box 0
0.0 104.0 29.0 104.0 29.0 192.0 0.0 192.0 Box 0
188.0 123.0 275.0 160.0 205.0 322.0 118.0 285.0 Box 0
103.0 313.0 163.0 377.0 84.0 451.0 24.0 386.0 Box 0
9.0 78.0 121.0 58.0 136.0 143.0 24.0 163.0 Box 0
367.0 242.0 481.0 225.0 494.0 313.0 380.0 329.0 Box 0
0.0 190.0 49.0 190.0 49.0 276.0 0.0 276.0 Box 0
0.0 269.0 82.0 269.0 82.0 412.0 0.0 412.0 Box 0
450.0 371.0 530.0 363.0 535.0 419.0 456.0 427.0 Box 0
267.0 251.0 323.0 254.0 319.0 336.0 263.0 333.0 Box 0
48.0 195.0 101.0 177.0 127.0 252.0 74.0 271.0 Box 0
