0.0 105.0 55.0 105.0 55.0 218.0 0.0 218.0 Box 0
0.0 319.0 90.0 317.0 92.0 430.0 3.0 432.0 Box 0
109.0 303.0 152.0 296.0 164.0 370.0 121.0 378.0 Box 0
167.0 362.0 195.0 438.0 130.0 462.0 102.0 386.0 Box 0
506.0 373.0 581.0 346.0 606.0 414.0 530.0 441.0 Box 0
264.0 30.0 304.0 104.0 214.0 152.0 174.0 78.0 Box 0
236.0 120.0 351.0 88.0 405.0 280.0 290.0 312.0 Box 0
0.0 274.0 40.0 274.0 40.0 319.0 0.0 319.0 Box 0
183.0 328.0 288.0 335.0 283.0 419.0 178.0 413.0 Box 0
208.0 201.0 262.0 267.0 180.0 335.0 126.0 269.0 Box 0
673.0 200.0 782.0 200.0 782.0 318.0 673.0 318.0 Box 0
0.0 114.0 196.0 114.0 196.0 305.0 0.0 305.0 Box 0
