273.0 68.0 324.0 79.0 313.0 130.0 262.0 119.0 Box 0
161.0 353.0 279.0 360.0 274.0 452.0 156.0 445.0 Box 0
69.0 131.0 120.0 176.0 67.0 237.0 16.0 193.0 Box 0
102.0 65.0 167.0 116.0 125.0 170.0 60.0 119.0 Box 0
1.0 283.0 64.0 240.0 105.0 300.0 42.0 343.0 Box 0
48.0 220.0 177.0 125.0 256.0 233.0 127.0 328.0 Box 0
413.0 139.0 398.0 192.0 348.0 178.0 362.0 125.0 Box 0
216.0 254.0 300.0 267.0 289.0 337.0 206.0 324.0 Box 0
495.0 252.0 503.0 306.0 450.0 314.0 442.0 260.0 Box 0
595.0 364.0 671.0 318.0 729.0 414.0 652.0 460.0 Box 0
0.0 78.0 54.0 78.0 54.0 191.0 0.0 191.0 Box 0
42.0 333.0 153.0 367.0 126.0 453.0 15.0 419.0 Box 0
