0.0 363.0 34.0 363.0 34.0 423.0 0.0 423.0 Box 0
325.0 333.0 310.0 385.0 258.0 369.0 273.0 318.0 Box 0
463.0 224.0 523.0 278.0 476.0 331.0 415.0 276.0 Box 0
27.0 205.0 105.0 186.0 118.0 237.0 40.0 256.0 Box 0
288.0 161.0 330.0 193.0 298.0 237.0 255.0 205.0 Box 0
224.0 268.0 275.0 250.0 292.0 301.0 241.0 319.0 Box 0
618.0 131.0 699.0 134.0 697.0 203.0 616.0 201.0 Box 0
209.0 43.0 250.0 102.0 185.0 149.0 143.0 90.0 Box 0
0.0 69.0 129.0 69.0 129.0 209.0 0.0 209.0 Box 0
0.0 275.0 20.0 275.0 20.0 356.0 0.0 356.0 Box 0
