0.0 199.0 23.0 199.0 23.0 264.0 0.0 264.0 Box 0
160.0 236.0 215.0 239.0 212.0 291.0 157.0 287.0 Box 0
339.0 56.0 420.0 62.0 415.0 130.0 334.0 124.0 Box 0
0.0 275.0 35.0 275.0 35.0 331.0 0.0 331.0 Box 0
679.0 282.0 710.0 327.0 666.0 358.0 634.0 313.0 Box 0
242.0 139.0 290.0 191.0 232.0 246.0 183.0 194.0 Box 0
59.0 167.0 81.0 218.0 31.0 239.0 9.0 189.0 Box 0
176.0 305.0 244.0 348.0 205.0 410.0 137.0 368.0 Box 0
0.0 79.0 114.0 79.0 114.0 179.0 0.0 179.0 Box 0
298.0 356.0 380.0 375.0 364.0 448.0 281.0 428.0 Box 0
254.0 259.0 297.0 291.0 263.0 336.0 220.0 304.0 Box 0
436.0 84.0 491.0 88.0 487.0 138.0 432.0 135.0 Box 0
