667.0 215.0 782.0 215.0 782.0 321.0 667.0 321.0 Box 0
107.0 345.0 66.0 332.0 89.0 255.0 130.0 267.0 Box 0
484.0 241.0 546.0 305.0 466.0 382.0 404.0 318.0 Box 0
40.0 243.0 93.0 259.0 69.0 335.0 17.0 319.0 Box 0
0.0 216.0 60.0 216.0 60.0 385.0 0.0 385.0 Box 0
77.0 136.0 172.0 196.0 125.0 270.0 30.0 211.0 Box 0
236.0 166.0 291.0 230.0 204.0 305.0 148.0 241.0 Box 0
355.0 379.0 400.0 355.0 426.0 405.0 380.0 429.0 Box 0
74.0 359.0 173.0 341.0 190.0 438.0 91.0 455.0 Box 0
1.0 162.0 54.0 162.0 54.0 231.0 1.0 231.0 Box 0
