235.0 174.0 270.0 238.0 195.0 278.0 161.0 214.0 Box 0
276.0 80.0 227.0 178.0 149.0 138.0 199.0 40.0 Box 0
0.0 230.0 69.0 230.0 69.0 322.0 0.0 322.0 Box 0
474.0 59.0 555.0 57.0 556.0 125.0 476.0 127.0 Box 0
213.0 274.0 331.0 288.0 313.0 440.0 195.0 426.0 Box 0
0.0 153.0 59.0 153.0 59.0 229.0 0.0 229.0 Box 0
0.0 85.0 60.0 85.0 60.0 145.0 0.0 145.0 Box 0
746.0 319.0 782.0 319.0 782.0 377.0 746.0 377.0 Box 0
549.0 194.0 627.0 262.0 573.0 325.0 495.0 256.0 Box 0
469.0 113.0 414.0 175.0 338.0 107.0 393.0 46.0 Box 0
