0.0 164.0 125.0 164.0 125.0 305.0 0.0 305.0 Box 0
248.0 185.0 297.0 255.0 203.0 321.0 153.0 251.0 Box 0
0.0 303.0 89.0 303.0 89.0 425.0 0.0 425.0 Box 0
78.0 350.0 111.0 379.0 52.0 445.0 19.0 416.0 Box 0
734.0 197.0 782.0 197.0 782.0 314.0 734.0 314.0 Box 0
6.0 105.0 59.0 89.0 80.0 157.0 28.0 173.0 Box 0
108.0 255.0 185.0 298.0 144.0 374.0 67.0 332.0 Box 0
483.0 136.0 527.0 131.0 534.0 187.0 490.0 192.0 Box 0
134.0 140.0 193.0 182.0 150.0 243.0 91.0 201.0 Box 0
345.0 381.0 399.0 335.0 454.0 401.0 399.0 446.0 Box 0
