361.0 244.0 413.0 256.0 400.0 306.0 349.0 294.0 Box 0
202.0 92.0 363.0 130.0 336.0 243.0 176.0 205.0 Box 0
526.0 221.0 561.0 262.0 518.0 297.0 484.0 257.0 Box 0
711.0 72.0 782.0 72.0 782.0 188.0 711.0 188.0 Box 0
121.0 325.0 49.0 335.0 41.0 283.0 113.0 272.0 Box 0
431.0 186.0 516.0 125.0 564.0 192.0 480.0 252.0 Box 0
139.0 221.0 179.0 241.0 155.0 290.0 115.0 270.0 Box 0
593.0 392.0 646.0 392.0 646.0 434.0 593.0 435.0 Box 0
0.0 91.0 129.0 91.0 129.0 274.0 0.0 274.0 Box 0
118.0 80.0 197.0 89.0 190.0 147.0 111.0 137.0 Box 0
