0.0 301.0 89.0 301.0 89.0 426.0 0.0 426.0 Box 0
699.0 189.0 782.0 189.0 782.0 358.0 699.0 358.0 Box 0
451.0 137.0 492.0 132.0 499.0 186.0 457.0 191.0 Box 0
108.0 255.0 188.0 298.0 148.0 372.0 68.0 330.0 Box 0
6.0 103.0 63.0 88.0 82.0 159.0 25.0 174.0 Box 0
249.0 185.0 298.0 255.0 205.0 322.0 155.0 253.0 Box 0
138.0 137.0 196.0 178.0 148.0 245.0 90.0 203.0 Box 0
0.0 160.0 130.0 160.0 130.0 299.0 0.0 299.0 Box 0
75.0 358.0 105.0 386.0 52.0 444.0 22.0 416.0 Box 0
329.0 381.0 381.0 336.0 436.0 398.0 385.0 444.0 Box 0
