0.0 280.0 26.0 280.0 26.0 355.0 0.0 355.0 Box 0
0.0 362.0 32.0 362.0 32.0 423.0 0.0 423.0 Box 0
206.0 175.0 258.0 164.0 269.0 217.0 217.0 228.0 Box 0
209.0 43.0 250.0 101.0 185.0 148.0 143.0 90.0 Box 0
85.0 315.0 104.0 366.0 54.0 385.0 35.0 333.0 Box 0
28.0 205.0 107.0 185.0 121.0 238.0 41.0 258.0 Box 0
574.0 383.0 627.0 389.0 621.0 444.0 568.0 438.0 Box 0
351.0 134.0 432.0 138.0 428.0 207.0 347.0 203.0 Box 0
619.0 298.0 688.0 307.0 677.0 387.0 607.0 378.0 Box 0
30.0 271.0 82.0 259.0 94.0 311.0 42.0 323.0 Box 0
0.0 69.0 114.0 69.0 114.0 202.0 0.0 202.0 Box 0
226.0 224.0 287.0 281.0 237.0 334.0 176.0 277.0 Box 0
