563.0 283.0 664.0 263.0 680.0 345.0 579.0 364.0 Box 0
92.0 144.0 241.0 125.0 257.0 250.0 107.0 269.0 Box 0
0.0 74.0 102.0 74.0 102.0 161.0 0.0 161.0 Box 0
551.0 69.0 607.0 123.0 570.0 162.0 514.0 107.0 Box 0
0.0 160.0 61.0 160.0 61.0 322.0 0.0 322.0 Box 0
293.0 240.0 353.0 294.0 306.0 346.0 246.0 293.0 Box 0
0.0 356.0 58.0 356.0 58.0 418.0 0.0 418.0 Box 0
283.0 50.0 348.0 95.0 318.0 139.0 253.0 94.0 Box 0
75.0 311.0 161.0 311.0 161.0 416.0 75.0 416.0 Box 0
208.0 337.0 253.0 303.0 285.0 346.0 240.0 379.0 Box 0
