0.0 98.0 55.0 98.0 55.0 194.0 0.0 194.0 Box 0
233.0 125.0 321.0 161.0 254.0 325.0 166.0 289.0 Box 0
102.0 313.0 162.0 377.0 83.0 451.0 23.0 386.0 Box 0
708.0 345.0 782.0 345.0 782.0 427.0 708.0 427.0 Box 0
174.0 350.0 274.0 354.0 272.0 437.0 171.0 434.0 Box 0
95.0 54.0 187.0 52.0 189.0 145.0 97.0 147.0 Box 0
406.0 252.0 462.0 255.0 458.0 337.0 402.0 334.0 Box 0
0.0 193.0 56.0 193.0 56.0 280.0 0.0 280.0 Box 0
67.0 192.0 121.0 176.0 145.0 252.0 91.0 269.0 Box 0
482.0 238.0 595.0 222.0 608.0 309.0 494.0 326.0 Box 0
0.0 276.0 85.0 276.0 85.0 416.0 0.0 416.0 Box 0
