548.0 79.0 599.0 68.0 610.0 119.0 560.0 130.0 Box 0
42.0 336.0 155.0 364.0 134.0 451.0 21.0 424.0 Box 0
101.0 66.0 167.0 116.0 125.0 170.0 59.0 120.0 Box 0
0.0 79.0 61.0 79.0 61.0 192.0 0.0 192.0 Box 0
349.0 341.0 462.0 370.0 440.0 459.0 327.0 430.0 Box 0
216.0 255.0 300.0 267.0 289.0 338.0 206.0 325.0 Box 0
48.0 222.0 179.0 130.0 254.0 236.0 123.0 329.0 Box 0
68.0 130.0 121.0 176.0 69.0 238.0 15.0 192.0 Box 0
1.0 283.0 64.0 241.0 104.0 301.0 41.0 343.0 Box 0
701.0 133.0 692.0 187.0 641.0 179.0 649.0 125.0 Box 0
