124.0 262.0 166.0 254.0 175.0 302.0 133.0 310.0 Box 0
0.0 101.0 57.0 101.0 57.0 149.0 0.0 149.0 Box 0
311.0 55.0 378.0 76.0 361.0 129.0 294.0 108.0 Box 0
150.0 67.0 204.0 72.0 199.0 123.0 146.0 118.0 Box 0
163.0 367.0 214.0 307.0 256.0 342.0 205.0 403.0 Box 0
646.0 127.0 710.0 181.0 642.0 261.0 579.0 208.0 Box 0
0.0 137.0 97.0 137.0 97.0 264.0 0.0 264.0 Box 0
0.0 308.0 15.0 308.0 15.0 414.0 0.0 414.0 Box 0
217.0 308.0 312.0 241.0 363.0 312.0 268.0 379.0 Box 0
34.0 85.0 89.0 74.0 99.0 124.0 44.0 135.0 Box 0
90.0 146.0 149.0 139.0 158.0 213.0 99.0 220.0 Box 0
