497.0 287.0 557.0 317.0 526.0 378.0 466.0 347.0 Box 0
320.0 357.0 374.0 400.0 328.0 457.0 274.0 414.0 Box 0
567.0 351.0 636.0 348.0 639.0 411.0 570.0 415.0 Box 0
491.0 383.0 559.0 392.0 550.0 460.0 483.0 451.0 Box 0
387.0 347.0 447.0 356.0 432.0 456.0 372.0 447.0 Box 0
475.0 133.0 561.0 148.0 545.0 245.0 459.0 230.0 Box 0
35.0 288.0 286.0 175.0 357.0 331.0 105.0 445.0 Box 0
574.0 41.0 641.0 57.0 624.0 126.0 557.0 110.0 Box 0
485.0 18.0 550.0 26.0 542.0 96.0 476.0 88.0 Box 0
225.0 27.0 305.0 96.0 229.0 184.0 150.0 115.0 Box 0
323.0 201.0 488.0 181.0 506.0 319.0 341.0 340.0 Box 0
559.0 154.0 684.0 187.0 645.0 336.0 519.0 303.0 Box 0
300.0 46.0 500.0 97.0 468.0 222.0 268.0 171.0 Box 0
