3.0 81.0 105.0 75.0 109.0 157.0 8.0 163.0 Box 0
214.0 151.0 286.0 206.0 216.0 296.0 145.0 240.0 Box 0
0.0 170.0 37.0 170.0 37.0 280.0 0.0 280.0 Box 0
379.0 208.0 456.0 251.0 403.0 348.0 326.0 306.0 Box 0
0.0 328.0 68.0 328.0 68.0 396.0 0.0 396.0 Box 0
148.0 295.0 218.0 348.0 147.0 441.0 77.0 388.0 Box 0
43.0 378.0 90.0 400.0 70.0 443.0 23.0 421.0 Box 0
767.0 157.0 782.0 157.0 782.0 234.0 767.0 234.0 Box 0
466.0 63.0 564.0 59.0 566.0 141.0 468.0 144.0 Box 0
0.0 167.0 171.0 167.0 171.0 357.0 0.0 357.0 Box 0
261.0 335.0 318.0 376.0 270.0 443.0 213.0 402.0 Box 0
251.0 61.0 280.0 125.0 208.0 157.0 179.0 94.0 Box 0
