501.0 83.0 571.0 57.0 590.0 107.0 520.0 133.0 Box 0
646.0 309.0 724.0 323.0 712.0 392.0 634.0 378.0 Box 0
288.0 257.0 233.0 253.0 236.0 201.0 291.0 204.0 Box 0
183.0 87.0 228.0 60.0 255.0 106.0 210.0 133.0 Box 0
175.0 270.0 65.0 308.0 17.0 166.0 127.0 129.0 Box 0
248.0 110.0 284.0 147.0 229.0 202.0 193.0 165.0 Box 0
390.0 212.0 489.0 228.0 476.0 309.0 377.0 293.0 Box 0
0.0 84.0 60.0 84.0 60.0 171.0 0.0 171.0 Box 0
52.0 340.0 140.0 324.0 160.0 436.0 73.0 452.0 Box 0
0.0 174.0 46.0 174.0 46.0 263.0 0.0 263.0 Box 0
