233.0 65.0 286.0 64.0 287.0 117.0 233.0 118.0 Box 0
353.0 290.0 408.0 355.0 339.0 413.0 284.0 348.0 Box 0
114.0 64.0 173.0 70.0 165.0 146.0 106.0 140.0 Box 0
228.0 127.0 314.0 150.0 285.0 257.0 199.0 233.0 Box 0
17.0 93.0 71.0 81.0 88.0 157.0 34.0 169.0 Box 0
574.0 59.0 651.0 61.0 649.0 127.0 572.0 125.0 Box 0
0.0 328.0 27.0 328.0 27.0 407.0 0.0 407.0 Box 0
117.0 265.0 145.0 312.0 81.0 350.0 53.0 304.0 Box 0
505.0 262.0 582.0 255.0 586.0 309.0 509.0 315.0 Box 0
0.0 163.0 132.0 163.0 132.0 275.0 0.0 275.0 Box 0
