0.0 128.0 107.0 128.0 107.0 256.0 0.0 256.0 Box 0
633.0 109.0 782.0 109.0 782.0 300.0 633.0 300.0 Box 0
0.0 342.0 61.0 342.0 61.0 418.0 0.0 418.0 Box 0
144.0 33.0 229.0 24.0 239.0 128.0 155.0 137.0 Box 0
120.0 342.0 179.0 379.0 150.0 426.0 91.0 389.0 Box 0
0.0 243.0 42.0 243.0 42.0 340.0 0.0 340.0 Box 0
142.0 252.0 236.0 278.0 212.0 363.0 118.0 337.0 Box 0
0.0 255.0 114.0 255.0 114.0 372.0 0.0 372.0 Box 0
275.0 321.0 365.0 321.0 365.0 437.0 275.0 437.0 Box 0
212.0 375.0 255.0 406.0 225.0 449.0 181.0 418.0 Box 0
365.0 210.0 435.0 174.0 459.0 222.0 390.0 258.0 Box 0
