0.0 94.0 27.0 94.0 27.0 153.0 0.0 153.0 Box 0
274.0 92.0 208.0 181.0 137.0 128.0 203.0 39.0 Box 0
715.0 169.0 782.0 169.0 782.0 218.0 715.0 218.0 Box 0
368.0 46.0 437.0 119.0 377.0 176.0 308.0 103.0 Box 0
426.0 195.0 505.0 263.0 451.0 326.0 372.0 258.0 Box 0
0.0 166.0 25.0 166.0 25.0 231.0 0.0 231.0 Box 0
549.0 346.0 596.0 319.0 634.0 387.0 587.0 413.0 Box 0
69.0 277.0 165.0 288.0 146.0 444.0 50.0 432.0 Box 0
474.0 58.0 554.0 57.0 556.0 125.0 476.0 127.0 Box 0
61.0 166.0 140.0 191.0 118.0 260.0 39.0 235.0 Box 0
