325.0 276.0 337.0 347.0 255.0 360.0 243.0 289.0 Box 0
0.0 329.0 53.0 329.0 53.0 411.0 0.0 411.0 Box 0
186.0 209.0 235.0 158.0 294.0 215.0 245.0 266.0 Box 0
0.0 244.0 42.0 244.0 42.0 326.0 0.0 326.0 Box 0
149.0 83.0 219.0 84.0 217.0 164.0 147.0 162.0 Box 0
13.0 84.0 99.0 75.0 110.0 182.0 24.0 190.0 Box 0
119.0 190.0 179.0 224.0 144.0 284.0 85.0 250.0 Box 0
0.0 109.0 19.0 109.0 19.0 163.0 0.0 163.0 Box 0
421.0 135.0 429.0 203.0 349.0 213.0 341.0 144.0 Box 0
630.0 362.0 633.0 433.0 550.0 436.0 547.0 365.0 Box 0
596.0 179.0 610.0 259.0 540.0 271.0 526.0 191.0 Box 0
