408.0 268.0 457.0 288.0 441.0 328.0 391.0 307.0 Box 0
319.0 277.0 337.0 226.0 387.0 243.0 369.0 295.0 Box 0
488.0 180.0 459.0 225.0 414.0 198.0 443.0 152.0 Box 0
189.0 364.0 238.0 388.0 214.0 438.0 164.0 413.0 Box 0
0.0 75.0 101.0 75.0 101.0 182.0 0.0 182.0 Box 0
333.0 60.0 400.0 67.0 392.0 145.0 325.0 139.0 Box 0
0.0 309.0 78.0 309.0 78.0 380.0 0.0 380.0 Box 0
0.0 261.0 27.0 261.0 27.0 319.0 0.0 319.0 Box 0
221.0 157.0 301.0 172.0 290.0 228.0 210.0 213.0 Box 0
412.0 374.0 420.0 430.0 365.0 438.0 357.0 382.0 Box 0
672.0 54.0 782.0 54.0 782.0 157.0 672.0 157.0 Box 0
219.0 301.0 297.0 324.0 276.0 393.0 198.0 370.0 Box 0
103.0 126.0 167.0 179.0 121.0 234.0 58.0 181.0 Box 0
87.0 231.0 126.0 305.0 63.0 338.0 24.0 264.0 Box 0
5.0 196.0 60.0 192.0 64.0 244.0 9.0 248.0 Box 0
