0.0 85.0 89.0 85.0 89.0 182.0 0.0 182.0 Box 0
0.0 204.0 32.0 204.0 32.0 286.0 0.0 286.0 Box 0
73.0 160.0 147.0 211.0 85.0 302.0 11.0 251.0 Box 0
0.0 279.0 108.0 279.0 108.0 422.0 0.0 422.0 Box 0
492.0 59.0 596.0 55.0 599.0 142.0 495.0 145.0 Box 0
133.0 67.0 222.0 64.0 225.0 150.0 135.0 153.0 Box 0
723.0 210.0 782.0 210.0 782.0 318.0 723.0 318.0 Box 0
344.0 119.0 371.0 198.0 271.0 233.0 244.0 153.0 Box 0
173.0 338.0 247.0 377.0 214.0 441.0 140.0 402.0 Box 0
205.0 210.0 285.0 253.0 231.0 351.0 152.0 308.0 Box 0
