4.0 198.0 108.0 198.0 108.0 272.0 4.0 272.0 Box 0
600.0 204.0 646.0 180.0 670.0 228.0 624.0 251.0 Box 0
0.0 336.0 28.0 336.0 28.0 416.0 0.0 416.0 Box 0
67.0 85.0 162.0 76.0 172.0 169.0 76.0 178.0 Box 0
0.0 145.0 64.0 145.0 64.0 204.0 0.0 204.0 Box 0
397.0 350.0 475.0 356.0 471.0 411.0 393.0 405.0 Box 0
104.0 286.0 155.0 306.0 135.0 356.0 84.0 336.0 Box 0
549.0 364.0 596.0 394.0 568.0 439.0 521.0 409.0 Box 0
177.0 235.0 253.0 204.0 279.0 269.0 203.0 300.0 Box 0
0.0 275.0 64.0 275.0 64.0 339.0 0.0 339.0 Box 0
317.0 69.0 368.0 55.0 382.0 104.0 330.0 119.0 Box 0
178.0 109.0 253.0 60.0 314.0 152.0 238.0 201.0 Box 0
0.0 85.0 59.0 85.0 59.0 144.0 0.0 144.0 Box 0
