354.0 228.0 371.0 319.0 273.0 336.0 257.0 246.0 Box 0
0.0 339.0 112.0 339.0 112.0 434.0 0.0 434.0 Box 0
110.0 199.0 160.0 268.0 76.0 328.0 26.0 259.0 Box 0
552.0 376.0 609.0 367.0 617.0 422.0 561.0 431.0 Box 0
0.0 179.0 65.0 179.0 65.0 322.0 0.0 322.0 Box 0
121.0 386.0 223.0 333.0 263.0 410.0 161.0 463.0 Box 0
437.0 76.0 505.0 58.0 525.0 135.0 458.0 153.0 Box 0
74.0 52.0 234.0 41.0 241.0 135.0 81.0 146.0 Box 0
18.0 85.0 85.0 73.0 100.0 155.0 32.0 167.0 Box 0
0.0 326.0 48.0 326.0 48.0 390.0 0.0 390.0 Box 0
