36.0 225.0 77.0 192.0 111.0 233.0 71.0 267.0 Box 0
228.0 263.0 285.0 222.0 332.0 286.0 275.0 328.0 Box 0
0.0 214.0 38.0 214.0 38.0 279.0 0.0 279.0 Box 0
327.0 77.0 380.0 72.0 385.0 127.0 332.0 132.0 Box 0
0.0 279.0 81.0 279.0 81.0 403.0 0.0 403.0 Box 0
736.0 303.0 782.0 303.0 782.0 380.0 736.0 380.0 Box 0
215.0 105.0 246.0 132.0 210.0 174.0 178.0 147.0 Box 0
531.0 156.0 569.0 135.0 595.0 183.0 556.0 203.0 Box 0
517.0 351.0 597.0 369.0 582.0 437.0 502.0 419.0 Box 0
68.0 82.0 122.0 71.0 132.0 122.0 77.0 132.0 Box 0
273.0 115.0 314.0 150.0 286.0 183.0 245.0 148.0 Box 0
234.0 72.0 285.0 55.0 302.0 108.0 251.0 124.0 Box 0
0.0 87.0 63.0 87.0 63.0 208.0 0.0 208.0 Box 0
177.0 255.0 237.0 325.0 192.0 364.0 132.0 295.0 Box 0
