0.0 335.0 134.0 335.0 134.0 450.0 0.0 450.0 Box 0
455.0 282.0 537.0 266.0 550.0 334.0 468.0 350.0 Box 0
0.0 140.0 96.0 140.0 96.0 285.0 0.0 285.0 Box 0
436.0 181.0 495.0 248.0 407.0 324.0 349.0 256.0 Box 0
627.0 102.0 696.0 144.0 660.0 204.0 591.0 162.0 Box 0
198.0 344.0 291.0 334.0 304.0 446.0 211.0 456.0 Box 0
70.0 256.0 148.0 282.0 126.0 351.0 47.0 325.0 Box 0
0.0 87.0 56.0 87.0 56.0 155.0 0.0 155.0 Box 0
93.0 145.0 118.0 192.0 68.0 219.0 42.0 172.0 Box 0
177.0 257.0 218.0 280.0 189.0 331.0 148.0 308.0 Box 0
147.0 148.0 217.0 136.0 230.0 217.0 161.0 228.0 Box 0
252.0 61.0 305.0 79.0 288.0 130.0 235.0 112.0 Box 0
522.0 78.0 490.0 138.0 418.0 100.0 451.0 40.0 Box 0
