64.0 337.0 128.0 368.0 92.0 442.0 28.0 410.0 Box 0
57.0 141.0 149.0 88.0 247.0 258.0 155.0 311.0 Box 0
462.0 376.0 563.0 327.0 602.0 408.0 501.0 457.0 Box 0
0.0 80.0 105.0 80.0 105.0 213.0 0.0 213.0 Box 0
0.0 207.0 132.0 207.0 132.0 338.0 0.0 338.0 Box 0
377.0 356.0 459.0 356.0 459.0 427.0 377.0 427.0 Box 0
346.0 254.0 432.0 201.0 477.0 272.0 391.0 326.0 Box 0
650.0 57.0 721.0 62.0 716.0 144.0 644.0 139.0 Box 0
0.0 308.0 58.0 308.0 58.0 392.0 0.0 392.0 Box 0
154.0 321.0 253.0 342.0 235.0 427.0 136.0 406.0 Box 0
0.0 208.0 24.0 208.0 24.0 255.0 0.0 255.0 Box 0
