0.0 300.0 82.0 300.0 82.0 407.0 0.0 407.0 Box 0
498.0 148.0 576.0 145.0 578.0 200.0 500.0 202.0 Box 0
55.0 351.0 119.0 401.0 75.0 457.0 12.0 407.0 Box 0
229.0 290.0 266.0 333.0 226.0 368.0 189.0 325.0 Box 0
272.0 87.0 328.0 91.0 324.0 141.0 269.0 137.0 Box 0
0.0 83.0 103.0 83.0 103.0 171.0 0.0 171.0 Box 0
0.0 226.0 53.0 226.0 53.0 305.0 0.0 305.0 Box 0
334.0 233.0 376.0 265.0 342.0 307.0 301.0 276.0 Box 0
0.0 167.0 74.0 167.0 74.0 246.0 0.0 246.0 Box 0
723.0 65.0 782.0 65.0 782.0 142.0 723.0 142.0 Box 0
84.0 160.0 147.0 193.0 109.0 264.0 46.0 230.0 Box 0
44.0 259.0 86.0 295.0 49.0 339.0 7.0 303.0 Box 0
189.0 55.0 270.0 63.0 263.0 132.0 182.0 124.0 Box 0
