177.0 203.0 337.0 180.0 357.0 316.0 197.0 339.0 Box 0
338.0 386.0 406.0 394.0 398.0 462.0 330.0 453.0 Box 0
239.0 348.0 296.0 357.0 281.0 454.0 224.0 445.0 Box 0
161.0 357.0 216.0 400.0 171.0 458.0 116.0 416.0 Box 0
413.0 152.0 561.0 181.0 531.0 337.0 383.0 308.0 Box 0
333.0 19.0 396.0 27.0 388.0 96.0 325.0 88.0 Box 0
416.0 354.0 485.0 350.0 489.0 411.0 420.0 416.0 Box 0
156.0 46.0 354.0 97.0 323.0 222.0 124.0 171.0 Box 0
418.0 42.0 486.0 58.0 469.0 126.0 401.0 109.0 Box 0
0.0 184.0 198.0 184.0 198.0 409.0 0.0 409.0 Box 0
346.0 288.0 406.0 319.0 375.0 380.0 315.0 349.0 Box 0
338.0 136.0 420.0 152.0 402.0 243.0 320.0 227.0 Box 0
87.0 27.0 173.0 99.0 94.0 192.0 9.0 120.0 Box 0
