41.0 311.0 86.0 281.0 116.0 327.0 71.0 356.0 Box 0
106.0 184.0 180.0 184.0 180.0 255.0 106.0 255.0 Box 0
235.0 272.0 243.0 322.0 188.0 330.0 181.0 280.0 Box 0
681.0 223.0 757.0 263.0 706.0 362.0 629.0 322.0 Box 0
298.0 324.0 323.0 371.0 275.0 396.0 250.0 349.0 Box 0
496.0 185.0 565.0 235.0 505.0 318.0 436.0 268.0 Box 0
0.0 138.0 104.0 138.0 104.0 322.0 0.0 322.0 Box 0
95.0 101.0 135.0 133.0 102.0 175.0 61.0 143.0 Box 0
241.0 144.0 344.0 174.0 321.0 254.0 218.0 223.0 Box 0
104.0 249.0 193.0 249.0 193.0 335.0 104.0 335.0 Box 0
558.0 85.0 667.0 55.0 690.0 141.0 581.0 171.0 Box 0
