0.0 76.0 57.0 76.0 57.0 189.0 0.0 189.0 Box 0
1.0 285.0 64.0 242.0 104.0 302.0 41.0 344.0 Box 0
551.0 78.0 601.0 68.0 612.0 119.0 562.0 130.0 Box 0
101.0 66.0 167.0 116.0 125.0 170.0 59.0 120.0 Box 0
758.0 130.0 782.0 130.0 782.0 193.0 758.0 193.0 Box 0
438.0 340.0 551.0 369.0 528.0 458.0 415.0 429.0 Box 0
48.0 220.0 176.0 128.0 255.0 237.0 127.0 329.0 Box 0
218.0 254.0 300.0 266.0 289.0 337.0 207.0 324.0 Box 0
68.0 131.0 120.0 176.0 67.0 238.0 15.0 193.0 Box 0
42.0 335.0 155.0 363.0 133.0 450.0 20.0 423.0 Box 0
