343.0 49.0 397.0 64.0 383.0 113.0 329.0 98.0 Box 0
112.0 317.0 176.0 334.0 157.0 404.0 94.0 388.0 Box 0
357.0 134.0 328.0 165.0 288.0 128.0 318.0 97.0 Box 0
149.0 79.0 200.0 85.0 192.0 141.0 142.0 134.0 Box 0
289.0 363.0 336.0 387.0 310.0 438.0 263.0 414.0 Box 0
249.0 266.0 295.0 296.0 264.0 343.0 218.0 313.0 Box 0
544.0 188.0 682.0 103.0 743.0 203.0 606.0 288.0 Box 0
5.0 100.0 74.0 89.0 86.0 169.0 17.0 180.0 Box 0
496.0 304.0 579.0 300.0 582.0 368.0 500.0 373.0 Box 0
0.0 241.0 62.0 241.0 62.0 321.0 0.0 321.0 Box 0
45.0 186.0 99.0 185.0 100.0 237.0 45.0 238.0 Box 0
