0.0 336.0 56.0 336.0 56.0 420.0 0.0 420.0 Box 0
204.0 343.0 282.0 368.0 264.0 423.0 187.0 398.0 Box 0
0.0 189.0 71.0 189.0 71.0 303.0 0.0 303.0 Box 0
535.0 27.0 619.0 32.0 613.0 136.0 529.0 131.0 Box 0
601.0 366.0 651.0 393.0 625.0 443.0 574.0 415.0 Box 0
0.0 230.0 125.0 230.0 125.0 361.0 0.0 361.0 Box 0
87.0 122.0 173.0 141.0 151.0 243.0 64.0 223.0 Box 0
135.0 256.0 191.0 266.0 175.0 360.0 118.0 350.0 Box 0
349.0 252.0 458.0 274.0 441.0 358.0 332.0 336.0 Box 0
111.0 373.0 98.0 428.0 50.0 417.0 63.0 362.0 Box 0
