725.0 187.0 886.0 187.0 886.0 330.0 725.0 330.0 Box 0
447.0 289.0 673.0 173.0 751.0 325.0 525.0 441.0 Box 0
559.0 115.0 633.0 28.0 710.0 94.0 636.0 181.0 Box 0
718.0 351.0 780.0 395.0 736.0 455.0 675.0 411.0 Box 0
854.0 367.0 883.0 367.0 883.0 451.0 855.0 451.0 Box 0
690.0 45.0 885.0 86.0 859.0 212.0 663.0 170.0 Box 0
753.0 337.0 842.0 346.0 832.0 451.0 742.0 442.0 Box 0
852.0 19.0 887.0 20.0 887.0 103.0 851.0 103.0 Box 0
850.0 136.0 886.0 137.0 885.0 193.0 849.0 192.0 Box 0
843.0 286.0 885.0 286.0 884.0 355.0 841.0 354.0 Box 0
