0.0 89.0 41.0 89.0 41.0 198.0 0.0 198.0 Box 0
0.0 194.0 68.0 194.0 68.0 282.0 0.0 282.0 Box 0
545.0 69.0 598.0 62.0 606.0 113.0 553.0 121.0 Box 0
40.0 101.0 108.0 97.0 113.0 175.0 44.0 179.0 Box 0
546.0 177.0 596.0 162.0 612.0 216.0 562.0 231.0 Box 0
557.0 354.0 640.0 354.0 640.0 426.0 557.0 426.0 Box 0
337.0 54.0 383.0 84.0 354.0 129.0 308.0 100.0 Box 0
264.0 193.0 293.0 256.0 216.0 291.0 188.0 227.0 Box 0
172.0 325.0 251.0 299.0 272.0 366.0 194.0 391.0 Box 0
73.0 199.0 136.0 167.0 174.0 242.0 111.0 274.0 Box 0
0.0 277.0 92.0 277.0 92.0 356.0 0.0 356.0 Box 0
240.0 125.0 261.0 189.0 182.0 215.0 161.0 152.0 Box 0
111.0 374.0 105.0 445.0 23.0 437.0 29.0 367.0 Box 0
