637.0 198.0 789.0 188.0 797.0 318.0 646.0 327.0 Box 0
348.0 294.0 589.0 171.0 669.0 327.0 428.0 450.0 Box 0
461.0 116.0 537.0 27.0 617.0 96.0 541.0 184.0 Box 0
639.0 366.0 680.0 395.0 646.0 442.0 605.0 413.0 Box 0
790.0 380.0 859.0 388.0 852.0 457.0 782.0 449.0 Box 0
613.0 48.0 801.0 90.0 773.0 215.0 585.0 173.0 Box 0
657.0 336.0 746.0 345.0 735.0 450.0 646.0 441.0 Box 0
786.0 16.0 854.0 23.0 847.0 92.0 779.0 85.0 Box 0
830.0 40.0 886.0 41.0 884.0 133.0 828.0 131.0 Box 0
773.0 133.0 855.0 146.0 840.0 244.0 757.0 231.0 Box 0
841.0 338.0 885.0 340.0 882.0 412.0 839.0 411.0 Box 0
795.0 283.0 859.0 316.0 830.0 374.0 765.0 341.0 Box 0
824.0 154.0 885.0 154.0 885.0 308.0 824.0 308.0 Box 0
