158.0 223.0 225.0 240.0 208.0 308.0 141.0 292.0 Box 0
0.0 293.0 54.0 293.0 54.0 378.0 0.0 378.0 Box 0
54.0 170.0 110.0 178.0 100.0 255.0 44.0 247.0 Box 0
22.0 287.0 97.0 251.0 127.0 316.0 53.0 352.0 Box 0
0.0 62.0 36.0 62.0 36.0 155.0 0.0 155.0 Box 0
204.0 175.0 281.0 165.0 289.0 220.0 211.0 230.0 Box 0
237.0 290.0 322.0 309.0 298.0 419.0 212.0 400.0 Box 0
0.0 197.0 45.0 197.0 45.0 289.0 0.0 289.0 Box 0
148.0 34.0 222.0 38.0 217.0 146.0 142.0 143.0 Box 0
358.0 52.0 438.0 35.0 461.0 140.0 381.0 158.0 Box 0
