543.0 28.0 612.0 17.0 622.0 82.0 553.0 92.0 Box 0
524.0 156.0 574.0 195.0 531.0 250.0 481.0 211.0 Box 0
214.0 353.0 325.0 277.0 409.0 398.0 298.0 475.0 Box 0
192.0 70.0 388.0 44.0 404.0 162.0 208.0 188.0 Box 0
392.0 22.0 455.0 12.0 466.0 80.0 403.0 90.0 Box 0
557.0 112.0 625.0 106.0 630.0 173.0 562.0 179.0 Box 0
462.0 22.0 530.0 8.0 543.0 75.0 475.0 88.0 Box 0
343.0 286.0 393.0 252.0 451.0 337.0 401.0 371.0 Box 0
430.0 356.0 567.0 356.0 567.0 460.0 430.0 460.0 Box 0
286.0 179.0 370.0 210.0 337.0 301.0 253.0 270.0 Box 0
392.0 185.0 454.0 176.0 465.0 254.0 403.0 263.0 Box 0
409.0 384.0 452.0 417.0 419.0 460.0 376.0 427.0 Box 0
512.0 239.0 601.0 172.0 695.0 297.0 606.0 364.0 Box 0
512.0 229.0 579.0 324.0 490.0 386.0 424.0 291.0 Box 0
565.0 351.0 652.0 355.0 648.0 451.0 561.0 447.0 Box 0
474.0 85.0 531.0 123.0 494.0 179.0 437.0 141.0 Box 0
