0.0 277.0 117.0 277.0 117.0 458.0 0.0 458.0 Box 0
242.0 112.0 314.0 106.0 320.0 173.0 247.0 179.0 Box 0
326.0 167.0 412.0 302.0 305.0 370.0 219.0 235.0 Box 0
125.0 292.0 217.0 232.0 281.0 328.0 189.0 388.0 Box 0
76.0 23.0 145.0 11.0 157.0 80.0 88.0 92.0 Box 0
94.0 185.0 162.0 175.0 173.0 246.0 105.0 257.0 Box 0
76.0 426.0 114.0 382.0 157.0 420.0 119.0 464.0 Box 0
155.0 83.0 218.0 121.0 182.0 180.0 119.0 142.0 Box 0
0.0 188.0 83.0 188.0 83.0 292.0 0.0 292.0 Box 0
209.0 156.0 262.0 199.0 219.0 254.0 165.0 212.0 Box 0
272.0 355.0 373.0 360.0 368.0 455.0 267.0 450.0 Box 0
227.0 27.0 300.0 17.0 309.0 82.0 237.0 92.0 Box 0
0.0 58.0 133.0 58.0 133.0 185.0 0.0 185.0 Box 0
40.0 288.0 93.0 255.0 148.0 342.0 95.0 375.0 Box 0
147.0 22.0 217.0 8.0 230.0 76.0 160.0 90.0 Box 0
132.0 376.0 260.0 358.0 273.0 455.0 145.0 472.0 Box 0
