286.0 199.0 373.0 215.0 354.0 324.0 266.0 308.0 Box 0
314.0 366.0 367.0 364.0 369.0 419.0 316.0 421.0 Box 0
700.0 334.0 783.0 334.0 783.0 428.0 700.0 428.0 Box 0
533.0 145.0 611.0 161.0 597.0 228.0 519.0 212.0 Box 0
348.0 79.0 432.0 65.0 449.0 170.0 366.0 184.0 Box 0
166.0 291.0 244.0 278.0 253.0 333.0 175.0 345.0 Box 0
380.0 248.0 452.0 232.0 464.0 285.0 392.0 301.0 Box 0
0.0 283.0 142.0 283.0 142.0 457.0 0.0 457.0 Box 0
122.0 296.0 164.0 287.0 177.0 345.0 134.0 355.0 Box 0
702.0 80.0 782.0 80.0 782.0 147.0 702.0 147.0 Box 0
427.0 333.0 551.0 333.0 551.0 441.0 427.0 441.0 Box 0
0.0 3.0 319.0 3.0 319.0 293.0 0.0 293.0 Box 0
