348.0 77.0 433.0 64.0 450.0 171.0 364.0 184.0 Box 0
546.0 148.0 626.0 142.0 631.0 211.0 551.0 217.0 Box 0
0.0 278.0 151.0 278.0 151.0 462.0 0.0 462.0 Box 0
386.0 372.0 437.0 360.0 449.0 412.0 398.0 424.0 Box 0
132.0 300.0 175.0 290.0 189.0 350.0 146.0 360.0 Box 0
177.0 294.0 255.0 281.0 264.0 336.0 186.0 349.0 Box 0
380.0 249.0 451.0 233.0 463.0 286.0 392.0 302.0 Box 0
0.0 0.0 335.0 0.0 335.0 299.0 0.0 299.0 Box 0
589.0 335.0 719.0 329.0 723.0 435.0 594.0 441.0 Box 0
295.0 197.0 381.0 219.0 353.0 327.0 267.0 305.0 Box 0
