0.0 280.0 157.0 280.0 157.0 459.0 0.0 459.0 Box 0
21.0 188.0 138.0 188.0 138.0 292.0 21.0 292.0 Box 0
195.0 358.0 316.0 358.0 316.0 463.0 195.0 463.0 Box 0
200.0 20.0 271.0 9.0 283.0 79.0 212.0 90.0 Box 0
261.0 157.0 315.0 197.0 273.0 253.0 219.0 213.0 Box 0
0.0 53.0 179.0 53.0 179.0 189.0 0.0 189.0 Box 0
142.0 256.0 198.0 346.0 146.0 378.0 90.0 288.0 Box 0
321.0 355.0 425.0 359.0 421.0 455.0 318.0 451.0 Box 0
283.0 28.0 353.0 17.0 364.0 83.0 293.0 94.0 Box 0
176.0 290.0 271.0 232.0 331.0 329.0 236.0 387.0 Box 0
125.0 430.0 160.0 386.0 205.0 421.0 170.0 465.0 Box 0
141.0 190.0 208.0 178.0 221.0 257.0 153.0 268.0 Box 0
295.0 113.0 369.0 107.0 375.0 175.0 301.0 181.0 Box 0
210.0 84.0 273.0 126.0 236.0 182.0 173.0 141.0 Box 0
128.0 21.0 193.0 10.0 205.0 81.0 140.0 92.0 Box 0
269.0 233.0 379.0 163.0 465.0 300.0 356.0 370.0 Box 0
