313.0 378.0 417.0 375.0 419.0 459.0 315.0 461.0 Box 0
73.0 356.0 186.0 275.0 271.0 393.0 158.0 475.0 Box 0
257.0 189.0 318.0 177.0 332.0 252.0 270.0 263.0 Box 0
151.0 182.0 226.0 212.0 190.0 300.0 116.0 270.0 Box 0
401.0 27.0 472.0 17.0 482.0 84.0 411.0 94.0 Box 0
247.0 22.0 312.0 11.0 324.0 80.0 259.0 91.0 Box 0
330.0 85.0 389.0 122.0 353.0 180.0 293.0 143.0 Box 0
319.0 23.0 387.0 9.0 400.0 75.0 332.0 88.0 Box 0
379.0 244.0 477.0 168.0 576.0 298.0 478.0 373.0 Box 0
370.0 229.0 442.0 322.0 361.0 384.0 289.0 292.0 Box 0
434.0 352.0 522.0 355.0 518.0 453.0 430.0 449.0 Box 0
203.0 290.0 251.0 255.0 313.0 341.0 264.0 376.0 Box 0
273.0 385.0 317.0 419.0 283.0 462.0 239.0 428.0 Box 0
415.0 112.0 485.0 106.0 490.0 173.0 421.0 179.0 Box 0
45.0 72.0 259.0 41.0 276.0 163.0 63.0 194.0 Box 0
