303.0 85.0 362.0 123.0 326.0 180.0 266.0 142.0 Box 0
463.0 163.0 553.0 300.0 445.0 371.0 355.0 234.0 Box 0
45.0 273.0 251.0 273.0 251.0 480.0 45.0 480.0 Box 0
293.0 23.0 361.0 9.0 374.0 76.0 306.0 89.0 Box 0
354.0 157.0 405.0 197.0 363.0 251.0 312.0 212.0 Box 0
248.0 385.0 291.0 419.0 257.0 462.0 213.0 428.0 Box 0
388.0 112.0 458.0 107.0 463.0 175.0 393.0 180.0 Box 0
284.0 357.0 405.0 357.0 405.0 465.0 284.0 465.0 Box 0
220.0 22.0 283.0 10.0 296.0 80.0 232.0 91.0 Box 0
129.0 183.0 207.0 211.0 173.0 305.0 95.0 276.0 Box 0
352.0 232.0 417.0 326.0 329.0 386.0 264.0 292.0 Box 0
408.0 354.0 508.0 359.0 504.0 455.0 403.0 450.0 Box 0
179.0 290.0 228.0 257.0 285.0 340.0 236.0 373.0 Box 0
375.0 27.0 443.0 16.0 453.0 83.0 385.0 93.0 Box 0
34.0 68.0 232.0 42.0 248.0 163.0 50.0 190.0 Box 0
231.0 187.0 295.0 180.0 304.0 256.0 240.0 263.0 Box 0
