218.0 182.0 300.0 212.0 265.0 303.0 184.0 273.0 Box 0
501.0 353.0 600.0 359.0 594.0 454.0 496.0 448.0 Box 0
357.0 293.0 438.0 229.0 510.0 321.0 428.0 385.0 Box 0
319.0 22.0 384.0 12.0 395.0 81.0 330.0 92.0 Box 0
392.0 22.0 460.0 9.0 473.0 75.0 405.0 88.0 Box 0
472.0 28.0 542.0 17.0 552.0 82.0 482.0 93.0 Box 0
274.0 289.0 322.0 256.0 379.0 339.0 332.0 372.0 Box 0
378.0 356.0 499.0 356.0 499.0 463.0 378.0 463.0 Box 0
324.0 186.0 387.0 178.0 398.0 253.0 334.0 262.0 Box 0
341.0 384.0 384.0 417.0 351.0 460.0 308.0 428.0 Box 0
403.0 85.0 460.0 123.0 423.0 180.0 366.0 142.0 Box 0
454.0 156.0 503.0 196.0 460.0 249.0 411.0 210.0 Box 0
145.0 356.0 249.0 277.0 336.0 393.0 232.0 472.0 Box 0
119.0 69.0 327.0 43.0 341.0 161.0 133.0 187.0 Box 0
446.0 242.0 548.0 165.0 647.0 297.0 544.0 374.0 Box 0
485.0 111.0 555.0 106.0 560.0 175.0 490.0 180.0 Box 0
