504.0 111.0 573.0 105.0 579.0 173.0 509.0 179.0 Box 0
233.0 180.0 318.0 209.0 286.0 302.0 201.0 273.0 Box 0
489.0 28.0 559.0 17.0 569.0 81.0 499.0 92.0 Box 0
161.0 351.0 272.0 275.0 357.0 398.0 246.0 475.0 Box 0
381.0 355.0 517.0 355.0 517.0 463.0 381.0 463.0 Box 0
138.0 69.0 341.0 44.0 356.0 163.0 153.0 188.0 Box 0
358.0 384.0 401.0 418.0 367.0 460.0 324.0 427.0 Box 0
520.0 350.0 618.0 357.0 611.0 453.0 514.0 446.0 Box 0
337.0 22.0 401.0 11.0 413.0 79.0 348.0 90.0 Box 0
341.0 186.0 404.0 177.0 415.0 255.0 352.0 264.0 Box 0
372.0 290.0 459.0 228.0 526.0 323.0 439.0 385.0 Box 0
410.0 20.0 477.0 9.0 489.0 76.0 421.0 88.0 Box 0
470.0 156.0 520.0 194.0 478.0 248.0 428.0 210.0 Box 0
291.0 287.0 339.0 254.0 395.0 338.0 348.0 371.0 Box 0
422.0 85.0 479.0 123.0 442.0 179.0 384.0 141.0 Box 0
463.0 223.0 583.0 163.0 656.0 310.0 536.0 370.0 Box 0
