741.0 173.0 784.0 173.0 784.0 225.0 741.0 225.0 Box 0
556.0 229.0 636.0 210.0 651.0 272.0 571.0 291.0 Box 0
237.0 409.0 125.0 399.0 135.0 290.0 247.0 300.0 Box 0
299.0 73.0 313.0 124.0 263.0 138.0 249.0 87.0 Box 0
609.0 285.0 784.0 285.0 784.0 424.0 609.0 424.0 Box 0
424.0 291.0 452.0 325.0 417.0 354.0 389.0 321.0 Box 0
622.0 59.0 695.0 79.0 688.0 104.0 615.0 84.0 Box 0
277.0 229.0 274.0 158.0 353.0 154.0 357.0 224.0 Box 0
124.0 52.0 162.0 54.0 159.0 111.0 121.0 109.0 Box 0
393.0 245.0 398.0 287.0 317.0 297.0 312.0 255.0 Box 0
105.0 203.0 209.0 186.0 227.0 291.0 122.0 308.0 Box 0
370.0 99.0 444.0 133.0 419.0 188.0 345.0 154.0 Box 0
