137.0 23.0 217.0 23.0 217.0 103.0 137.0 103.0 Box 0
39.0 337.0 96.0 343.0 91.0 401.0 34.0 396.0 Box 0
334.0 161.0 444.0 137.0 462.0 218.0 352.0 242.0 Box 0
63.0 208.0 173.0 261.0 131.0 347.0 21.0 294.0 Box 0
7.0 28.0 124.0 15.0 132.0 78.0 14.0 91.0 Box 0
165.0 138.0 249.0 123.0 260.0 186.0 176.0 200.0 Box 0
397.0 267.0 506.0 308.0 485.0 363.0 376.0 322.0 Box 0
205.0 351.0 246.0 336.0 266.0 390.0 225.0 405.0 Box 0
0.0 129.0 91.0 129.0 91.0 265.0 0.0 265.0 Box 0
571.0 161.0 624.0 150.0 636.0 203.0 583.0 214.0 Box 0
141.0 306.0 175.0 314.0 156.0 400.0 122.0 393.0 Box 0
297.0 59.0 381.0 33.0 401.0 100.0 317.0 126.0 Box 0
497.0 1.0 555.0 29.0 517.0 105.0 459.0 77.0 Box 0
63.0 107.0 152.0 107.0 152.0 234.0 63.0 234.0 Box 0
161.0 224.0 232.0 180.0 290.0 271.0 219.0 316.0 Box 0
