391.0 227.0 461.0 180.0 522.0 270.0 452.0 317.0 Box 0
302.0 54.0 350.0 26.0 378.0 74.0 330.0 102.0 Box 0
220.0 112.0 305.0 112.0 305.0 233.0 220.0 233.0 Box 0
569.0 160.0 679.0 137.0 697.0 218.0 587.0 242.0 Box 0
199.0 215.0 309.0 268.0 268.0 355.0 158.0 301.0 Box 0
49.0 129.0 197.0 129.0 197.0 264.0 49.0 264.0 Box 0
648.0 266.0 757.0 308.0 737.0 362.0 627.0 321.0 Box 0
93.0 10.0 232.0 10.0 232.0 103.0 93.0 103.0 Box 0
435.0 353.0 476.0 336.0 498.0 390.0 457.0 407.0 Box 0
375.0 141.0 457.0 123.0 470.0 183.0 388.0 200.0 Box 0
347.0 311.0 377.0 324.0 340.0 405.0 310.0 392.0 Box 0
675.0 1.0 784.0 1.0 784.0 124.0 675.0 124.0 Box 0
518.0 57.0 604.0 31.0 624.0 98.0 539.0 124.0 Box 0
140.0 341.0 209.0 341.0 209.0 408.0 140.0 408.0 Box 0
