54.0 36.0 138.0 28.0 142.0 68.0 58.0 76.0 Box 0
102.0 152.0 286.0 152.0 286.0 270.0 102.0 270.0 Box 0
274.0 41.0 352.0 62.0 338.0 115.0 260.0 94.0 Box 0
142.0 31.0 247.0 31.0 247.0 136.0 142.0 136.0 Box 0
391.0 406.0 309.0 401.0 313.0 343.0 395.0 347.0 Box 0
0.0 90.0 85.0 90.0 85.0 207.0 0.0 207.0 Box 0
53.0 86.0 115.0 73.0 124.0 115.0 62.0 128.0 Box 0
43.0 220.0 108.0 229.0 101.0 273.0 36.0 264.0 Box 0
418.0 38.0 490.0 78.0 463.0 126.0 391.0 87.0 Box 0
0.0 268.0 128.0 268.0 128.0 411.0 0.0 411.0 Box 0
63.0 165.0 105.0 165.0 105.0 224.0 63.0 224.0 Box 0
169.0 328.0 220.0 335.0 212.0 391.0 161.0 384.0 Box 0
372.0 274.0 380.0 318.0 301.0 333.0 293.0 289.0 Box 0
