393.0 149.0 444.0 127.0 464.0 174.0 413.0 196.0 Box 0
121.0 122.0 155.0 85.0 192.0 118.0 158.0 155.0 Box 0
41.0 42.0 83.0 37.0 90.0 90.0 49.0 96.0 Box 0
73.0 164.0 62.0 111.0 116.0 100.0 126.0 153.0 Box 0
0.0 174.0 181.0 174.0 181.0 397.0 0.0 397.0 Box 0
153.0 304.0 244.0 334.0 218.0 413.0 127.0 383.0 Box 0
152.0 20.0 201.0 27.0 193.0 89.0 144.0 82.0 Box 0
242.0 152.0 281.0 120.0 324.0 173.0 285.0 205.0 Box 0
82.0 31.0 126.0 25.0 134.0 83.0 91.0 90.0 Box 0
727.0 270.0 776.0 299.0 748.0 345.0 699.0 315.0 Box 0
305.0 187.0 506.0 236.0 478.0 352.0 277.0 302.0 Box 0
