72.0 77.0 186.0 77.0 186.0 200.0 72.0 200.0 Box 0
508.0 40.0 586.0 61.0 572.0 114.0 494.0 94.0 Box 0
654.0 37.0 726.0 76.0 700.0 125.0 628.0 85.0 Box 0
326.0 150.0 534.0 150.0 534.0 273.0 326.0 273.0 Box 0
102.0 23.0 202.0 23.0 202.0 84.0 102.0 84.0 Box 0
236.0 87.0 300.0 83.0 302.0 126.0 238.0 129.0 Box 0
374.0 41.0 451.0 60.0 438.0 115.0 361.0 96.0 Box 0
616.0 269.0 624.0 313.0 544.0 328.0 536.0 284.0 Box 0
223.0 164.0 280.0 171.0 273.0 227.0 217.0 220.0 Box 0
630.0 407.0 548.0 402.0 551.0 343.0 633.0 348.0 Box 0
402.0 329.0 453.0 336.0 445.0 393.0 394.0 386.0 Box 0
0.0 264.0 235.0 264.0 235.0 426.0 0.0 426.0 Box 0
154.0 220.0 222.0 229.0 215.0 274.0 148.0 265.0 Box 0
