75.0 271.0 298.0 271.0 298.0 423.0 75.0 423.0 Box 0
677.0 273.0 784.0 273.0 784.0 330.0 677.0 330.0 Box 0
641.0 43.0 753.0 43.0 753.0 120.0 641.0 120.0 Box 0
205.0 79.0 285.0 106.0 251.0 208.0 171.0 182.0 Box 0
511.0 42.0 616.0 42.0 616.0 122.0 511.0 122.0 Box 0
300.0 217.0 367.0 227.0 361.0 272.0 293.0 263.0 Box 0
559.0 330.0 609.0 338.0 602.0 394.0 551.0 387.0 Box 0
102.0 24.0 200.0 24.0 200.0 86.0 102.0 86.0 Box 0
392.0 96.0 456.0 93.0 458.0 135.0 395.0 139.0 Box 0
377.0 163.0 434.0 170.0 427.0 225.0 370.0 219.0 Box 0
689.0 341.0 784.0 341.0 784.0 406.0 689.0 406.0 Box 0
495.0 152.0 702.0 152.0 702.0 270.0 495.0 270.0 Box 0
