83.0 35.0 175.0 35.0 175.0 129.0 83.0 129.0 Box 0
736.0 286.0 784.0 286.0 784.0 349.0 736.0 349.0 Box 0
494.0 152.0 585.0 167.0 574.0 231.0 484.0 216.0 Box 0
246.0 24.0 447.0 34.0 441.0 151.0 241.0 141.0 Box 0
28.0 284.0 213.0 305.0 199.0 424.0 15.0 403.0 Box 0
661.0 130.0 746.0 130.0 746.0 200.0 661.0 200.0 Box 0
0.0 52.0 13.0 52.0 13.0 108.0 0.0 108.0 Box 0
5.0 49.0 80.0 45.0 82.0 103.0 8.0 106.0 Box 0
333.0 323.0 442.0 325.0 441.0 410.0 331.0 408.0 Box 0
86.0 159.0 165.0 159.0 165.0 270.0 86.0 270.0 Box 0
0.0 252.0 73.0 252.0 73.0 306.0 0.0 306.0 Box 0
0.0 105.0 100.0 105.0 100.0 162.0 0.0 162.0 Box 0
230.0 160.0 344.0 155.0 346.0 213.0 232.0 218.0 Box 0
36.0 168.0 101.0 168.0 101.0 249.0 36.0 249.0 Box 0
741.0 208.0 784.0 208.0 784.0 293.0 741.0 293.0 Box 0
662.0 40.0 774.0 37.0 777.0 122.0 664.0 125.0 Box 0
0.0 307.0 24.0 307.0 24.0 388.0 0.0 388.0 Box 0
568.0 343.0 626.0 342.0 627.0 393.0 570.0 395.0 Box 0
575.0 262.0 656.0 254.0 664.0 325.0 583.0 333.0 Box 0
0.0 165.0 47.0 165.0 47.0 252.0 0.0 252.0 Box 0
351.0 226.0 460.0 230.0 456.0 316.0 348.0 311.0 Box 0
693.0 354.0 766.0 349.0 770.0 398.0 697.0 404.0 Box 0
