366.0 207.0 491.0 195.0 501.0 310.0 376.0 322.0 Box 0
150.0 87.0 249.0 95.0 235.0 269.0 136.0 262.0 Box 0
162.0 268.0 274.0 271.0 272.0 397.0 159.0 395.0 Box 0
346.0 326.0 402.0 324.0 403.0 397.0 348.0 399.0 Box 0
0.0 49.0 64.0 49.0 64.0 183.0 0.0 183.0 Box 0
0.0 196.0 59.0 196.0 59.0 249.0 0.0 249.0 Box 0
391.0 83.0 522.0 99.0 511.0 194.0 379.0 179.0 Box 0
50.0 42.0 138.0 53.0 124.0 164.0 37.0 153.0 Box 0
0.0 253.0 153.0 253.0 153.0 394.0 0.0 394.0 Box 0
413.0 48.0 501.0 38.0 505.0 72.0 416.0 82.0 Box 0
236.0 42.0 306.0 47.0 299.0 134.0 229.0 129.0 Box 0
58.0 181.0 142.0 184.0 140.0 242.0 56.0 240.0 Box 0
