16.0 197.0 91.0 197.0 91.0 250.0 16.0 250.0 Box 0
86.0 41.0 169.0 51.0 156.0 161.0 72.0 151.0 Box 0
0.0 251.0 192.0 251.0 192.0 403.0 0.0 403.0 Box 0
0.0 41.0 90.0 41.0 90.0 179.0 0.0 179.0 Box 0
469.0 94.0 596.0 101.0 591.0 199.0 464.0 193.0 Box 0
447.0 205.0 571.0 195.0 580.0 312.0 457.0 323.0 Box 0
422.0 327.0 478.0 326.0 480.0 399.0 424.0 400.0 Box 0
491.0 47.0 582.0 36.0 586.0 70.0 494.0 80.0 Box 0
93.0 180.0 177.0 184.0 174.0 248.0 90.0 244.0 Box 0
234.0 266.0 351.0 266.0 351.0 398.0 234.0 398.0 Box 0
227.0 85.0 328.0 95.0 310.0 269.0 210.0 259.0 Box 0
315.0 42.0 385.0 47.0 379.0 134.0 308.0 129.0 Box 0
