0.0 89.0 95.0 89.0 95.0 204.0 0.0 204.0 Box 0
432.0 222.0 379.0 213.0 392.0 135.0 445.0 144.0 Box 0
722.0 286.0 784.0 286.0 784.0 387.0 722.0 387.0 Box 0
150.0 118.0 247.0 104.0 277.0 312.0 180.0 326.0 Box 0
683.0 81.0 737.0 77.0 740.0 131.0 686.0 134.0 Box 0
0.0 197.0 116.0 197.0 116.0 321.0 0.0 321.0 Box 0
497.0 87.0 546.0 54.0 608.0 146.0 559.0 179.0 Box 0
744.0 169.0 784.0 169.0 784.0 263.0 744.0 263.0 Box 0
471.0 369.0 580.0 338.0 596.0 394.0 487.0 425.0 Box 0
475.0 271.0 543.0 229.0 572.0 275.0 503.0 317.0 Box 0
9.0 319.0 87.0 327.0 81.0 385.0 3.0 377.0 Box 0
102.0 36.0 175.0 21.0 186.0 76.0 113.0 90.0 Box 0
