713.0 0.0 742.0 0.0 742.0 52.0 713.0 52.0 Box 0
0.0 11.0 46.0 11.0 46.0 107.0 0.0 107.0 Box 0
126.0 0.0 178.0 0.0 178.0 44.0 126.0 44.0 Box 0
610.0 0.0 696.0 0.0 696.0 43.0 610.0 43.0 Box 0
279.0 0.0 353.0 0.0 353.0 70.0 279.0 70.0 Box 0
328.0 338.0 409.0 338.0 409.0 378.0 328.0 378.0 Box 0
0.0 98.0 48.0 98.0 48.0 189.0 0.0 189.0 Box 0
703.0 336.0 740.0 336.0 740.0 375.0 703.0 375.0 Box 0
21.0 216.0 103.0 215.0 105.0 270.0 23.0 271.0 Box 0
248.0 342.0 302.0 342.0 302.0 378.0 248.0 378.0 Box 0
567.0 311.0 680.0 311.0 680.0 378.0 567.0 378.0 Box 0
412.0 0.0 470.0 0.0 470.0 45.0 412.0 45.0 Box 0
429.0 326.0 512.0 326.0 512.0 378.0 429.0 378.0 Box 0
0.0 217.0 19.0 217.0 19.0 268.0 0.0 268.0 Box 0
489.0 1.0 571.0 1.0 571.0 47.0 489.0 47.0 Box 0
0.0 272.0 42.0 272.0 42.0 359.0 0.0 359.0 Box 0
