0.0 238.0 49.0 238.0 49.0 327.0 0.0 327.0 Box 0
242.0 117.0 339.0 103.0 369.0 311.0 272.0 325.0 Box 0
39.0 325.0 121.0 332.0 115.0 391.0 33.0 383.0 Box 0
516.0 222.0 463.0 213.0 476.0 135.0 529.0 144.0 Box 0
561.0 370.0 670.0 340.0 686.0 396.0 577.0 427.0 Box 0
558.0 271.0 626.0 229.0 655.0 274.0 586.0 317.0 Box 0
134.0 197.0 155.0 310.0 37.0 332.0 16.0 218.0 Box 0
589.0 85.0 639.0 52.0 701.0 144.0 652.0 177.0 Box 0
0.0 55.0 45.0 55.0 45.0 118.0 0.0 118.0 Box 0
749.0 80.0 784.0 80.0 784.0 141.0 749.0 141.0 Box 0
99.0 82.0 117.0 191.0 31.0 205.0 13.0 96.0 Box 0
103.0 38.0 177.0 24.0 187.0 78.0 114.0 92.0 Box 0
0.0 116.0 30.0 116.0 30.0 194.0 0.0 194.0 Box 0
