299.0 0.0 368.0 0.0 368.0 68.0 299.0 68.0 Box 0
263.0 342.0 320.0 342.0 320.0 378.0 263.0 378.0 Box 0
0.0 98.0 68.0 98.0 68.0 191.0 0.0 191.0 Box 0
126.0 0.0 177.0 0.0 177.0 45.0 126.0 45.0 Box 0
726.0 335.0 742.0 335.0 742.0 378.0 726.0 378.0 Box 0
348.0 338.0 428.0 338.0 428.0 378.0 348.0 378.0 Box 0
508.0 0.0 588.0 0.0 588.0 44.0 508.0 44.0 Box 0
44.0 215.0 126.0 213.0 127.0 268.0 45.0 270.0 Box 0
0.0 212.0 35.0 212.0 35.0 267.0 0.0 267.0 Box 0
585.0 309.0 698.0 309.0 698.0 378.0 585.0 378.0 Box 0
0.0 275.0 61.0 275.0 61.0 362.0 0.0 362.0 Box 0
430.0 0.0 485.0 0.0 485.0 45.0 430.0 45.0 Box 0
629.0 0.0 714.0 0.0 714.0 44.0 629.0 44.0 Box 0
0.0 9.0 60.0 9.0 60.0 107.0 0.0 107.0 Box 0
449.0 326.0 531.0 326.0 531.0 378.0 449.0 378.0 Box 0
