52.0 332.0 133.0 332.0 133.0 391.0 52.0 391.0 Box 0
77.0 31.0 172.0 31.0 172.0 115.0 77.0 115.0 Box 0
244.0 21.0 321.0 21.0 321.0 77.0 244.0 77.0 Box 0
97.0 322.0 17.0 339.0 5.0 285.0 85.0 267.0 Box 0
125.0 196.0 140.0 235.0 96.0 252.0 81.0 213.0 Box 0
20.0 153.0 119.0 95.0 148.0 145.0 48.0 203.0 Box 0
123.0 239.0 161.0 315.0 110.0 341.0 72.0 264.0 Box 0
18.0 205.0 65.0 185.0 96.0 254.0 49.0 275.0 Box 0
239.0 217.0 355.0 205.0 367.0 317.0 251.0 329.0 Box 0
0.0 295.0 50.0 295.0 50.0 384.0 0.0 384.0 Box 0
0.0 50.0 78.0 50.0 78.0 176.0 0.0 176.0 Box 0
171.0 340.0 254.0 340.0 254.0 403.0 171.0 403.0 Box 0
0.0 189.0 20.0 189.0 20.0 236.0 0.0 236.0 Box 0
0.0 224.0 41.0 224.0 41.0 283.0 0.0 283.0 Box 0
603.0 116.0 699.0 101.0 731.0 309.0 635.0 324.0 Box 0
233.0 69.0 311.0 144.0 254.0 203.0 176.0 127.0 Box 0
