457.0 326.0 541.0 326.0 541.0 378.0 457.0 378.0 Box 0
127.0 0.0 177.0 0.0 177.0 45.0 127.0 45.0 Box 0
648.0 0.0 732.0 0.0 732.0 45.0 648.0 45.0 Box 0
54.0 217.0 133.0 216.0 134.0 271.0 55.0 272.0 Box 0
314.0 0.0 389.0 0.0 389.0 68.0 314.0 68.0 Box 0
0.0 8.0 67.0 8.0 67.0 103.0 0.0 103.0 Box 0
0.0 275.0 90.0 275.0 90.0 366.0 0.0 366.0 Box 0
0.0 98.0 76.0 98.0 76.0 189.0 0.0 189.0 Box 0
0.0 212.0 42.0 212.0 42.0 270.0 0.0 270.0 Box 0
451.0 0.0 507.0 0.0 507.0 46.0 451.0 46.0 Box 0
271.0 343.0 329.0 343.0 329.0 378.0 271.0 378.0 Box 0
526.0 0.0 610.0 0.0 610.0 43.0 526.0 43.0 Box 0
593.0 310.0 707.0 310.0 707.0 378.0 593.0 378.0 Box 0
356.0 337.0 437.0 337.0 437.0 378.0 356.0 378.0 Box 0
