0.0 142.0 40.0 142.0 40.0 215.0 0.0 215.0 Box 0
368.0 336.0 435.0 371.0 423.0 394.0 356.0 359.0 Box 0
647.0 200.0 666.0 239.0 625.0 258.0 607.0 219.0 Box 0
123.0 251.0 166.0 287.0 113.0 351.0 69.0 315.0 Box 0
712.0 339.0 784.0 339.0 784.0 402.0 712.0 402.0 Box 0
539.0 340.0 460.0 350.0 453.0 294.0 532.0 284.0 Box 0
31.0 93.0 111.0 100.0 106.0 156.0 26.0 148.0 Box 0
59.0 258.0 102.0 258.0 102.0 295.0 59.0 295.0 Box 0
420.0 287.0 370.0 303.0 348.0 237.0 398.0 221.0 Box 0
57.0 345.0 112.0 345.0 112.0 397.0 57.0 397.0 Box 0
106.0 62.0 224.0 62.0 224.0 184.0 106.0 184.0 Box 0
365.0 186.0 404.0 204.0 387.0 242.0 348.0 225.0 Box 0
516.0 348.0 594.0 343.0 598.0 400.0 520.0 405.0 Box 0
0.0 225.0 76.0 225.0 76.0 293.0 0.0 293.0 Box 0
275.0 245.0 333.0 245.0 333.0 289.0 275.0 289.0 Box 0
307.0 83.0 382.0 82.0 383.0 112.0 307.0 113.0 Box 0
203.0 326.0 235.0 273.0 306.0 317.0 274.0 369.0 Box 0
689.0 243.0 738.0 309.0 693.0 343.0 643.0 277.0 Box 0
467.0 210.0 524.0 188.0 554.0 264.0 497.0 286.0 Box 0
19.0 297.0 62.0 297.0 62.0 330.0 19.0 330.0 Box 0
405.0 63.0 512.0 25.0 552.0 136.0 445.0 175.0 Box 0
0.0 45.0 43.0 45.0 43.0 141.0 0.0 141.0 Box 0
39.0 157.0 85.0 157.0 85.0 183.0 39.0 183.0 Box 0
48.0 174.0 131.0 201.0 113.0 256.0 30.0 228.0 Box 0
538.0 31.0 626.0 25.0 633.0 141.0 545.0 147.0 Box 0
288.0 148.0 331.0 181.0 283.0 243.0 240.0 210.0 Box 0
611.0 144.0 715.0 102.0 737.0 157.0 633.0 199.0 Box 0
