103.0 331.0 152.0 331.0 152.0 393.0 103.0 393.0 Box 0
488.0 304.0 528.0 310.0 523.0 346.0 483.0 341.0 Box 0
677.0 172.0 750.0 214.0 722.0 263.0 649.0 221.0 Box 0
598.0 287.0 625.0 256.0 658.0 284.0 630.0 316.0 Box 0
441.0 310.0 391.0 328.0 373.0 278.0 423.0 260.0 Box 0
48.0 55.0 123.0 55.0 123.0 112.0 48.0 112.0 Box 0
67.0 122.0 295.0 122.0 295.0 345.0 67.0 345.0 Box 0
667.0 344.0 688.0 392.0 635.0 415.0 614.0 367.0 Box 0
108.0 372.0 22.0 353.0 36.0 289.0 122.0 309.0 Box 0
480.0 209.0 426.0 156.0 444.0 138.0 498.0 191.0 Box 0
529.0 158.0 572.0 166.0 562.0 221.0 519.0 212.0 Box 0
697.0 254.0 784.0 254.0 784.0 360.0 697.0 360.0 Box 0
525.0 222.0 572.0 247.0 545.0 296.0 498.0 271.0 Box 0
241.0 296.0 282.0 303.0 274.0 355.0 233.0 349.0 Box 0
0.0 105.0 147.0 105.0 147.0 231.0 0.0 231.0 Box 0
259.0 128.0 273.0 105.0 337.0 147.0 323.0 170.0 Box 0
216.0 311.0 276.0 303.0 286.0 383.0 226.0 391.0 Box 0
0.0 228.0 88.0 228.0 88.0 299.0 0.0 299.0 Box 0
584.0 83.0 661.0 95.0 652.0 150.0 575.0 137.0 Box 0
94.0 41.0 205.0 41.0 205.0 112.0 94.0 112.0 Box 0
102.0 394.0 51.0 388.0 54.0 361.0 105.0 367.0 Box 0
0.0 184.0 61.0 184.0 61.0 234.0 0.0 234.0 Box 0
0.0 309.0 23.0 309.0 23.0 377.0 0.0 377.0 Box 0
0.0 34.0 45.0 34.0 45.0 107.0 0.0 107.0 Box 0
338.0 41.0 447.0 39.0 449.0 123.0 340.0 126.0 Box 0
