532.0 32.0 621.0 22.0 628.0 92.0 540.0 102.0 Box 0
509.0 369.0 565.0 369.0 565.0 405.0 509.0 405.0 Box 0
339.0 239.0 289.0 241.0 287.0 186.0 336.0 184.0 Box 0
268.0 313.0 191.0 289.0 210.0 231.0 287.0 255.0 Box 0
403.0 36.0 434.0 86.0 371.0 125.0 339.0 75.0 Box 0
59.0 276.0 138.0 248.0 158.0 306.0 80.0 334.0 Box 0
0.0 239.0 58.0 239.0 58.0 302.0 0.0 302.0 Box 0
14.0 193.0 182.0 125.0 223.0 227.0 55.0 294.0 Box 0
562.0 335.0 593.0 335.0 593.0 397.0 562.0 397.0 Box 0
548.0 109.0 644.0 159.0 606.0 232.0 510.0 182.0 Box 0
0.0 25.0 125.0 25.0 125.0 170.0 0.0 170.0 Box 0
0.0 313.0 68.0 313.0 68.0 384.0 0.0 384.0 Box 0
231.0 6.0 257.0 57.0 193.0 90.0 167.0 39.0 Box 0
93.0 31.0 188.0 31.0 188.0 94.0 93.0 94.0 Box 0
145.0 122.0 222.0 144.0 206.0 199.0 129.0 177.0 Box 0
663.0 155.0 784.0 155.0 784.0 354.0 663.0 354.0 Box 0
384.0 235.0 504.0 235.0 504.0 314.0 384.0 314.0 Box 0
322.0 165.0 379.0 146.0 405.0 224.0 348.0 243.0 Box 0
305.0 397.0 218.0 406.0 211.0 337.0 298.0 328.0 Box 0
477.0 305.0 563.0 305.0 563.0 370.0 477.0 370.0 Box 0
