710.0 311.0 784.0 311.0 784.0 402.0 710.0 402.0 Box 0
0.0 230.0 19.0 230.0 19.0 267.0 0.0 267.0 Box 0
68.0 360.0 94.0 306.0 174.0 344.0 149.0 398.0 Box 0
481.0 310.0 510.0 365.0 436.0 403.0 408.0 348.0 Box 0
105.0 248.0 167.0 234.0 186.0 320.0 124.0 334.0 Box 0
0.0 315.0 17.0 315.0 17.0 342.0 0.0 342.0 Box 0
243.0 42.0 317.0 145.0 217.0 216.0 143.0 113.0 Box 0
276.0 189.0 385.0 193.0 382.0 276.0 272.0 272.0 Box 0
620.0 94.0 704.0 90.0 707.0 150.0 623.0 155.0 Box 0
593.0 161.0 695.0 202.0 663.0 280.0 561.0 238.0 Box 0
