604.0 310.0 687.0 301.0 694.0 365.0 611.0 373.0 Box 0
437.0 397.0 350.0 406.0 343.0 337.0 430.0 328.0 Box 0
375.0 2.0 402.0 53.0 338.0 87.0 311.0 36.0 Box 0
80.0 185.0 252.0 131.0 282.0 228.0 110.0 282.0 Box 0
157.0 31.0 249.0 31.0 249.0 91.0 157.0 91.0 Box 0
395.0 314.0 318.0 290.0 337.0 232.0 414.0 257.0 Box 0
262.0 124.0 332.0 148.0 315.0 199.0 244.0 174.0 Box 0
60.0 321.0 112.0 336.0 97.0 390.0 45.0 375.0 Box 0
0.0 24.0 181.0 24.0 181.0 160.0 0.0 160.0 Box 0
525.0 32.0 560.0 81.0 500.0 124.0 466.0 75.0 Box 0
113.0 305.0 31.0 299.0 35.0 240.0 117.0 246.0 Box 0
473.0 240.0 424.0 242.0 422.0 187.0 471.0 184.0 Box 0
691.0 335.0 720.0 335.0 720.0 398.0 691.0 398.0 Box 0
447.0 166.0 503.0 145.0 532.0 222.0 475.0 243.0 Box 0
669.0 36.0 758.0 26.0 766.0 96.0 677.0 106.0 Box 0
529.0 233.0 664.0 233.0 664.0 312.0 529.0 312.0 Box 0
0.0 302.0 19.0 302.0 19.0 342.0 0.0 342.0 Box 0
118.0 277.0 196.0 250.0 217.0 308.0 139.0 336.0 Box 0
650.0 107.0 784.0 107.0 784.0 229.0 650.0 229.0 Box 0
642.0 367.0 698.0 367.0 698.0 403.0 642.0 403.0 Box 0
