288.0 329.0 344.0 334.0 339.0 378.0 284.0 372.0 Box 0
688.0 263.0 784.0 263.0 784.0 337.0 688.0 337.0 Box 0
65.0 47.0 150.0 57.0 142.0 126.0 57.0 116.0 Box 0
102.0 243.0 197.0 243.0 197.0 342.0 102.0 342.0 Box 0
0.0 66.0 51.0 66.0 51.0 162.0 0.0 162.0 Box 0
34.0 62.0 61.0 63.0 58.0 109.0 32.0 107.0 Box 0
81.0 134.0 130.0 165.0 102.0 210.0 53.0 179.0 Box 0
0.0 327.0 76.0 327.0 76.0 398.0 0.0 398.0 Box 0
694.0 169.0 784.0 169.0 784.0 275.0 694.0 275.0 Box 0
0.0 190.0 56.0 190.0 56.0 318.0 0.0 318.0 Box 0
75.0 245.0 88.0 301.0 44.0 311.0 31.0 255.0 Box 0
563.0 308.0 481.0 307.0 482.0 248.0 564.0 249.0 Box 0
244.0 193.0 286.0 159.0 321.0 202.0 279.0 236.0 Box 0
578.0 335.0 630.0 349.0 617.0 402.0 564.0 389.0 Box 0
278.0 66.0 323.0 65.0 324.0 109.0 279.0 110.0 Box 0
452.0 23.0 655.0 19.0 658.0 137.0 455.0 142.0 Box 0
680.0 26.0 784.0 26.0 784.0 84.0 680.0 84.0 Box 0
