777.0 308.0 695.0 306.0 696.0 247.0 778.0 249.0 Box 0
667.0 21.0 784.0 21.0 784.0 157.0 667.0 157.0 Box 0
0.0 184.0 47.0 184.0 47.0 238.0 0.0 238.0 Box 0
518.0 329.0 574.0 334.0 570.0 378.0 514.0 372.0 Box 0
298.0 251.0 345.0 318.0 296.0 353.0 249.0 286.0 Box 0
23.0 123.0 78.0 125.0 76.0 182.0 21.0 181.0 Box 0
54.0 77.0 104.0 49.0 144.0 119.0 95.0 147.0 Box 0
39.0 294.0 99.0 291.0 102.0 371.0 43.0 373.0 Box 0
469.0 192.0 511.0 158.0 546.0 201.0 504.0 235.0 Box 0
228.0 132.0 278.0 158.0 254.0 205.0 204.0 180.0 Box 0
493.0 63.0 537.0 62.0 538.0 106.0 494.0 107.0 Box 0
223.0 45.0 305.0 51.0 299.0 120.0 217.0 113.0 Box 0
158.0 246.0 262.0 246.0 262.0 325.0 158.0 325.0 Box 0
0.0 66.0 41.0 66.0 41.0 126.0 0.0 126.0 Box 0
39.0 229.0 116.0 193.0 162.0 290.0 85.0 326.0 Box 0
108.0 353.0 161.0 353.0 161.0 409.0 108.0 409.0 Box 0
128.0 46.0 183.0 46.0 183.0 102.0 128.0 102.0 Box 0
