434.0 251.0 481.0 318.0 431.0 352.0 384.0 285.0 Box 0
347.0 246.0 381.0 294.0 344.0 321.0 309.0 273.0 Box 0
0.0 234.0 80.0 234.0 80.0 301.0 0.0 301.0 Box 0
372.0 133.0 422.0 158.0 398.0 206.0 348.0 180.0 Box 0
668.0 330.0 724.0 336.0 720.0 380.0 664.0 374.0 Box 0
93.0 300.0 154.0 299.0 155.0 379.0 94.0 380.0 Box 0
97.0 251.0 161.0 193.0 228.0 266.0 164.0 325.0 Box 0
0.0 168.0 105.0 168.0 105.0 238.0 0.0 238.0 Box 0
121.0 48.0 223.0 48.0 223.0 145.0 121.0 145.0 Box 0
369.0 44.0 451.0 51.0 446.0 119.0 364.0 113.0 Box 0
0.0 57.0 97.0 57.0 97.0 127.0 0.0 127.0 Box 0
633.0 63.0 676.0 62.0 677.0 106.0 634.0 107.0 Box 0
82.0 119.0 137.0 121.0 136.0 178.0 81.0 176.0 Box 0
614.0 192.0 656.0 158.0 691.0 202.0 649.0 236.0 Box 0
217.0 362.0 273.0 352.0 283.0 405.0 227.0 416.0 Box 0
200.0 31.0 233.0 61.0 203.0 95.0 170.0 65.0 Box 0
