125.0 301.0 189.0 300.0 190.0 385.0 127.0 385.0 Box 0
451.0 133.0 503.0 156.0 481.0 204.0 429.0 181.0 Box 0
0.0 115.0 33.0 115.0 33.0 156.0 0.0 156.0 Box 0
27.0 67.0 105.0 52.0 117.0 109.0 38.0 125.0 Box 0
171.0 247.0 229.0 190.0 305.0 268.0 247.0 325.0 Box 0
187.0 106.0 214.0 60.0 281.0 100.0 255.0 145.0 Box 0
253.0 30.0 293.0 50.0 272.0 90.0 232.0 70.0 Box 0
0.0 300.0 46.0 300.0 46.0 368.0 0.0 368.0 Box 0
0.0 234.0 110.0 234.0 110.0 306.0 0.0 306.0 Box 0
452.0 42.0 534.0 48.0 528.0 117.0 446.0 110.0 Box 0
115.0 116.0 191.0 116.0 191.0 184.0 115.0 184.0 Box 0
48.0 167.0 124.0 201.0 106.0 240.0 31.0 206.0 Box 0
298.0 363.0 354.0 353.0 364.0 406.0 308.0 416.0 Box 0
438.0 244.0 472.0 291.0 435.0 318.0 401.0 271.0 Box 0
0.0 179.0 26.0 179.0 26.0 230.0 0.0 230.0 Box 0
508.0 251.0 557.0 316.0 509.0 353.0 459.0 288.0 Box 0
711.0 62.0 756.0 61.0 757.0 105.0 712.0 106.0 Box 0
725.0 324.0 784.0 324.0 784.0 382.0 725.0 382.0 Box 0
697.0 192.0 739.0 158.0 774.0 202.0 732.0 236.0 Box 0
