173.0 182.0 217.0 174.0 225.0 218.0 180.0 226.0 Box 0
234.0 104.0 341.0 83.0 357.0 164.0 251.0 186.0 Box 0
0.0 110.0 67.0 110.0 67.0 186.0 0.0 186.0 Box 0
439.0 214.0 488.0 195.0 516.0 269.0 467.0 288.0 Box 0
613.0 97.0 657.0 106.0 648.0 148.0 604.0 139.0 Box 0
489.0 66.0 521.0 43.0 567.0 107.0 534.0 130.0 Box 0
253.0 406.0 71.0 412.0 67.0 292.0 249.0 287.0 Box 0
592.0 163.0 643.0 191.0 617.0 237.0 566.0 209.0 Box 0
40.0 280.0 63.0 317.0 27.0 340.0 3.0 303.0 Box 0
646.0 163.0 701.0 188.0 668.0 263.0 612.0 238.0 Box 0
64.0 223.0 149.0 214.0 156.0 273.0 71.0 282.0 Box 0
553.0 331.0 604.0 311.0 632.0 383.0 581.0 403.0 Box 0
0.0 151.0 38.0 151.0 38.0 225.0 0.0 225.0 Box 0
713.0 237.0 784.0 237.0 784.0 304.0 713.0 304.0 Box 0
719.0 43.0 784.0 43.0 784.0 122.0 719.0 122.0 Box 0
85.0 57.0 169.0 57.0 169.0 122.0 85.0 122.0 Box 0
0.0 227.0 50.0 227.0 50.0 278.0 0.0 278.0 Box 0
