183.0 94.0 95.0 103.0 89.0 42.0 177.0 33.0 Box 0
104.0 123.0 163.0 124.0 161.0 185.0 103.0 184.0 Box 0
107.0 223.0 170.0 231.0 162.0 290.0 99.0 283.0 Box 0
41.0 293.0 153.0 298.0 150.0 365.0 38.0 360.0 Box 0
119.0 368.0 165.0 369.0 164.0 425.0 118.0 424.0 Box 0
68.0 366.0 115.0 366.0 115.0 419.0 68.0 419.0 Box 0
29.0 361.0 67.0 361.0 67.0 414.0 29.0 414.0 Box 0
47.0 213.0 104.0 220.0 97.0 281.0 39.0 274.0 Box 0
102.0 170.0 39.0 173.0 36.0 115.0 99.0 112.0 Box 0
93.0 105.0 35.0 110.0 29.0 51.0 87.0 45.0 Box 0
