305.0 73.0 218.0 87.0 209.0 28.0 297.0 15.0 Box 0
215.0 89.0 129.0 103.0 119.0 44.0 206.0 30.0 Box 0
289.0 171.0 230.0 174.0 227.0 115.0 286.0 112.0 Box 0
227.0 160.0 168.0 165.0 164.0 108.0 223.0 104.0 Box 0
166.0 182.0 103.0 186.0 100.0 126.0 163.0 123.0 Box 0
114.0 195.0 61.0 201.0 55.0 149.0 109.0 143.0 Box 0
230.0 224.0 291.0 227.0 288.0 286.0 227.0 283.0 Box 0
171.0 213.0 229.0 216.0 226.0 277.0 168.0 275.0 Box 0
126.0 208.0 170.0 211.0 167.0 268.0 123.0 266.0 Box 0
58.0 215.0 120.0 218.0 117.0 279.0 55.0 277.0 Box 0
168.0 298.0 280.0 307.0 274.0 375.0 163.0 366.0 Box 0
109.0 298.0 165.0 301.0 162.0 363.0 105.0 359.0 Box 0
240.0 376.0 286.0 377.0 283.0 434.0 237.0 432.0 Box 0
192.0 373.0 238.0 374.0 235.0 429.0 189.0 427.0 Box 0
139.0 365.0 190.0 368.0 187.0 422.0 135.0 419.0 Box 0
68.0 365.0 128.0 370.0 123.0 431.0 63.0 427.0 Box 0
34.0 363.0 66.0 366.0 61.0 426.0 29.0 423.0 Box 0
48.0 293.0 108.0 299.0 102.0 360.0 43.0 355.0 Box 0
28.0 141.0 55.0 141.0 55.0 202.0 28.0 202.0 Box 0
30.0 228.0 56.0 229.0 54.0 287.0 29.0 287.0 Box 0
65.0 108.0 31.0 109.0 28.0 47.0 62.0 46.0 Box 0
30.0 298.0 46.0 299.0 44.0 357.0 29.0 357.0 Box 0
