101.0 111.0 42.0 124.0 29.0 64.0 88.0 51.0 Box 0
159.0 100.0 102.0 111.0 90.0 51.0 147.0 39.0 Box 0
221.0 102.0 163.0 112.0 153.0 54.0 210.0 44.0 Box 0
308.0 78.0 223.0 95.0 211.0 34.0 296.0 17.0 Box 0
397.0 75.0 308.0 76.0 308.0 16.0 396.0 15.0 Box 0
452.0 155.0 390.0 161.0 384.0 101.0 446.0 95.0 Box 0
452.0 154.0 390.0 160.0 384.0 100.0 446.0 94.0 Box 0
387.0 146.0 326.0 152.0 320.0 94.0 381.0 88.0 Box 0
327.0 170.0 266.0 178.0 258.0 117.0 319.0 109.0 Box 0
268.0 187.0 213.0 194.0 205.0 139.0 260.0 131.0 Box 0
206.0 192.0 143.0 198.0 137.0 139.0 200.0 133.0 Box 0
135.0 188.0 72.0 192.0 68.0 130.0 131.0 126.0 Box 0
27.0 195.0 65.0 195.0 65.0 259.0 27.0 259.0 Box 0
68.0 196.0 131.0 207.0 121.0 263.0 58.0 252.0 Box 0
127.0 222.0 189.0 227.0 184.0 290.0 122.0 285.0 Box 0
187.0 216.0 250.0 218.0 248.0 279.0 185.0 277.0 Box 0
252.0 210.0 297.0 211.0 296.0 266.0 251.0 265.0 Box 0
299.0 210.0 357.0 213.0 354.0 275.0 295.0 272.0 Box 0
359.0 219.0 422.0 222.0 419.0 283.0 356.0 279.0 Box 0
281.0 303.0 392.0 313.0 386.0 384.0 274.0 374.0 Box 0
220.0 301.0 277.0 307.0 270.0 368.0 213.0 361.0 Box 0
158.0 298.0 217.0 302.0 213.0 364.0 154.0 359.0 Box 0
98.0 298.0 156.0 302.0 152.0 365.0 94.0 361.0 Box 0
67.0 249.0 121.0 273.0 98.0 325.0 44.0 301.0 Box 0
34.0 327.0 92.0 332.0 84.0 421.0 27.0 417.0 Box 0
92.0 368.0 152.0 372.0 148.0 431.0 88.0 426.0 Box 0
154.0 372.0 213.0 375.0 211.0 438.0 152.0 435.0 Box 0
221.0 370.0 273.0 373.0 270.0 428.0 218.0 424.0 Box 0
275.0 377.0 320.0 379.0 318.0 436.0 273.0 433.0 Box 0
323.0 382.0 368.0 385.0 365.0 441.0 319.0 438.0 Box 0
