400.0 73.0 310.0 76.0 308.0 16.0 398.0 13.0 Box 0
310.0 77.0 225.0 94.0 213.0 35.0 298.0 17.0 Box 0
223.0 103.0 163.0 112.0 153.0 55.0 214.0 45.0 Box 0
161.0 101.0 103.0 111.0 93.0 49.0 150.0 39.0 Box 0
103.0 108.0 43.0 122.0 29.0 64.0 89.0 50.0 Box 0
148.0 188.0 83.0 193.0 78.0 130.0 143.0 125.0 Box 0
220.0 193.0 154.0 199.0 148.0 138.0 214.0 132.0 Box 0
278.0 186.0 224.0 193.0 217.0 140.0 271.0 133.0 Box 0
338.0 169.0 277.0 175.0 271.0 114.0 332.0 108.0 Box 0
400.0 144.0 337.0 150.0 331.0 94.0 394.0 88.0 Box 0
462.0 155.0 401.0 159.0 397.0 99.0 458.0 95.0 Box 0
74.0 198.0 135.0 205.0 129.0 261.0 67.0 254.0 Box 0
135.0 222.0 197.0 228.0 192.0 288.0 130.0 282.0 Box 0
196.0 215.0 257.0 219.0 253.0 279.0 192.0 275.0 Box 0
259.0 209.0 305.0 211.0 303.0 268.0 257.0 266.0 Box 0
306.0 211.0 364.0 214.0 361.0 276.0 303.0 273.0 Box 0
366.0 220.0 427.0 223.0 425.0 283.0 364.0 281.0 Box 0
36.0 197.0 75.0 204.0 64.0 262.0 25.0 255.0 Box 0
75.0 251.0 128.0 273.0 107.0 324.0 54.0 302.0 Box 0
107.0 299.0 165.0 303.0 161.0 366.0 103.0 362.0 Box 0
168.0 300.0 226.0 304.0 222.0 367.0 164.0 363.0 Box 0
228.0 304.0 288.0 308.0 283.0 370.0 223.0 365.0 Box 0
289.0 303.0 403.0 315.0 396.0 385.0 282.0 373.0 Box 0
44.0 328.0 102.0 336.0 88.0 424.0 31.0 416.0 Box 0
99.0 371.0 158.0 377.0 152.0 435.0 93.0 429.0 Box 0
159.0 377.0 220.0 381.0 216.0 441.0 155.0 436.0 Box 0
227.0 373.0 281.0 376.0 277.0 431.0 223.0 427.0 Box 0
279.0 379.0 327.0 381.0 325.0 438.0 277.0 436.0 Box 0
327.0 383.0 374.0 384.0 373.0 441.0 325.0 440.0 Box 0
