481.0 76.0 392.0 77.0 392.0 16.0 481.0 15.0 Box 0
392.0 74.0 306.0 85.0 298.0 26.0 384.0 14.0 Box 0
304.0 94.0 244.0 100.0 238.0 42.0 298.0 36.0 Box 0
243.0 89.0 184.0 95.0 178.0 33.0 237.0 27.0 Box 0
185.0 95.0 125.0 107.0 114.0 49.0 173.0 37.0 Box 0
128.0 117.0 70.0 130.0 57.0 74.0 115.0 60.0 Box 0
28.0 73.0 67.0 73.0 67.0 145.0 28.0 145.0 Box 0
60.0 129.0 117.0 154.0 92.0 210.0 36.0 184.0 Box 0
127.0 109.0 190.0 119.0 180.0 179.0 117.0 168.0 Box 0
191.0 131.0 253.0 139.0 245.0 200.0 184.0 192.0 Box 0
319.0 192.0 263.0 199.0 256.0 145.0 312.0 138.0 Box 0
380.0 169.0 319.0 179.0 309.0 120.0 370.0 110.0 Box 0
439.0 144.0 378.0 153.0 370.0 94.0 430.0 85.0 Box 0
503.0 150.0 444.0 157.0 436.0 96.0 495.0 89.0 Box 0
452.0 226.0 513.0 230.0 509.0 290.0 448.0 286.0 Box 0
389.0 216.0 449.0 220.0 445.0 280.0 385.0 276.0 Box 0
340.0 213.0 385.0 214.0 383.0 269.0 338.0 268.0 Box 0
281.0 217.0 337.0 221.0 333.0 282.0 277.0 278.0 Box 0
220.0 220.0 280.0 229.0 270.0 289.0 210.0 279.0 Box 0
163.0 246.0 219.0 258.0 208.0 314.0 152.0 302.0 Box 0
163.0 190.0 222.0 202.0 211.0 255.0 152.0 243.0 Box 0
405.0 312.0 519.0 318.0 515.0 388.0 401.0 382.0 Box 0
341.0 317.0 400.0 317.0 400.0 378.0 341.0 378.0 Box 0
280.0 319.0 338.0 319.0 338.0 380.0 280.0 380.0 Box 0
279.0 382.0 218.0 385.0 216.0 326.0 277.0 323.0 Box 0
165.0 339.0 220.0 362.0 186.0 443.0 132.0 421.0 Box 0
114.0 297.0 171.0 325.0 142.0 383.0 85.0 354.0 Box 0
88.0 233.0 134.0 256.0 70.0 379.0 25.0 355.0 Box 0
112.0 169.0 168.0 197.0 141.0 252.0 85.0 224.0 Box 0
207.0 392.0 267.0 400.0 259.0 459.0 200.0 451.0 Box 0
267.0 402.0 325.0 402.0 325.0 461.0 267.0 461.0 Box 0
328.0 394.0 383.0 394.0 383.0 449.0 328.0 449.0 Box 0
385.0 397.0 432.0 397.0 432.0 457.0 385.0 457.0 Box 0
480.0 456.0 434.0 457.0 433.0 400.0 478.0 399.0 Box 0
