493.0 76.0 405.0 78.0 403.0 19.0 491.0 16.0 Box 0
404.0 73.0 316.0 81.0 311.0 23.0 398.0 15.0 Box 0
316.0 93.0 255.0 96.0 252.0 36.0 313.0 33.0 Box 0
252.0 82.0 194.0 85.0 190.0 26.0 248.0 22.0 Box 0
195.0 84.0 135.0 91.0 128.0 32.0 188.0 25.0 Box 0
138.0 103.0 83.0 119.0 66.0 62.0 121.0 46.0 Box 0
81.0 117.0 44.0 129.0 26.0 71.0 64.0 60.0 Box 0
73.0 116.0 127.0 143.0 100.0 199.0 46.0 172.0 Box 0
140.0 94.0 201.0 115.0 182.0 172.0 120.0 150.0 Box 0
201.0 125.0 260.0 143.0 243.0 201.0 184.0 183.0 Box 0
327.0 191.0 270.0 202.0 260.0 148.0 317.0 137.0 Box 0
386.0 170.0 325.0 182.0 313.0 123.0 374.0 110.0 Box 0
444.0 141.0 384.0 150.0 375.0 94.0 435.0 84.0 Box 0
509.0 148.0 448.0 156.0 439.0 96.0 501.0 88.0 Box 0
457.0 227.0 518.0 231.0 514.0 291.0 453.0 287.0 Box 0
394.0 217.0 452.0 220.0 450.0 281.0 392.0 278.0 Box 0
345.0 214.0 392.0 216.0 390.0 270.0 343.0 269.0 Box 0
283.0 219.0 343.0 222.0 341.0 282.0 281.0 280.0 Box 0
223.0 218.0 284.0 231.0 272.0 289.0 211.0 277.0 Box 0
167.0 244.0 223.0 257.0 211.0 311.0 155.0 298.0 Box 0
171.0 182.0 232.0 201.0 216.0 254.0 155.0 235.0 Box 0
122.0 159.0 177.0 189.0 147.0 244.0 92.0 214.0 Box 0
127.0 286.0 180.0 321.0 141.0 380.0 88.0 345.0 Box 0
96.0 352.0 138.0 374.0 120.0 409.0 78.0 386.0 Box 0
166.0 337.0 221.0 366.0 180.0 444.0 126.0 415.0 Box 0
279.0 384.0 219.0 386.0 217.0 327.0 277.0 324.0 Box 0
340.0 379.0 279.0 380.0 277.0 319.0 338.0 318.0 Box 0
403.0 377.0 339.0 378.0 337.0 317.0 401.0 316.0 Box 0
406.0 312.0 519.0 317.0 516.0 388.0 403.0 383.0 Box 0
480.0 456.0 435.0 457.0 434.0 400.0 478.0 399.0 Box 0
386.0 398.0 432.0 398.0 432.0 455.0 386.0 455.0 Box 0
327.0 394.0 384.0 394.0 384.0 450.0 327.0 450.0 Box 0
268.0 399.0 325.0 400.0 323.0 461.0 266.0 460.0 Box 0
205.0 394.0 267.0 400.0 261.0 459.0 199.0 453.0 Box 0
96.0 222.0 144.0 253.0 71.0 367.0 23.0 336.0 Box 0
28.0 169.0 77.0 169.0 77.0 252.0 28.0 252.0 Box 0
