145.0 89.0 88.0 107.0 70.0 50.0 126.0 31.0 Box 0
200.0 75.0 139.0 77.0 137.0 18.0 198.0 16.0 Box 0
201.0 16.0 258.0 16.0 258.0 76.0 201.0 76.0 Box 0
261.0 28.0 321.0 29.0 319.0 91.0 259.0 90.0 Box 0
410.0 77.0 321.0 80.0 319.0 19.0 408.0 16.0 Box 0
501.0 76.0 412.0 81.0 408.0 20.0 497.0 15.0 Box 0
514.0 147.0 453.0 157.0 444.0 96.0 504.0 87.0 Box 0
450.0 141.0 390.0 153.0 379.0 95.0 439.0 83.0 Box 0
392.0 170.0 331.0 183.0 319.0 123.0 380.0 110.0 Box 0
331.0 193.0 277.0 206.0 264.0 152.0 318.0 139.0 Box 0
209.0 120.0 266.0 146.0 241.0 201.0 184.0 175.0 Box 0
149.0 82.0 208.0 106.0 186.0 161.0 127.0 137.0 Box 0
80.0 104.0 133.0 132.0 106.0 186.0 52.0 159.0 Box 0
132.0 149.0 182.0 183.0 147.0 233.0 98.0 199.0 Box 0
145.0 88.0 89.0 107.0 70.0 51.0 126.0 32.0 Box 0
228.0 219.0 287.0 230.0 276.0 289.0 217.0 278.0 Box 0
289.0 218.0 348.0 223.0 343.0 285.0 284.0 280.0 Box 0
348.0 214.0 394.0 216.0 391.0 272.0 345.0 269.0 Box 0
397.0 217.0 455.0 220.0 452.0 280.0 394.0 277.0 Box 0
459.0 227.0 520.0 230.0 517.0 289.0 456.0 286.0 Box 0
178.0 178.0 234.0 201.0 213.0 252.0 157.0 229.0 Box 0
173.0 243.0 228.0 257.0 214.0 312.0 159.0 298.0 Box 0
130.0 290.0 180.0 329.0 141.0 380.0 91.0 341.0 Box 0
171.0 341.0 221.0 374.0 173.0 447.0 123.0 414.0 Box 0
279.0 386.0 220.0 389.0 218.0 327.0 277.0 324.0 Box 0
340.0 379.0 281.0 380.0 279.0 320.0 338.0 319.0 Box 0
339.0 317.0 401.0 317.0 401.0 378.0 339.0 378.0 Box 0
406.0 310.0 519.0 317.0 515.0 388.0 402.0 381.0 Box 0
434.0 400.0 478.0 400.0 478.0 457.0 434.0 457.0 Box 0
433.0 455.0 386.0 456.0 384.0 400.0 431.0 399.0 Box 0
328.0 394.0 383.0 394.0 383.0 451.0 328.0 451.0 Box 0
268.0 401.0 325.0 402.0 323.0 462.0 266.0 461.0 Box 0
206.0 398.0 266.0 401.0 263.0 461.0 203.0 458.0 Box 0
104.0 213.0 155.0 252.0 72.0 361.0 21.0 323.0 Box 0
35.0 159.0 89.0 176.0 72.0 230.0 18.0 212.0 Box 0
89.0 105.0 50.0 120.0 28.0 63.0 68.0 48.0 Box 0
