501.0 77.0 412.0 81.0 409.0 20.0 498.0 15.0 Box 0
513.0 148.0 453.0 156.0 445.0 95.0 505.0 87.0 Box 0
451.0 142.0 390.0 153.0 379.0 94.0 440.0 83.0 Box 0
392.0 169.0 331.0 182.0 319.0 123.0 380.0 111.0 Box 0
410.0 78.0 322.0 81.0 320.0 20.0 408.0 17.0 Box 0
321.0 88.0 260.0 89.0 260.0 30.0 321.0 29.0 Box 0
201.0 15.0 259.0 15.0 259.0 76.0 201.0 76.0 Box 0
203.0 74.0 142.0 77.0 138.0 18.0 199.0 15.0 Box 0
146.0 87.0 90.0 105.0 73.0 48.0 128.0 31.0 Box 0
87.0 103.0 47.0 118.0 26.0 61.0 66.0 46.0 Box 0
80.0 103.0 134.0 130.0 107.0 184.0 53.0 157.0 Box 0
154.0 80.0 211.0 107.0 186.0 161.0 129.0 134.0 Box 0
211.0 120.0 266.0 147.0 240.0 202.0 184.0 175.0 Box 0
331.0 193.0 276.0 206.0 264.0 152.0 319.0 140.0 Box 0
227.0 220.0 288.0 229.0 279.0 289.0 218.0 279.0 Box 0
289.0 218.0 348.0 223.0 343.0 284.0 284.0 279.0 Box 0
349.0 214.0 393.0 216.0 391.0 271.0 346.0 269.0 Box 0
398.0 216.0 456.0 219.0 452.0 281.0 394.0 278.0 Box 0
460.0 228.0 521.0 231.0 518.0 290.0 457.0 287.0 Box 0
409.0 312.0 519.0 317.0 516.0 387.0 406.0 381.0 Box 0
400.0 377.0 340.0 378.0 340.0 318.0 400.0 317.0 Box 0
340.0 379.0 280.0 381.0 279.0 319.0 338.0 318.0 Box 0
280.0 385.0 220.0 388.0 217.0 328.0 277.0 325.0 Box 0
173.0 342.0 220.0 376.0 168.0 448.0 121.0 413.0 Box 0
132.0 290.0 182.0 328.0 144.0 379.0 93.0 342.0 Box 0
173.0 244.0 228.0 256.0 215.0 313.0 160.0 300.0 Box 0
181.0 177.0 237.0 204.0 213.0 253.0 157.0 226.0 Box 0
134.0 147.0 183.0 184.0 146.0 234.0 97.0 197.0 Box 0
102.0 212.0 156.0 251.0 74.0 363.0 20.0 323.0 Box 0
38.0 159.0 90.0 176.0 73.0 228.0 21.0 212.0 Box 0
204.0 398.0 264.0 400.0 262.0 461.0 202.0 459.0 Box 0
267.0 402.0 324.0 403.0 324.0 462.0 267.0 461.0 Box 0
328.0 396.0 385.0 396.0 385.0 450.0 328.0 450.0 Box 0
387.0 398.0 433.0 398.0 433.0 457.0 387.0 457.0 Box 0
479.0 455.0 433.0 456.0 433.0 399.0 479.0 398.0 Box 0
28.0 333.0 94.0 333.0 94.0 415.0 28.0 415.0 Box 0
117.0 360.0 143.0 383.0 121.0 407.0 95.0 384.0 Box 0
