145.0 88.0 86.0 102.0 73.0 45.0 131.0 31.0 Box 0
202.0 74.0 142.0 77.0 140.0 17.0 200.0 14.0 Box 0
203.0 16.0 260.0 16.0 260.0 76.0 203.0 76.0 Box 0
262.0 31.0 321.0 31.0 321.0 89.0 262.0 89.0 Box 0
411.0 79.0 322.0 82.0 320.0 20.0 409.0 17.0 Box 0
502.0 76.0 413.0 81.0 410.0 20.0 499.0 15.0 Box 0
515.0 147.0 454.0 157.0 445.0 95.0 506.0 86.0 Box 0
451.0 141.0 391.0 154.0 379.0 95.0 439.0 83.0 Box 0
393.0 171.0 331.0 184.0 319.0 123.0 381.0 111.0 Box 0
334.0 194.0 277.0 208.0 264.0 154.0 321.0 140.0 Box 0
211.0 119.0 266.0 147.0 239.0 201.0 184.0 173.0 Box 0
156.0 78.0 212.0 105.0 185.0 160.0 129.0 132.0 Box 0
136.0 144.0 186.0 181.0 148.0 232.0 99.0 195.0 Box 0
183.0 177.0 238.0 207.0 212.0 255.0 157.0 225.0 Box 0
79.0 100.0 135.0 124.0 111.0 181.0 55.0 157.0 Box 0
87.0 101.0 50.0 114.0 31.0 57.0 68.0 44.0 Box 0
46.0 156.0 99.0 176.0 79.0 229.0 26.0 209.0 Box 0
113.0 214.0 164.0 254.0 76.0 362.0 26.0 322.0 Box 0
136.0 291.0 185.0 333.0 144.0 380.0 96.0 338.0 Box 0
178.0 243.0 233.0 259.0 217.0 315.0 162.0 299.0 Box 0
227.0 223.0 288.0 227.0 284.0 287.0 223.0 282.0 Box 0
291.0 217.0 349.0 221.0 345.0 282.0 287.0 278.0 Box 0
352.0 212.0 397.0 216.0 393.0 271.0 347.0 267.0 Box 0
399.0 217.0 459.0 220.0 455.0 282.0 395.0 278.0 Box 0
462.0 228.0 522.0 231.0 518.0 290.0 458.0 286.0 Box 0
176.0 346.0 221.0 384.0 165.0 451.0 120.0 412.0 Box 0
279.0 386.0 220.0 389.0 218.0 327.0 277.0 324.0 Box 0
340.0 379.0 280.0 381.0 278.0 320.0 338.0 318.0 Box 0
341.0 317.0 400.0 317.0 400.0 378.0 341.0 378.0 Box 0
407.0 312.0 520.0 318.0 516.0 388.0 403.0 382.0 Box 0
480.0 456.0 433.0 457.0 432.0 400.0 478.0 399.0 Box 0
386.0 398.0 433.0 398.0 433.0 455.0 386.0 455.0 Box 0
327.0 395.0 383.0 395.0 383.0 449.0 327.0 449.0 Box 0
324.0 460.0 267.0 461.0 267.0 403.0 324.0 402.0 Box 0
204.0 403.0 266.0 403.0 266.0 460.0 204.0 460.0 Box 0
28.0 334.0 99.0 334.0 99.0 414.0 28.0 414.0 Box 0
144.0 382.0 126.0 403.0 100.0 380.0 118.0 359.0 Box 0
27.0 119.0 54.0 119.0 54.0 167.0 27.0 167.0 Box 0
