540.0 77.0 451.0 80.0 449.0 19.0 538.0 16.0 Box 0
450.0 77.0 362.0 80.0 360.0 20.0 448.0 17.0 Box 0
361.0 90.0 301.0 90.0 301.0 31.0 360.0 30.0 Box 0
243.0 14.0 300.0 15.0 300.0 78.0 243.0 77.0 Box 0
242.0 73.0 181.0 74.0 181.0 14.0 242.0 13.0 Box 0
182.0 77.0 122.0 80.0 119.0 19.0 179.0 16.0 Box 0
128.0 66.0 78.0 106.0 39.0 57.0 89.0 18.0 Box 0
29.0 55.0 105.0 55.0 105.0 183.0 29.0 183.0 Box 0
109.0 77.0 168.0 88.0 158.0 147.0 99.0 137.0 Box 0
198.0 68.0 248.0 109.0 209.0 157.0 159.0 116.0 Box 0
246.0 120.0 290.0 162.0 249.0 206.0 205.0 164.0 Box 0
139.0 171.0 94.0 209.0 68.0 178.0 113.0 140.0 Box 0
124.0 180.0 190.0 248.0 87.0 348.0 21.0 280.0 Box 0
209.0 179.0 257.0 218.0 221.0 263.0 173.0 224.0 Box 0
168.0 134.0 215.0 172.0 175.0 221.0 128.0 183.0 Box 0
204.0 244.0 250.0 280.0 215.0 324.0 169.0 289.0 Box 0
159.0 278.0 202.0 323.0 147.0 376.0 104.0 332.0 Box 0
61.0 309.0 116.0 347.0 77.0 403.0 23.0 366.0 Box 0
222.0 385.0 160.0 450.0 118.0 409.0 180.0 344.0 Box 0
280.0 385.0 221.0 390.0 216.0 329.0 276.0 324.0 Box 0
339.0 378.0 278.0 379.0 276.0 320.0 337.0 318.0 Box 0
401.0 377.0 339.0 378.0 339.0 317.0 401.0 316.0 Box 0
406.0 312.0 520.0 319.0 516.0 388.0 402.0 381.0 Box 0
478.0 454.0 433.0 455.0 433.0 399.0 478.0 398.0 Box 0
478.0 225.0 539.0 231.0 533.0 292.0 472.0 286.0 Box 0
415.0 214.0 475.0 220.0 470.0 280.0 410.0 274.0 Box 0
362.0 212.0 408.0 213.0 407.0 269.0 361.0 268.0 Box 0
363.0 282.0 303.0 284.0 301.0 223.0 361.0 220.0 Box 0
303.0 297.0 241.0 298.0 241.0 237.0 303.0 236.0 Box 0
203.0 405.0 265.0 405.0 265.0 461.0 203.0 461.0 Box 0
267.0 403.0 327.0 403.0 327.0 461.0 267.0 461.0 Box 0
328.0 394.0 383.0 394.0 383.0 449.0 328.0 449.0 Box 0
386.0 398.0 433.0 398.0 433.0 456.0 386.0 456.0 Box 0
28.0 376.0 62.0 376.0 62.0 425.0 28.0 425.0 Box 0
29.0 293.0 50.0 293.0 50.0 350.0 29.0 350.0 Box 0
27.0 217.0 58.0 217.0 58.0 269.0 27.0 269.0 Box 0
359.0 199.0 306.0 219.0 287.0 170.0 340.0 149.0 Box 0
416.0 170.0 358.0 189.0 340.0 133.0 398.0 114.0 Box 0
471.0 136.0 412.0 154.0 395.0 100.0 454.0 81.0 Box 0
536.0 139.0 475.0 151.0 463.0 91.0 524.0 79.0 Box 0
142.0 378.0 130.0 389.0 106.0 365.0 117.0 354.0 Box 0
