552.0 76.0 465.0 80.0 462.0 20.0 549.0 16.0 Box 0
462.0 79.0 375.0 82.0 373.0 21.0 460.0 18.0 Box 0
313.0 30.0 372.0 31.0 372.0 92.0 313.0 91.0 Box 0
255.0 15.0 312.0 15.0 312.0 78.0 255.0 78.0 Box 0
195.0 12.0 254.0 13.0 254.0 75.0 195.0 74.0 Box 0
193.0 76.0 133.0 77.0 132.0 17.0 193.0 16.0 Box 0
139.0 66.0 90.0 103.0 53.0 53.0 101.0 16.0 Box 0
121.0 136.0 94.0 158.0 26.0 74.0 53.0 52.0 Box 0
121.0 75.0 181.0 86.0 171.0 147.0 110.0 136.0 Box 0
212.0 67.0 261.0 109.0 221.0 156.0 172.0 115.0 Box 0
179.0 137.0 224.0 179.0 183.0 224.0 138.0 182.0 Box 0
123.0 139.0 148.0 170.0 104.0 206.0 79.0 176.0 Box 0
135.0 180.0 196.0 251.0 87.0 344.0 27.0 274.0 Box 0
70.0 311.0 119.0 355.0 75.0 404.0 26.0 361.0 Box 0
167.0 281.0 206.0 328.0 146.0 377.0 108.0 330.0 Box 0
210.0 248.0 254.0 285.0 217.0 329.0 173.0 292.0 Box 0
266.0 228.0 228.0 269.0 181.0 227.0 220.0 185.0 Box 0
300.0 170.0 257.0 211.0 214.0 167.0 257.0 125.0 Box 0
367.0 204.0 316.0 225.0 294.0 175.0 346.0 153.0 Box 0
425.0 172.0 368.0 194.0 346.0 137.0 403.0 115.0 Box 0
479.0 133.0 421.0 154.0 401.0 100.0 459.0 79.0 Box 0
540.0 139.0 482.0 150.0 470.0 90.0 528.0 78.0 Box 0
484.0 225.0 546.0 231.0 540.0 289.0 478.0 282.0 Box 0
421.0 213.0 481.0 217.0 477.0 278.0 417.0 273.0 Box 0
413.0 267.0 368.0 270.0 364.0 215.0 409.0 211.0 Box 0
370.0 288.0 310.0 294.0 304.0 233.0 364.0 227.0 Box 0
311.0 306.0 249.0 309.0 245.0 249.0 307.0 245.0 Box 0
180.0 347.0 223.0 389.0 162.0 452.0 119.0 410.0 Box 0
281.0 384.0 220.0 390.0 214.0 329.0 275.0 323.0 Box 0
340.0 378.0 279.0 380.0 277.0 320.0 338.0 317.0 Box 0
402.0 377.0 340.0 378.0 340.0 317.0 402.0 316.0 Box 0
405.0 310.0 519.0 317.0 515.0 388.0 401.0 381.0 Box 0
480.0 455.0 434.0 456.0 432.0 399.0 478.0 398.0 Box 0
386.0 398.0 432.0 398.0 432.0 456.0 386.0 456.0 Box 0
328.0 394.0 384.0 394.0 384.0 449.0 328.0 449.0 Box 0
327.0 459.0 268.0 460.0 266.0 403.0 325.0 402.0 Box 0
204.0 404.0 266.0 405.0 264.0 461.0 202.0 460.0 Box 0
27.0 372.0 66.0 372.0 66.0 433.0 27.0 433.0 Box 0
28.0 287.0 60.0 287.0 60.0 350.0 28.0 350.0 Box 0
50.0 210.0 70.0 237.0 48.0 254.0 28.0 227.0 Box 0
27.0 145.0 68.0 145.0 68.0 223.0 27.0 223.0 Box 0
143.0 382.0 131.0 393.0 109.0 372.0 121.0 360.0 Box 0
