298.0 16.0 358.0 16.0 358.0 76.0 298.0 76.0 Box 0
235.0 15.0 294.0 15.0 294.0 77.0 235.0 77.0 Box 0
236.0 64.0 183.0 95.0 151.0 42.0 204.0 10.0 Box 0
203.0 127.0 142.0 165.0 84.0 72.0 145.0 34.0 Box 0
214.0 72.0 274.0 84.0 262.0 144.0 202.0 131.0 Box 0
362.0 113.0 320.0 157.0 274.0 113.0 316.0 69.0 Box 0
391.0 182.0 343.0 217.0 306.0 167.0 355.0 132.0 Box 0
314.0 183.0 268.0 224.0 227.0 178.0 273.0 136.0 Box 0
235.0 168.0 192.0 204.0 160.0 167.0 204.0 130.0 Box 0
131.0 186.0 75.0 220.0 21.0 129.0 77.0 96.0 Box 0
29.0 44.0 87.0 44.0 87.0 114.0 29.0 114.0 Box 0
278.0 254.0 168.0 334.0 112.0 256.0 221.0 176.0 Box 0
149.0 227.0 111.0 256.0 88.0 227.0 127.0 197.0 Box 0
187.0 201.0 152.0 226.0 139.0 209.0 174.0 183.0 Box 0
356.0 233.0 316.0 272.0 272.0 227.0 312.0 187.0 Box 0
460.0 208.0 409.0 233.0 384.0 184.0 435.0 159.0 Box 0
519.0 170.0 463.0 197.0 437.0 142.0 493.0 115.0 Box 0
571.0 136.0 512.0 153.0 495.0 98.0 554.0 80.0 Box 0
360.0 16.0 419.0 16.0 419.0 77.0 360.0 77.0 Box 0
420.0 29.0 482.0 29.0 482.0 91.0 420.0 91.0 Box 0
572.0 79.0 484.0 82.0 482.0 21.0 570.0 18.0 Box 0
636.0 77.0 572.0 78.0 572.0 18.0 636.0 17.0 Box 0
634.0 138.0 576.0 152.0 561.0 92.0 619.0 78.0 Box 0
567.0 225.0 630.0 231.0 624.0 290.0 561.0 283.0 Box 0
506.0 213.0 564.0 216.0 561.0 276.0 503.0 274.0 Box 0
495.0 267.0 449.0 273.0 442.0 217.0 487.0 211.0 Box 0
454.0 289.0 396.0 300.0 384.0 242.0 442.0 230.0 Box 0
396.0 312.0 335.0 323.0 324.0 263.0 385.0 252.0 Box 0
332.0 294.0 290.0 332.0 252.0 290.0 294.0 252.0 Box 0
278.0 333.0 223.0 373.0 186.0 323.0 241.0 282.0 Box 0
198.0 352.0 153.0 398.0 106.0 352.0 151.0 306.0 Box 0
138.0 313.0 71.0 361.0 25.0 298.0 92.0 249.0 Box 0
29.0 217.0 86.0 217.0 86.0 277.0 29.0 277.0 Box 0
195.0 447.0 136.0 459.0 128.0 421.0 187.0 409.0 Box 0
299.0 391.0 238.0 454.0 194.0 412.0 256.0 349.0 Box 0
361.0 383.0 300.0 389.0 294.0 330.0 355.0 324.0 Box 0
422.0 378.0 362.0 382.0 358.0 321.0 418.0 317.0 Box 0
423.0 316.0 484.0 316.0 484.0 377.0 423.0 377.0 Box 0
490.0 309.0 608.0 319.0 602.0 389.0 485.0 379.0 Box 0
515.0 398.0 561.0 398.0 561.0 456.0 515.0 456.0 Box 0
467.0 398.0 515.0 398.0 515.0 455.0 467.0 455.0 Box 0
410.0 395.0 464.0 395.0 464.0 450.0 410.0 450.0 Box 0
349.0 401.0 408.0 401.0 408.0 462.0 349.0 462.0 Box 0
285.0 405.0 347.0 405.0 347.0 462.0 285.0 462.0 Box 0
