424.0 404.0 485.0 404.0 485.0 461.0 424.0 461.0 Box 0
365.0 371.0 342.0 399.0 316.0 378.0 340.0 350.0 Box 0
437.0 388.0 379.0 453.0 334.0 413.0 392.0 348.0 Box 0
487.0 401.0 545.0 401.0 545.0 461.0 487.0 461.0 Box 0
542.0 395.0 594.0 395.0 594.0 448.0 542.0 448.0 Box 0
594.0 397.0 633.0 397.0 633.0 454.0 594.0 454.0 Box 0
498.0 383.0 440.0 389.0 434.0 330.0 492.0 324.0 Box 0
559.0 378.0 499.0 380.0 497.0 319.0 557.0 317.0 Box 0
560.0 316.0 621.0 316.0 621.0 375.0 560.0 375.0 Box 0
534.0 310.0 475.0 322.0 463.0 262.0 522.0 250.0 Box 0
591.0 288.0 534.0 300.0 522.0 240.0 579.0 228.0 Box 0
630.0 267.0 584.0 273.0 576.0 216.0 622.0 210.0 Box 0
590.0 205.0 539.0 233.0 514.0 186.0 565.0 159.0 Box 0
637.0 178.0 602.0 195.0 575.0 142.0 610.0 124.0 Box 0
340.0 443.0 280.0 458.0 271.0 422.0 331.0 407.0 Box 0
529.0 181.0 479.0 217.0 443.0 167.0 493.0 131.0 Box 0
493.0 232.0 453.0 270.0 410.0 225.0 449.0 187.0 Box 0
463.0 293.0 422.0 330.0 384.0 289.0 425.0 251.0 Box 0
413.0 338.0 364.0 373.0 327.0 322.0 376.0 287.0 Box 0
449.0 182.0 406.0 221.0 365.0 176.0 408.0 136.0 Box 0
419.0 253.0 308.0 334.0 252.0 257.0 363.0 176.0 Box 0
501.0 113.0 458.0 155.0 415.0 111.0 458.0 69.0 Box 0
352.0 72.0 410.0 84.0 398.0 142.0 341.0 130.0 Box 0
367.0 168.0 323.0 205.0 290.0 165.0 334.0 128.0 Box 0
319.0 204.0 287.0 230.0 268.0 207.0 300.0 180.0 Box 0
280.0 226.0 242.0 255.0 220.0 226.0 258.0 197.0 Box 0
335.0 355.0 292.0 397.0 248.0 352.0 291.0 310.0 Box 0
278.0 319.0 212.0 375.0 161.0 316.0 227.0 259.0 Box 0
267.0 173.0 197.0 209.0 156.0 131.0 226.0 94.0 Box 0
223.0 258.0 137.0 302.0 74.0 181.0 160.0 136.0 Box 0
619.0 23.0 635.0 23.0 635.0 81.0 619.0 81.0 Box 0
556.0 31.0 618.0 31.0 618.0 90.0 556.0 90.0 Box 0
554.0 76.0 497.0 77.0 495.0 16.0 553.0 15.0 Box 0
432.0 15.0 493.0 15.0 493.0 74.0 432.0 74.0 Box 0
373.0 15.0 431.0 15.0 431.0 77.0 373.0 77.0 Box 0
374.0 63.0 320.0 94.0 289.0 41.0 343.0 9.0 Box 0
335.0 128.0 275.0 161.0 222.0 67.0 282.0 33.0 Box 0
229.0 88.0 154.0 129.0 124.0 75.0 199.0 34.0 Box 0
139.0 105.0 67.0 151.0 31.0 95.0 103.0 49.0 Box 0
153.0 134.0 88.0 179.0 76.0 161.0 141.0 116.0 Box 0
