26.0 310.0 87.0 310.0 87.0 395.0 26.0 395.0 Box 0
140.0 315.0 52.0 321.0 48.0 263.0 136.0 257.0 Box 0
132.0 324.0 233.0 337.0 222.0 418.0 121.0 404.0 Box 0
380.0 388.0 276.0 434.0 215.0 298.0 319.0 251.0 Box 0
236.0 225.0 178.0 305.0 91.0 241.0 150.0 161.0 Box 0
254.0 170.0 326.0 200.0 303.0 255.0 231.0 224.0 Box 0
519.0 332.0 375.0 365.0 332.0 179.0 475.0 145.0 Box 0
458.0 156.0 375.0 186.0 353.0 125.0 436.0 95.0 Box 0
302.0 64.0 358.0 84.0 332.0 160.0 276.0 140.0 Box 0
154.0 71.0 255.0 87.0 240.0 179.0 140.0 162.0 Box 0
142.0 148.0 39.0 158.0 28.0 45.0 131.0 35.0 Box 0
