27.0 54.0 116.0 54.0 116.0 202.0 27.0 202.0 Box 0
247.0 138.0 116.0 161.0 95.0 48.0 226.0 25.0 Box 0
244.0 72.0 351.0 84.0 341.0 176.0 234.0 164.0 Box 0
395.0 64.0 451.0 82.0 426.0 157.0 370.0 138.0 Box 0
553.0 156.0 471.0 188.0 447.0 126.0 529.0 94.0 Box 0
620.0 331.0 470.0 364.0 429.0 180.0 579.0 146.0 Box 0
349.0 172.0 421.0 202.0 398.0 256.0 327.0 225.0 Box 0
334.0 224.0 274.0 305.0 190.0 242.0 250.0 162.0 Box 0
244.0 315.0 157.0 324.0 151.0 267.0 238.0 258.0 Box 0
66.0 189.0 169.0 222.0 132.0 337.0 30.0 304.0 Box 0
146.0 311.0 192.0 349.0 146.0 405.0 100.0 366.0 Box 0
229.0 327.0 326.0 337.0 318.0 415.0 221.0 405.0 Box 0
474.0 388.0 371.0 436.0 308.0 301.0 411.0 253.0 Box 0
27.0 335.0 80.0 335.0 80.0 401.0 27.0 401.0 Box 0
