333.0 133.0 249.0 193.0 155.0 59.0 240.0 0.0 Box 0
291.0 191.0 386.0 216.0 357.0 330.0 261.0 306.0 Box 0
233.0 344.0 293.0 347.0 291.0 411.0 231.0 408.0 Box 0
405.0 357.0 363.0 405.0 320.0 367.0 362.0 319.0 Box 0
445.0 320.0 361.0 325.0 357.0 265.0 441.0 260.0 Box 0
535.0 227.0 474.0 303.0 394.0 238.0 455.0 162.0 Box 0
450.0 139.0 325.0 159.0 307.0 45.0 432.0 24.0 Box 0
447.0 69.0 550.0 81.0 540.0 175.0 437.0 164.0 Box 0
545.0 170.0 618.0 199.0 596.0 254.0 523.0 225.0 Box 0
434.0 329.0 527.0 338.0 519.0 414.0 427.0 404.0 Box 0
639.0 407.0 573.0 435.0 513.0 295.0 580.0 266.0 Box 0
594.0 64.0 636.0 79.0 610.0 153.0 568.0 139.0 Box 0
