322.0 132.0 236.0 189.0 147.0 57.0 233.0 0.0 Box 0
279.0 189.0 374.0 214.0 343.0 331.0 248.0 306.0 Box 0
220.0 346.0 279.0 346.0 279.0 409.0 220.0 409.0 Box 0
393.0 357.0 351.0 405.0 307.0 367.0 349.0 318.0 Box 0
434.0 320.0 351.0 325.0 347.0 265.0 430.0 260.0 Box 0
524.0 225.0 464.0 302.0 380.0 237.0 440.0 160.0 Box 0
437.0 142.0 307.0 159.0 292.0 43.0 422.0 26.0 Box 0
434.0 70.0 541.0 81.0 531.0 174.0 425.0 164.0 Box 0
535.0 170.0 607.0 198.0 585.0 252.0 514.0 224.0 Box 0
582.0 64.0 638.0 83.0 613.0 157.0 557.0 137.0 Box 0
634.0 404.0 565.0 437.0 500.0 298.0 568.0 266.0 Box 0
422.0 328.0 516.0 338.0 508.0 413.0 415.0 403.0 Box 0
