85.0 377.0 51.0 395.0 23.0 342.0 57.0 324.0 Box 0
29.0 227.0 86.0 227.0 86.0 298.0 29.0 298.0 Box 0
27.0 148.0 91.0 148.0 91.0 225.0 27.0 225.0 Box 0
180.0 251.0 118.0 257.0 113.0 200.0 174.0 194.0 Box 0
148.0 400.0 86.0 402.0 84.0 345.0 146.0 342.0 Box 0
432.0 401.0 383.0 440.0 347.0 395.0 396.0 356.0 Box 0
406.0 347.0 348.0 372.0 326.0 320.0 384.0 295.0 Box 0
329.0 375.0 273.0 398.0 238.0 317.0 295.0 293.0 Box 0
203.0 57.0 152.0 121.0 127.0 102.0 178.0 37.0 Box 0
166.0 182.0 107.0 191.0 97.0 130.0 157.0 121.0 Box 0
67.0 29.0 153.0 61.0 110.0 175.0 24.0 143.0 Box 0
370.0 231.0 433.0 231.0 433.0 288.0 370.0 288.0 Box 0
352.0 279.0 294.0 280.0 293.0 218.0 352.0 217.0 Box 0
324.0 184.0 274.0 191.0 268.0 144.0 317.0 137.0 Box 0
196.0 134.0 270.0 179.0 239.0 230.0 165.0 184.0 Box 0
203.0 52.0 258.0 61.0 250.0 116.0 195.0 107.0 Box 0
354.0 91.0 279.0 131.0 250.0 75.0 325.0 35.0 Box 0
452.0 330.0 498.0 365.0 461.0 414.0 415.0 380.0 Box 0
