430.0 375.0 376.0 398.0 341.0 317.0 395.0 293.0 Box 0
453.0 279.0 396.0 280.0 394.0 217.0 452.0 216.0 Box 0
420.0 183.0 373.0 192.0 364.0 144.0 411.0 136.0 Box 0
299.0 136.0 372.0 178.0 343.0 230.0 270.0 188.0 Box 0
282.0 251.0 221.0 257.0 215.0 199.0 276.0 193.0 Box 0
264.0 398.0 205.0 409.0 195.0 351.0 254.0 341.0 Box 0
200.0 386.0 145.0 414.0 118.0 362.0 174.0 334.0 Box 0
99.0 393.0 61.0 418.0 26.0 365.0 65.0 340.0 Box 0
145.0 340.0 92.0 374.0 58.0 323.0 111.0 288.0 Box 0
184.0 277.0 130.0 310.0 98.0 259.0 153.0 226.0 Box 0
94.0 276.0 29.0 277.0 27.0 189.0 92.0 188.0 Box 0
138.0 136.0 192.0 160.0 167.0 217.0 113.0 193.0 Box 0
215.0 118.0 273.0 124.0 267.0 185.0 209.0 179.0 Box 0
455.0 89.0 381.0 129.0 351.0 75.0 425.0 34.0 Box 0
299.0 53.0 354.0 60.0 347.0 116.0 292.0 108.0 Box 0
270.0 36.0 296.0 52.0 254.0 121.0 228.0 105.0 Box 0
139.0 25.0 250.0 46.0 229.0 163.0 118.0 142.0 Box 0
54.0 71.0 141.0 98.0 110.0 198.0 23.0 171.0 Box 0
601.0 367.0 564.0 415.0 516.0 379.0 553.0 330.0 Box 0
534.0 403.0 486.0 441.0 449.0 394.0 497.0 356.0 Box 0
509.0 347.0 452.0 372.0 429.0 321.0 486.0 295.0 Box 0
474.0 229.0 535.0 230.0 534.0 288.0 472.0 286.0 Box 0
