438.0 230.0 499.0 231.0 498.0 288.0 438.0 287.0 Box 0
416.0 278.0 359.0 279.0 357.0 219.0 414.0 217.0 Box 0
383.0 186.0 336.0 192.0 330.0 143.0 377.0 137.0 Box 0
265.0 136.0 337.0 181.0 307.0 230.0 234.0 186.0 Box 0
248.0 252.0 188.0 259.0 180.0 200.0 241.0 192.0 Box 0
232.0 184.0 174.0 184.0 174.0 122.0 231.0 121.0 Box 0
225.0 404.0 162.0 408.0 158.0 348.0 221.0 343.0 Box 0
159.0 383.0 104.0 411.0 78.0 359.0 133.0 331.0 Box 0
69.0 257.0 28.0 258.0 27.0 192.0 69.0 191.0 Box 0
103.0 338.0 61.0 367.0 26.0 316.0 68.0 287.0 Box 0
145.0 277.0 90.0 311.0 58.0 258.0 112.0 224.0 Box 0
96.0 142.0 149.0 164.0 125.0 220.0 73.0 199.0 Box 0
46.0 86.0 95.0 98.0 74.0 188.0 25.0 177.0 Box 0
241.0 38.0 264.0 55.0 217.0 120.0 194.0 102.0 Box 0
419.0 88.0 346.0 129.0 316.0 76.0 390.0 35.0 Box 0
266.0 52.0 321.0 60.0 312.0 117.0 257.0 108.0 Box 0
101.0 23.0 221.0 51.0 193.0 169.0 73.0 141.0 Box 0
395.0 375.0 339.0 399.0 303.0 318.0 360.0 294.0 Box 0
474.0 348.0 416.0 372.0 393.0 319.0 451.0 294.0 Box 0
500.0 404.0 450.0 442.0 413.0 394.0 462.0 355.0 Box 0
565.0 368.0 527.0 415.0 480.0 377.0 517.0 330.0 Box 0
