571.0 403.0 524.0 442.0 485.0 394.0 532.0 355.0 Box 0
587.0 331.0 635.0 367.0 599.0 415.0 551.0 379.0 Box 0
545.0 347.0 488.0 371.0 466.0 319.0 523.0 294.0 Box 0
466.0 375.0 413.0 398.0 378.0 316.0 431.0 293.0 Box 0
300.0 399.0 241.0 409.0 231.0 351.0 289.0 341.0 Box 0
236.0 387.0 183.0 416.0 154.0 363.0 207.0 334.0 Box 0
141.0 393.0 89.0 428.0 54.0 377.0 106.0 341.0 Box 0
186.0 342.0 132.0 375.0 100.0 323.0 154.0 289.0 Box 0
509.0 230.0 569.0 230.0 569.0 288.0 509.0 288.0 Box 0
489.0 278.0 431.0 279.0 429.0 217.0 487.0 215.0 Box 0
453.0 183.0 407.0 192.0 398.0 143.0 444.0 134.0 Box 0
336.0 136.0 408.0 180.0 378.0 228.0 306.0 184.0 Box 0
317.0 252.0 257.0 257.0 252.0 199.0 312.0 194.0 Box 0
224.0 277.0 170.0 308.0 140.0 256.0 193.0 224.0 Box 0
135.0 276.0 70.0 278.0 67.0 189.0 131.0 186.0 Box 0
177.0 137.0 230.0 160.0 206.0 216.0 153.0 193.0 Box 0
255.0 117.0 312.0 128.0 300.0 188.0 243.0 177.0 Box 0
491.0 89.0 417.0 129.0 388.0 75.0 462.0 35.0 Box 0
333.0 51.0 388.0 59.0 381.0 115.0 325.0 107.0 Box 0
303.0 35.0 330.0 50.0 291.0 123.0 264.0 108.0 Box 0
185.0 8.0 295.0 41.0 260.0 158.0 150.0 125.0 Box 0
94.0 66.0 180.0 95.0 149.0 190.0 63.0 161.0 Box 0
82.0 370.0 42.0 382.0 24.0 327.0 65.0 314.0 Box 0
29.0 256.0 70.0 256.0 70.0 322.0 29.0 322.0 Box 0
30.0 70.0 84.0 70.0 84.0 158.0 30.0 158.0 Box 0
28.0 169.0 63.0 169.0 63.0 229.0 28.0 229.0 Box 0
