358.0 397.0 297.0 409.0 285.0 352.0 346.0 339.0 Box 0
293.0 388.0 239.0 417.0 210.0 365.0 264.0 336.0 Box 0
203.0 395.0 155.0 431.0 119.0 384.0 167.0 347.0 Box 0
139.0 373.0 63.0 398.0 45.0 342.0 121.0 317.0 Box 0
112.0 319.0 53.0 326.0 46.0 265.0 105.0 258.0 Box 0
198.0 273.0 136.0 277.0 130.0 189.0 192.0 185.0 Box 0
243.0 341.0 192.0 375.0 157.0 323.0 209.0 289.0 Box 0
58.0 143.0 106.0 170.0 77.0 223.0 29.0 197.0 Box 0
279.0 277.0 227.0 309.0 194.0 256.0 247.0 224.0 Box 0
230.0 137.0 283.0 162.0 257.0 218.0 205.0 193.0 Box 0
151.0 66.0 231.0 94.0 200.0 180.0 121.0 152.0 Box 0
59.0 45.0 125.0 69.0 96.0 152.0 29.0 129.0 Box 0
250.0 6.0 348.0 41.0 306.0 161.0 208.0 126.0 Box 0
353.0 36.0 379.0 49.0 343.0 121.0 316.0 108.0 Box 0
312.0 114.0 369.0 130.0 353.0 188.0 296.0 173.0 Box 0
373.0 250.0 312.0 256.0 307.0 199.0 367.0 193.0 Box 0
390.0 135.0 462.0 179.0 431.0 229.0 359.0 185.0 Box 0
383.0 51.0 437.0 59.0 430.0 115.0 376.0 108.0 Box 0
544.0 87.0 468.0 128.0 439.0 75.0 515.0 33.0 Box 0
506.0 181.0 458.0 189.0 450.0 145.0 498.0 136.0 Box 0
543.0 279.0 485.0 280.0 483.0 218.0 541.0 216.0 Box 0
521.0 372.0 466.0 396.0 430.0 317.0 485.0 292.0 Box 0
27.0 201.0 82.0 201.0 82.0 265.0 27.0 265.0 Box 0
599.0 346.0 542.0 371.0 519.0 318.0 576.0 294.0 Box 0
564.0 229.0 624.0 229.0 624.0 289.0 564.0 289.0 Box 0
625.0 402.0 576.0 441.0 539.0 395.0 588.0 355.0 Box 0
595.0 321.0 636.0 321.0 636.0 402.0 595.0 402.0 Box 0
