586.0 231.0 634.0 231.0 634.0 288.0 586.0 288.0 Box 0
567.0 278.0 507.0 280.0 505.0 217.0 565.0 215.0 Box 0
525.0 184.0 479.0 190.0 472.0 143.0 518.0 136.0 Box 0
546.0 373.0 490.0 396.0 455.0 314.0 511.0 291.0 Box 0
415.0 135.0 487.0 179.0 456.0 229.0 384.0 185.0 Box 0
337.0 113.0 392.0 127.0 377.0 188.0 322.0 174.0 Box 0
397.0 252.0 334.0 257.0 329.0 200.0 392.0 194.0 Box 0
256.0 137.0 309.0 162.0 283.0 217.0 230.0 192.0 Box 0
302.0 277.0 248.0 309.0 216.0 257.0 271.0 224.0 Box 0
220.0 274.0 159.0 277.0 154.0 190.0 215.0 186.0 Box 0
269.0 340.0 217.0 376.0 182.0 326.0 234.0 289.0 Box 0
229.0 394.0 179.0 433.0 143.0 387.0 192.0 347.0 Box 0
165.0 373.0 88.0 399.0 69.0 343.0 146.0 317.0 Box 0
78.0 301.0 60.0 332.0 24.0 311.0 41.0 280.0 Box 0
139.0 318.0 80.0 326.0 72.0 266.0 131.0 259.0 Box 0
62.0 200.0 108.0 230.0 68.0 291.0 22.0 261.0 Box 0
80.0 139.0 133.0 169.0 104.0 223.0 50.0 193.0 Box 0
567.0 90.0 495.0 129.0 465.0 74.0 537.0 34.0 Box 0
406.0 51.0 462.0 59.0 454.0 115.0 398.0 106.0 Box 0
377.0 34.0 404.0 48.0 368.0 122.0 340.0 108.0 Box 0
270.0 5.0 369.0 40.0 327.0 159.0 228.0 124.0 Box 0
170.0 69.0 253.0 96.0 224.0 183.0 141.0 155.0 Box 0
77.0 41.0 152.0 69.0 121.0 150.0 47.0 122.0 Box 0
316.0 387.0 262.0 417.0 234.0 366.0 288.0 336.0 Box 0
638.0 408.0 601.0 439.0 563.0 394.0 599.0 363.0 Box 0
622.0 346.0 565.0 370.0 543.0 317.0 600.0 293.0 Box 0
381.0 397.0 321.0 409.0 309.0 352.0 369.0 340.0 Box 0
