471.0 396.0 409.0 409.0 397.0 352.0 459.0 339.0 Box 0
405.0 386.0 352.0 417.0 322.0 368.0 375.0 336.0 Box 0
633.0 277.0 576.0 278.0 575.0 218.0 633.0 217.0 Box 0
635.0 372.0 581.0 396.0 545.0 314.0 599.0 290.0 Box 0
639.0 98.0 584.0 127.0 555.0 73.0 610.0 44.0 Box 0
612.0 181.0 563.0 189.0 556.0 141.0 604.0 133.0 Box 0
503.0 133.0 576.0 178.0 546.0 227.0 472.0 182.0 Box 0
428.0 113.0 483.0 129.0 467.0 187.0 412.0 171.0 Box 0
488.0 249.0 428.0 255.0 422.0 198.0 482.0 192.0 Box 0
346.0 137.0 397.0 162.0 371.0 216.0 319.0 191.0 Box 0
392.0 276.0 338.0 309.0 306.0 256.0 360.0 223.0 Box 0
361.0 341.0 311.0 375.0 276.0 325.0 326.0 290.0 Box 0
323.0 394.0 273.0 433.0 235.0 385.0 286.0 346.0 Box 0
137.0 281.0 175.0 301.0 156.0 336.0 118.0 315.0 Box 0
248.0 381.0 173.0 400.0 158.0 342.0 233.0 322.0 Box 0
100.0 342.0 38.0 355.0 26.0 298.0 88.0 285.0 Box 0
240.0 318.0 179.0 327.0 170.0 266.0 230.0 256.0 Box 0
309.0 272.0 249.0 274.0 246.0 189.0 306.0 186.0 Box 0
115.0 117.0 152.0 139.0 133.0 173.0 95.0 151.0 Box 0
181.0 136.0 235.0 167.0 204.0 220.0 150.0 189.0 Box 0
202.0 225.0 159.0 287.0 84.0 236.0 127.0 173.0 Box 0
87.0 193.0 49.0 241.0 26.0 222.0 64.0 174.0 Box 0
492.0 52.0 546.0 60.0 538.0 115.0 484.0 106.0 Box 0
465.0 36.0 489.0 48.0 453.0 119.0 430.0 107.0 Box 0
354.0 4.0 455.0 40.0 413.0 158.0 312.0 122.0 Box 0
257.0 67.0 339.0 95.0 310.0 183.0 228.0 155.0 Box 0
172.0 36.0 248.0 60.0 220.0 145.0 145.0 121.0 Box 0
112.0 42.0 163.0 59.0 144.0 119.0 92.0 102.0 Box 0
99.0 125.0 36.0 131.0 29.0 58.0 92.0 52.0 Box 0
