359.0 345.0 303.0 351.0 298.0 297.0 354.0 291.0 Box 0
607.0 348.0 636.0 396.0 605.0 416.0 575.0 367.0 Box 0
619.0 339.0 571.0 375.0 533.0 324.0 581.0 288.0 Box 0
581.0 392.0 534.0 431.0 495.0 383.0 542.0 344.0 Box 0
481.0 379.0 404.0 397.0 391.0 341.0 468.0 323.0 Box 0
304.0 371.0 256.0 376.0 250.0 316.0 298.0 311.0 Box 0
264.0 215.0 318.0 239.0 294.0 295.0 240.0 270.0 Box 0
492.0 315.0 435.0 327.0 423.0 268.0 480.0 256.0 Box 0
636.0 277.0 594.0 306.0 560.0 255.0 602.0 227.0 Box 0
561.0 271.0 501.0 273.0 499.0 187.0 559.0 185.0 Box 0
359.0 112.0 392.0 134.0 370.0 167.0 337.0 145.0 Box 0
595.0 136.0 637.0 154.0 614.0 209.0 571.0 191.0 Box 0
567.0 17.0 637.0 20.0 633.0 150.0 563.0 148.0 Box 0
508.0 64.0 585.0 94.0 549.0 185.0 473.0 156.0 Box 0
486.0 164.0 455.0 217.0 404.0 186.0 435.0 134.0 Box 0
444.0 223.0 402.0 284.0 331.0 234.0 373.0 174.0 Box 0
358.0 185.0 326.0 236.0 278.0 206.0 311.0 155.0 Box 0
306.0 156.0 277.0 203.0 228.0 172.0 258.0 126.0 Box 0
431.0 36.0 505.0 59.0 479.0 141.0 405.0 118.0 Box 0
364.0 37.0 421.0 54.0 404.0 112.0 347.0 95.0 Box 0
246.0 42.0 349.0 48.0 345.0 121.0 242.0 116.0 Box 0
257.0 411.0 188.0 418.0 177.0 308.0 246.0 301.0 Box 0
199.0 195.0 255.0 200.0 250.0 245.0 195.0 240.0 Box 0
131.0 160.0 194.0 178.0 182.0 222.0 119.0 204.0 Box 0
152.0 396.0 67.0 405.0 59.0 329.0 145.0 320.0 Box 0
28.0 304.0 59.0 305.0 57.0 405.0 26.0 405.0 Box 0
109.0 228.0 170.0 232.0 165.0 290.0 105.0 286.0 Box 0
65.0 261.0 29.0 262.0 28.0 202.0 64.0 201.0 Box 0
30.0 71.0 87.0 73.0 82.0 183.0 25.0 181.0 Box 0
102.0 42.0 236.0 52.0 228.0 143.0 94.0 133.0 Box 0
376.0 283.0 414.0 300.0 400.0 331.0 362.0 313.0 Box 0
