94.0 40.0 229.0 49.0 222.0 144.0 87.0 135.0 Box 0
29.0 67.0 71.0 67.0 71.0 184.0 29.0 184.0 Box 0
29.0 203.0 57.0 203.0 57.0 263.0 29.0 263.0 Box 0
103.0 228.0 165.0 233.0 160.0 294.0 98.0 288.0 Box 0
122.0 160.0 183.0 177.0 171.0 221.0 110.0 205.0 Box 0
194.0 196.0 248.0 201.0 243.0 246.0 189.0 241.0 Box 0
296.0 154.0 267.0 201.0 222.0 172.0 252.0 126.0 Box 0
239.0 43.0 344.0 48.0 341.0 123.0 236.0 119.0 Box 0
358.0 36.0 416.0 54.0 397.0 112.0 340.0 95.0 Box 0
429.0 34.0 500.0 59.0 470.0 143.0 399.0 118.0 Box 0
499.0 68.0 576.0 97.0 541.0 188.0 465.0 160.0 Box 0
353.0 112.0 389.0 134.0 368.0 168.0 332.0 146.0 Box 0
304.0 154.0 352.0 186.0 319.0 237.0 270.0 204.0 Box 0
259.0 216.0 311.0 239.0 287.0 294.0 234.0 271.0 Box 0
28.0 305.0 52.0 305.0 52.0 404.0 28.0 404.0 Box 0
145.0 395.0 59.0 404.0 51.0 326.0 138.0 317.0 Box 0
250.0 411.0 182.0 418.0 171.0 308.0 239.0 301.0 Box 0
297.0 371.0 251.0 376.0 244.0 315.0 291.0 310.0 Box 0
355.0 346.0 296.0 352.0 291.0 298.0 350.0 292.0 Box 0
372.0 281.0 409.0 300.0 393.0 331.0 356.0 313.0 Box 0
368.0 173.0 439.0 221.0 396.0 284.0 325.0 235.0 Box 0
428.0 134.0 479.0 164.0 448.0 217.0 397.0 186.0 Box 0
560.0 19.0 634.0 19.0 634.0 149.0 560.0 149.0 Box 0
590.0 137.0 639.0 160.0 613.0 215.0 564.0 191.0 Box 0
556.0 272.0 495.0 274.0 492.0 186.0 553.0 185.0 Box 0
487.0 315.0 428.0 327.0 416.0 267.0 475.0 255.0 Box 0
475.0 377.0 400.0 397.0 386.0 341.0 461.0 322.0 Box 0
536.0 344.0 574.0 392.0 527.0 430.0 489.0 381.0 Box 0
576.0 289.0 612.0 339.0 565.0 374.0 529.0 323.0 Box 0
634.0 273.0 585.0 304.0 554.0 255.0 603.0 224.0 Box 0
637.0 392.0 599.0 416.0 569.0 366.0 608.0 343.0 Box 0
