424.0 411.0 355.0 418.0 344.0 306.0 413.0 299.0 Box 0
328.0 397.0 240.0 408.0 231.0 329.0 319.0 318.0 Box 0
138.0 309.0 233.0 314.0 227.0 418.0 133.0 414.0 Box 0
56.0 367.0 117.0 368.0 116.0 430.0 55.0 429.0 Box 0
53.0 287.0 116.0 287.0 116.0 347.0 53.0 347.0 Box 0
98.0 274.0 41.0 288.0 29.0 236.0 86.0 222.0 Box 0
78.0 171.0 47.0 189.0 24.0 148.0 56.0 131.0 Box 0
96.0 161.0 179.0 184.0 164.0 240.0 81.0 216.0 Box 0
88.0 38.0 261.0 62.0 246.0 168.0 73.0 144.0 Box 0
226.0 258.0 163.0 260.0 162.0 202.0 225.0 200.0 Box 0
267.0 37.0 402.0 51.0 392.0 143.0 258.0 130.0 Box 0
297.0 157.0 358.0 176.0 343.0 220.0 282.0 201.0 Box 0
278.0 226.0 337.0 231.0 332.0 292.0 273.0 288.0 Box 0
357.0 197.0 412.0 200.0 409.0 245.0 354.0 242.0 Box 0
405.0 42.0 507.0 47.0 503.0 122.0 402.0 117.0 Box 0
408.0 126.0 458.0 156.0 430.0 203.0 380.0 173.0 Box 0
468.0 153.0 518.0 184.0 487.0 235.0 437.0 204.0 Box 0
426.0 214.0 480.0 237.0 457.0 293.0 403.0 270.0 Box 0
471.0 370.0 425.0 376.0 418.0 314.0 465.0 309.0 Box 0
509.0 112.0 543.0 131.0 523.0 169.0 488.0 150.0 Box 0
530.0 174.0 600.0 221.0 554.0 288.0 485.0 242.0 Box 0
512.0 345.0 455.0 350.0 450.0 295.0 508.0 290.0 Box 0
526.0 281.0 570.0 302.0 554.0 333.0 511.0 312.0 Box 0
631.0 378.0 554.0 397.0 540.0 340.0 617.0 321.0 Box 0
636.0 317.0 594.0 326.0 582.0 267.0 625.0 259.0 Box 0
592.0 134.0 637.0 159.0 608.0 211.0 563.0 186.0 Box 0
526.0 35.0 583.0 52.0 565.0 110.0 508.0 93.0 Box 0
596.0 35.0 639.0 48.0 613.0 132.0 570.0 119.0 Box 0
