418.0 394.0 334.0 406.0 323.0 330.0 408.0 319.0 Box 0
228.0 309.0 321.0 317.0 312.0 420.0 219.0 413.0 Box 0
219.0 435.0 157.0 436.0 156.0 378.0 218.0 377.0 Box 0
121.0 413.0 37.0 421.0 31.0 360.0 114.0 352.0 Box 0
114.0 350.0 46.0 355.0 42.0 294.0 109.0 289.0 Box 0
110.0 233.0 58.0 260.0 30.0 206.0 82.0 179.0 Box 0
37.0 117.0 87.0 127.0 75.0 185.0 26.0 176.0 Box 0
176.0 162.0 129.0 194.0 103.0 157.0 150.0 124.0 Box 0
190.0 152.0 268.0 184.0 245.0 241.0 167.0 209.0 Box 0
193.0 274.0 138.0 286.0 128.0 235.0 182.0 223.0 Box 0
219.0 347.0 158.0 350.0 155.0 292.0 216.0 289.0 Box 0
314.0 259.0 254.0 261.0 253.0 202.0 313.0 201.0 Box 0
366.0 227.0 425.0 230.0 422.0 291.0 363.0 288.0 Box 0
389.0 157.0 450.0 177.0 435.0 220.0 375.0 200.0 Box 0
181.0 38.0 340.0 62.0 324.0 169.0 165.0 145.0 Box 0
359.0 35.0 494.0 49.0 484.0 142.0 349.0 129.0 Box 0
496.0 41.0 595.0 45.0 592.0 121.0 493.0 117.0 Box 0
444.0 195.0 498.0 198.0 495.0 244.0 441.0 241.0 Box 0
493.0 125.0 542.0 154.0 516.0 200.0 466.0 171.0 Box 0
516.0 412.0 448.0 418.0 439.0 305.0 507.0 299.0 Box 0
564.0 368.0 518.0 374.0 511.0 313.0 557.0 308.0 Box 0
599.0 345.0 541.0 351.0 535.0 295.0 593.0 289.0 Box 0
514.0 214.0 570.0 238.0 546.0 293.0 491.0 270.0 Box 0
558.0 153.0 608.0 185.0 576.0 235.0 526.0 202.0 Box 0
590.0 111.0 627.0 131.0 608.0 167.0 570.0 146.0 Box 0
617.0 173.0 639.0 188.0 592.0 256.0 570.0 241.0 Box 0
594.0 36.0 634.0 36.0 634.0 121.0 594.0 121.0 Box 0
612.0 280.0 636.0 294.0 618.0 328.0 593.0 314.0 Box 0
