316.0 308.0 412.0 316.0 403.0 417.0 308.0 410.0 Box 0
252.0 375.0 313.0 375.0 313.0 435.0 252.0 435.0 Box 0
235.0 417.0 148.0 425.0 142.0 364.0 229.0 355.0 Box 0
79.0 200.0 216.0 239.0 158.0 442.0 21.0 403.0 Box 0
119.0 156.0 32.0 159.0 29.0 64.0 117.0 61.0 Box 0
134.0 109.0 192.0 117.0 183.0 175.0 125.0 167.0 Box 0
273.0 159.0 228.0 194.0 201.0 159.0 246.0 124.0 Box 0
219.0 232.0 162.0 260.0 136.0 206.0 193.0 178.0 Box 0
277.0 153.0 356.0 183.0 335.0 238.0 256.0 208.0 Box 0
288.0 276.0 230.0 287.0 221.0 233.0 279.0 222.0 Box 0
224.0 355.0 165.0 357.0 162.0 298.0 221.0 295.0 Box 0
313.0 347.0 252.0 350.0 249.0 290.0 310.0 287.0 Box 0
273.0 39.0 432.0 61.0 416.0 168.0 258.0 146.0 Box 0
412.0 257.0 351.0 263.0 345.0 204.0 406.0 197.0 Box 0
517.0 394.0 431.0 407.0 419.0 329.0 506.0 316.0 Box 0
462.0 226.0 522.0 229.0 518.0 290.0 459.0 287.0 Box 0
487.0 155.0 547.0 175.0 532.0 219.0 472.0 199.0 Box 0
455.0 36.0 590.0 50.0 580.0 142.0 445.0 129.0 Box 0
586.0 42.0 636.0 45.0 633.0 120.0 583.0 117.0 Box 0
585.0 124.0 634.0 154.0 606.0 201.0 556.0 171.0 Box 0
536.0 194.0 593.0 198.0 590.0 244.0 533.0 240.0 Box 0
617.0 410.0 545.0 418.0 533.0 305.0 606.0 297.0 Box 0
637.0 373.0 613.0 375.0 606.0 311.0 630.0 308.0 Box 0
611.0 214.0 639.0 226.0 615.0 281.0 588.0 270.0 Box 0
603.0 156.0 636.0 156.0 636.0 215.0 603.0 215.0 Box 0
84.0 235.0 56.0 271.0 41.0 258.0 69.0 223.0 Box 0
