181.0 375.0 241.0 375.0 241.0 437.0 181.0 437.0 Box 0
179.0 373.0 239.0 373.0 239.0 435.0 179.0 435.0 Box 0
582.0 151.0 632.0 184.0 599.0 236.0 548.0 203.0 Box 0
518.0 125.0 565.0 155.0 536.0 202.0 488.0 171.0 Box 0
467.0 195.0 524.0 200.0 519.0 245.0 463.0 240.0 Box 0
414.0 156.0 475.0 175.0 462.0 219.0 401.0 200.0 Box 0
516.0 43.0 618.0 47.0 615.0 120.0 513.0 116.0 Box 0
382.0 37.0 515.0 47.0 508.0 139.0 375.0 130.0 Box 0
388.0 226.0 450.0 229.0 446.0 289.0 385.0 286.0 Box 0
248.0 310.0 342.0 314.0 336.0 417.0 243.0 413.0 Box 0
339.0 258.0 280.0 261.0 277.0 203.0 337.0 200.0 Box 0
241.0 347.0 180.0 349.0 179.0 289.0 240.0 287.0 Box 0
209.0 151.0 289.0 182.0 268.0 239.0 187.0 208.0 Box 0
196.0 33.0 365.0 59.0 348.0 167.0 180.0 141.0 Box 0
220.0 276.0 163.0 287.0 152.0 232.0 210.0 221.0 Box 0
151.0 414.0 65.0 422.0 59.0 361.0 144.0 352.0 Box 0
142.0 350.0 82.0 354.0 77.0 295.0 137.0 291.0 Box 0
138.0 233.0 82.0 261.0 56.0 207.0 112.0 179.0 Box 0
205.0 160.0 158.0 195.0 131.0 158.0 178.0 123.0 Box 0
52.0 112.0 115.0 123.0 104.0 182.0 42.0 171.0 Box 0
444.0 393.0 357.0 407.0 346.0 329.0 433.0 316.0 Box 0
541.0 409.0 472.0 416.0 461.0 305.0 530.0 298.0 Box 0
589.0 369.0 542.0 375.0 535.0 313.0 583.0 308.0 Box 0
620.0 345.0 562.0 350.0 558.0 294.0 617.0 289.0 Box 0
540.0 214.0 594.0 238.0 570.0 293.0 515.0 268.0 Box 0
611.0 113.0 637.0 126.0 619.0 161.0 593.0 147.0 Box 0
601.0 185.0 636.0 185.0 636.0 265.0 601.0 265.0 Box 0
618.0 280.0 635.0 280.0 635.0 321.0 618.0 321.0 Box 0
28.0 233.0 119.0 233.0 119.0 424.0 28.0 424.0 Box 0
