542.0 413.0 469.0 423.0 461.0 362.0 534.0 353.0 Box 0
525.0 353.0 481.0 355.0 479.0 296.0 523.0 295.0 Box 0
316.0 112.0 233.0 142.0 210.0 80.0 294.0 50.0 Box 0
311.0 53.0 431.0 53.0 431.0 147.0 311.0 147.0 Box 0
433.0 105.0 490.0 111.0 484.0 172.0 427.0 166.0 Box 0
560.0 157.0 516.0 194.0 486.0 158.0 530.0 121.0 Box 0
532.0 29.0 639.0 53.0 616.0 157.0 509.0 133.0 Box 0
191.0 154.0 328.0 162.0 322.0 257.0 185.0 249.0 Box 0
204.0 303.0 249.0 305.0 246.0 382.0 201.0 380.0 Box 0
333.0 398.0 235.0 403.0 228.0 258.0 326.0 253.0 Box 0
354.0 201.0 520.0 235.0 478.0 440.0 313.0 406.0 Box 0
511.0 229.0 458.0 254.0 432.0 202.0 486.0 176.0 Box 0
566.0 276.0 511.0 286.0 501.0 230.0 556.0 220.0 Box 0
608.0 344.0 545.0 346.0 543.0 287.0 606.0 285.0 Box 0
545.0 372.0 608.0 372.0 608.0 434.0 545.0 434.0 Box 0
590.0 310.0 635.0 310.0 635.0 407.0 590.0 407.0 Box 0
550.0 149.0 628.0 184.0 603.0 238.0 525.0 204.0 Box 0
617.0 203.0 636.0 203.0 636.0 262.0 617.0 262.0 Box 0
389.0 242.0 360.0 274.0 339.0 255.0 368.0 223.0 Box 0
