542.0 432.0 480.0 433.0 480.0 374.0 542.0 373.0 Box 0
473.0 40.0 639.0 60.0 626.0 166.0 461.0 146.0 Box 0
532.0 309.0 627.0 313.0 623.0 414.0 528.0 411.0 Box 0
636.0 256.0 578.0 260.0 574.0 202.0 632.0 198.0 Box 0
485.0 153.0 566.0 184.0 545.0 238.0 464.0 206.0 Box 0
495.0 155.0 451.0 192.0 422.0 159.0 466.0 121.0 Box 0
504.0 274.0 449.0 285.0 438.0 231.0 493.0 220.0 Box 0
542.0 345.0 480.0 348.0 478.0 289.0 540.0 286.0 Box 0
476.0 415.0 396.0 426.0 388.0 364.0 468.0 354.0 Box 0
460.0 354.0 410.0 356.0 408.0 296.0 458.0 295.0 Box 0
289.0 202.0 450.0 233.0 410.0 439.0 250.0 408.0 Box 0
446.0 229.0 391.0 256.0 365.0 203.0 420.0 176.0 Box 0
369.0 104.0 429.0 114.0 419.0 175.0 359.0 164.0 Box 0
326.0 243.0 295.0 276.0 275.0 257.0 307.0 224.0 Box 0
264.0 399.0 168.0 401.0 165.0 257.0 261.0 255.0 Box 0
142.0 304.0 184.0 306.0 181.0 383.0 139.0 381.0 Box 0
119.0 155.0 259.0 161.0 255.0 255.0 115.0 249.0 Box 0
244.0 52.0 363.0 52.0 363.0 148.0 244.0 148.0 Box 0
255.0 112.0 171.0 142.0 149.0 81.0 233.0 50.0 Box 0
