535.0 366.0 355.0 412.0 314.0 251.0 494.0 206.0 Box 0
740.0 102.0 847.0 134.0 797.0 303.0 689.0 271.0 Box 0
596.0 498.0 792.0 613.0 718.0 739.0 522.0 624.0 Box 0
84.0 598.0 333.0 715.0 249.0 894.0 0.0 777.0 Box 0
816.0 445.0 1015.0 509.0 929.0 775.0 730.0 712.0 Box 0
1057.0 427.0 814.0 437.0 799.0 74.0 1042.0 65.0 Box 0
1114.0 114.0 1229.0 163.0 1179.0 280.0 1064.0 232.0 Box 0
1170.0 572.0 1059.0 617.0 1014.0 504.0 1125.0 460.0 Box 0
1279.0 828.0 1078.0 850.0 1061.0 696.0 1262.0 674.0 Box 0
1196.0 153.0 1279.0 153.0 1279.0 395.0 1196.0 395.0 Box 0
0.0 299.0 171.0 299.0 171.0 507.0 0.0 507.0 Box 0
