592.0 598.0 481.0 664.0 416.0 556.0 528.0 490.0 Box 0
710.0 522.0 923.0 522.0 923.0 723.0 710.0 723.0 Box 0
520.0 792.0 397.0 795.0 395.0 687.0 518.0 684.0 Box 0
824.0 331.0 734.0 426.0 643.0 338.0 733.0 244.0 Box 0
959.0 286.0 702.0 311.0 676.0 53.0 933.0 27.0 Box 0
589.0 336.0 472.0 386.0 423.0 269.0 540.0 220.0 Box 0
535.0 169.0 408.0 300.0 314.0 208.0 441.0 78.0 Box 0
828.0 868.0 708.0 869.0 707.0 773.0 827.0 772.0 Box 0
363.0 480.0 285.0 523.0 242.0 445.0 321.0 402.0 Box 0
238.0 389.0 107.0 439.0 41.0 264.0 173.0 215.0 Box 0
343.0 250.0 243.0 335.0 137.0 210.0 238.0 125.0 Box 0
1.0 655.0 171.0 655.0 171.0 859.0 1.0 859.0 Box 0
244.0 621.0 121.0 635.0 110.0 530.0 233.0 517.0 Box 0
2.0 374.0 106.0 374.0 106.0 514.0 2.0 514.0 Box 0
