218.0 490.0 63.0 522.0 37.0 395.0 193.0 363.0 Box 0
468.0 479.0 393.0 515.0 357.0 441.0 432.0 404.0 Box 0
704.0 334.0 590.0 385.0 538.0 269.0 652.0 218.0 Box 0
705.0 599.0 595.0 665.0 530.0 558.0 641.0 491.0 Box 0
370.0 615.0 512.0 619.0 508.0 756.0 366.0 752.0 Box 0
628.0 794.0 509.0 795.0 508.0 682.0 627.0 681.0 Box 0
810.0 517.0 1031.0 522.0 1027.0 723.0 806.0 719.0 Box 0
930.0 330.0 841.0 422.0 754.0 337.0 843.0 245.0 Box 0
1070.0 283.0 806.0 310.0 780.0 54.0 1044.0 28.0 Box 0
816.0 774.0 933.0 774.0 933.0 872.0 816.0 872.0 Box 0
1.0 658.0 288.0 658.0 288.0 865.0 1.0 865.0 Box 0
360.0 623.0 246.0 634.0 236.0 532.0 349.0 520.0 Box 0
357.0 379.0 232.0 431.0 161.0 257.0 286.0 205.0 Box 0
455.0 247.0 355.0 327.0 259.0 206.0 359.0 126.0 Box 0
647.0 167.0 518.0 295.0 430.0 205.0 559.0 78.0 Box 0
0.0 130.0 172.0 130.0 172.0 390.0 0.0 390.0 Box 0
