76.0 118.0 191.0 160.0 129.0 328.0 14.0 286.0 Box 0
410.0 437.0 162.0 440.0 159.0 81.0 407.0 78.0 Box 0
492.0 577.0 369.0 631.0 320.0 517.0 442.0 463.0 Box 0
631.0 838.0 411.0 860.0 394.0 697.0 615.0 675.0 Box 0
911.0 860.0 630.0 872.0 623.0 676.0 904.0 665.0 Box 0
823.0 490.0 696.0 511.0 675.0 383.0 803.0 363.0 Box 0
553.0 165.0 501.0 281.0 383.0 228.0 434.0 112.0 Box 0
786.0 308.0 607.0 375.0 543.0 205.0 722.0 137.0 Box 0
929.0 373.0 804.0 426.0 733.0 257.0 858.0 204.0 Box 0
1062.0 227.0 964.0 304.0 887.0 205.0 986.0 129.0 Box 0
1252.0 167.0 1123.0 296.0 1035.0 207.0 1165.0 79.0 Box 0
1278.0 352.0 1211.0 383.0 1159.0 271.0 1227.0 240.0 Box 0
935.0 614.0 836.0 629.0 821.0 529.0 920.0 514.0 Box 0
1033.0 476.0 952.0 511.0 919.0 434.0 1001.0 400.0 Box 0
962.0 606.0 1103.0 611.0 1098.0 749.0 956.0 743.0 Box 0
1279.0 612.0 1201.0 662.0 1133.0 555.0 1210.0 506.0 Box 0
1200.0 788.0 1086.0 793.0 1081.0 677.0 1195.0 672.0 Box 0
187.0 435.0 367.0 535.0 221.0 795.0 42.0 695.0 Box 0
0.0 558.0 77.0 558.0 77.0 690.0 0.0 690.0 Box 0
