403.0 365.0 224.0 413.0 182.0 255.0 361.0 208.0 Box 0
628.0 101.0 734.0 135.0 680.0 305.0 574.0 271.0 Box 0
467.0 494.0 668.0 614.0 592.0 742.0 391.0 622.0 Box 0
696.0 442.0 892.0 503.0 806.0 781.0 610.0 720.0 Box 0
936.0 427.0 695.0 441.0 672.0 72.0 913.0 57.0 Box 0
1107.0 164.0 1059.0 277.0 943.0 228.0 991.0 115.0 Box 0
1050.0 573.0 937.0 621.0 889.0 506.0 1002.0 458.0 Box 0
1176.0 826.0 957.0 848.0 941.0 695.0 1161.0 673.0 Box 0
1279.0 314.0 1124.0 371.0 1057.0 188.0 1213.0 131.0 Box 0
1276.0 859.0 1199.0 865.0 1185.0 671.0 1262.0 666.0 Box 0
86.0 662.0 185.0 709.0 100.0 890.0 0.0 843.0 Box 0
1185.0 371.0 1278.0 371.0 1278.0 506.0 1185.0 506.0 Box 0
