311.0 100.0 420.0 133.0 368.0 303.0 259.0 269.0 Box 0
614.0 429.0 377.0 434.0 370.0 66.0 607.0 61.0 Box 0
86.0 500.0 297.0 612.0 228.0 743.0 17.0 630.0 Box 0
405.0 435.0 590.0 526.0 459.0 790.0 275.0 699.0 Box 0
717.0 571.0 599.0 622.0 552.0 512.0 671.0 461.0 Box 0
659.0 112.0 776.0 161.0 727.0 278.0 609.0 228.0 Box 0
995.0 307.0 817.0 374.0 750.0 195.0 928.0 128.0 Box 0
1045.0 485.0 924.0 509.0 900.0 385.0 1021.0 361.0 Box 0
1145.0 613.0 1045.0 627.0 1031.0 527.0 1131.0 513.0 Box 0
1133.0 372.0 1007.0 425.0 936.0 257.0 1062.0 204.0 Box 0
1234.0 473.0 1165.0 511.0 1125.0 438.0 1195.0 400.0 Box 0
1278.0 235.0 1189.0 304.0 1113.0 206.0 1202.0 137.0 Box 0
848.0 832.0 632.0 854.0 616.0 694.0 832.0 673.0 Box 0
1142.0 853.0 854.0 867.0 845.0 677.0 1132.0 662.0 Box 0
1156.0 606.0 1279.0 608.0 1276.0 741.0 1153.0 738.0 Box 0
0.0 252.0 70.0 252.0 70.0 414.0 0.0 414.0 Box 0
