1210.0 287.0 953.0 310.0 930.0 52.0 1187.0 29.0 Box 0
1080.0 329.0 992.0 422.0 902.0 337.0 991.0 244.0 Box 0
852.0 598.0 747.0 662.0 683.0 557.0 788.0 492.0 Box 0
954.0 515.0 1170.0 523.0 1162.0 723.0 946.0 714.0 Box 0
958.0 770.0 1079.0 771.0 1078.0 871.0 957.0 870.0 Box 0
650.0 682.0 768.0 682.0 768.0 793.0 650.0 793.0 Box 0
516.0 618.0 653.0 625.0 646.0 756.0 509.0 749.0 Box 0
499.0 620.0 393.0 632.0 381.0 529.0 486.0 516.0 Box 0
608.0 481.0 531.0 518.0 495.0 440.0 572.0 403.0 Box 0
381.0 490.0 238.0 516.0 214.0 387.0 358.0 361.0 Box 0
503.0 374.0 377.0 428.0 306.0 259.0 432.0 205.0 Box 0
604.0 244.0 505.0 323.0 412.0 207.0 512.0 128.0 Box 0
795.0 165.0 671.0 296.0 579.0 208.0 704.0 78.0 Box 0
860.0 334.0 744.0 387.0 691.0 270.0 806.0 217.0 Box 0
337.0 303.0 159.0 400.0 59.0 216.0 236.0 119.0 Box 0
428.0 865.0 143.0 871.0 140.0 675.0 424.0 670.0 Box 0
141.0 837.0 3.0 840.0 0.0 678.0 138.0 675.0 Box 0
0.0 175.0 74.0 175.0 74.0 321.0 0.0 321.0 Box 0
