1153.0 289.0 893.0 315.0 866.0 54.0 1127.0 28.0 Box 0
1016.0 333.0 930.0 421.0 841.0 333.0 928.0 246.0 Box 0
900.0 520.0 1108.0 520.0 1108.0 721.0 900.0 721.0 Box 0
900.0 772.0 1018.0 772.0 1018.0 869.0 900.0 869.0 Box 0
710.0 793.0 589.0 794.0 588.0 681.0 709.0 680.0 Box 0
790.0 600.0 681.0 664.0 617.0 555.0 727.0 491.0 Box 0
437.0 620.0 335.0 633.0 323.0 533.0 425.0 521.0 Box 0
549.0 481.0 477.0 518.0 439.0 443.0 511.0 407.0 Box 0
456.0 617.0 589.0 617.0 589.0 754.0 456.0 754.0 Box 0
68.0 668.0 385.0 668.0 385.0 869.0 68.0 869.0 Box 0
0.0 670.0 61.0 670.0 61.0 836.0 0.0 836.0 Box 0
316.0 490.0 165.0 519.0 140.0 390.0 292.0 361.0 Box 0
446.0 373.0 319.0 427.0 247.0 256.0 374.0 203.0 Box 0
543.0 244.0 442.0 324.0 350.0 208.0 451.0 128.0 Box 0
732.0 163.0 608.0 291.0 520.0 206.0 644.0 78.0 Box 0
793.0 334.0 676.0 384.0 626.0 269.0 743.0 219.0 Box 0
265.0 310.0 87.0 408.0 2.0 254.0 181.0 156.0 Box 0
