429.0 363.0 249.0 405.0 213.0 249.0 392.0 207.0 Box 0
652.0 103.0 756.0 136.0 704.0 304.0 600.0 272.0 Box 0
954.0 425.0 707.0 435.0 692.0 67.0 940.0 57.0 Box 0
492.0 494.0 696.0 616.0 619.0 745.0 414.0 622.0 Box 0
722.0 444.0 909.0 512.0 813.0 775.0 626.0 707.0 Box 0
1071.0 571.0 959.0 619.0 912.0 506.0 1024.0 459.0 Box 0
1014.0 114.0 1132.0 164.0 1083.0 282.0 964.0 232.0 Box 0
1279.0 319.0 1146.0 370.0 1083.0 206.0 1215.0 154.0 Box 0
1199.0 831.0 982.0 853.0 966.0 694.0 1183.0 672.0 Box 0
1194.0 668.0 1279.0 668.0 1279.0 865.0 1194.0 865.0 Box 0
92.0 648.0 216.0 709.0 127.0 890.0 2.0 828.0 Box 0
1211.0 377.0 1279.0 377.0 1279.0 505.0 1211.0 505.0 Box 0
