821.0 165.0 696.0 295.0 604.0 206.0 730.0 77.0 Box 0
884.0 333.0 770.0 385.0 716.0 267.0 830.0 215.0 Box 0
1240.0 281.0 998.0 321.0 955.0 57.0 1198.0 18.0 Box 0
1102.0 328.0 1013.0 422.0 925.0 338.0 1014.0 245.0 Box 0
522.0 620.0 422.0 631.0 411.0 531.0 511.0 520.0 Box 0
627.0 479.0 549.0 513.0 518.0 440.0 596.0 407.0 Box 0
879.0 598.0 771.0 663.0 705.0 554.0 814.0 489.0 Box 0
975.0 517.0 1186.0 519.0 1184.0 720.0 973.0 718.0 Box 0
983.0 771.0 1101.0 771.0 1101.0 870.0 983.0 870.0 Box 0
454.0 869.0 164.0 874.0 160.0 676.0 450.0 670.0 Box 0
165.0 838.0 3.0 842.0 0.0 683.0 162.0 680.0 Box 0
391.0 493.0 264.0 516.0 241.0 387.0 367.0 364.0 Box 0
525.0 377.0 398.0 427.0 332.0 254.0 459.0 205.0 Box 0
629.0 238.0 528.0 318.0 440.0 207.0 541.0 127.0 Box 0
365.0 302.0 189.0 398.0 87.0 211.0 263.0 115.0 Box 0
541.0 618.0 674.0 618.0 674.0 753.0 541.0 753.0 Box 0
790.0 792.0 675.0 794.0 672.0 676.0 787.0 674.0 Box 0
0.0 160.0 105.0 160.0 105.0 322.0 0.0 322.0 Box 0
