272.0 371.0 92.0 419.0 49.0 258.0 229.0 210.0 Box 0
350.0 497.0 550.0 617.0 473.0 744.0 273.0 624.0 Box 0
517.0 104.0 624.0 133.0 577.0 303.0 470.0 273.0 Box 0
828.0 423.0 586.0 433.0 571.0 74.0 814.0 64.0 Box 0
586.0 446.0 783.0 511.0 694.0 780.0 497.0 714.0 Box 0
942.0 571.0 826.0 621.0 778.0 507.0 895.0 458.0 Box 0
880.0 111.0 996.0 160.0 946.0 277.0 830.0 228.0 Box 0
1200.0 306.0 1030.0 376.0 961.0 207.0 1131.0 137.0 Box 0
1263.0 485.0 1139.0 507.0 1118.0 382.0 1242.0 361.0 Box 0
1067.0 830.0 846.0 852.0 831.0 699.0 1052.0 677.0 Box 0
1278.0 856.0 1083.0 864.0 1075.0 672.0 1271.0 664.0 Box 0
1279.0 392.0 1210.0 422.0 1140.0 256.0 1209.0 226.0 Box 0
0.0 643.0 98.0 643.0 98.0 848.0 0.0 848.0 Box 0
1231.0 511.0 1279.0 511.0 1279.0 625.0 1231.0 625.0 Box 0
