800.0 283.0 541.0 309.0 515.0 50.0 774.0 24.0 Box 0
554.0 525.0 780.0 525.0 780.0 724.0 554.0 724.0 Box 0
662.0 333.0 570.0 427.0 481.0 340.0 572.0 246.0 Box 0
437.0 602.0 323.0 668.0 258.0 557.0 371.0 490.0 Box 0
360.0 792.0 234.0 797.0 229.0 678.0 356.0 673.0 Box 0
550.0 779.0 670.0 779.0 670.0 874.0 550.0 874.0 Box 0
243.0 750.0 82.0 752.0 81.0 622.0 242.0 620.0 Box 0
187.0 486.0 111.0 527.0 70.0 449.0 146.0 409.0 Box 0
372.0 167.0 245.0 297.0 151.0 206.0 277.0 75.0 Box 0
424.0 341.0 308.0 390.0 257.0 268.0 372.0 219.0 Box 0
8.0 520.0 63.0 520.0 63.0 624.0 8.0 624.0 Box 0
0.0 143.0 173.0 143.0 173.0 336.0 0.0 336.0 Box 0
0.0 299.0 51.0 299.0 51.0 418.0 0.0 418.0 Box 0
