247.0 377.0 60.0 423.0 20.0 260.0 207.0 214.0 Box 0
327.0 492.0 527.0 614.0 449.0 742.0 249.0 620.0 Box 0
583.0 445.0 765.0 517.0 659.0 783.0 476.0 710.0 Box 0
500.0 101.0 604.0 133.0 551.0 304.0 448.0 272.0 Box 0
807.0 425.0 565.0 432.0 554.0 69.0 796.0 62.0 Box 0
917.0 572.0 801.0 622.0 753.0 508.0 869.0 458.0 Box 0
1041.0 829.0 824.0 851.0 808.0 694.0 1026.0 673.0 Box 0
854.0 110.0 974.0 160.0 924.0 280.0 804.0 230.0 Box 0
1179.0 309.0 1001.0 374.0 936.0 195.0 1114.0 130.0 Box 0
1239.0 487.0 1119.0 508.0 1096.0 383.0 1216.0 362.0 Box 0
1277.0 857.0 1059.0 868.0 1049.0 670.0 1267.0 659.0 Box 0
1278.0 618.0 1216.0 627.0 1202.0 527.0 1264.0 519.0 Box 0
1279.0 383.0 1187.0 421.0 1118.0 255.0 1211.0 217.0 Box 0
0.0 656.0 67.0 656.0 67.0 831.0 0.0 831.0 Box 0
