196.0 490.0 37.0 526.0 8.0 395.0 167.0 360.0 Box 0
331.0 382.0 199.0 432.0 133.0 258.0 266.0 208.0 Box 0
432.0 252.0 334.0 332.0 232.0 205.0 330.0 125.0 Box 0
622.0 169.0 497.0 298.0 405.0 208.0 530.0 79.0 Box 0
681.0 338.0 562.0 389.0 511.0 268.0 630.0 218.0 Box 0
910.0 330.0 821.0 422.0 732.0 335.0 821.0 244.0 Box 0
1045.0 288.0 785.0 314.0 759.0 54.0 1019.0 28.0 Box 0
346.0 616.0 488.0 616.0 488.0 756.0 346.0 756.0 Box 0
604.0 795.0 485.0 799.0 482.0 680.0 601.0 677.0 Box 0
682.0 600.0 573.0 666.0 506.0 554.0 615.0 489.0 Box 0
794.0 519.0 1005.0 519.0 1005.0 721.0 794.0 721.0 Box 0
792.0 773.0 911.0 773.0 911.0 872.0 792.0 872.0 Box 0
323.0 621.0 220.0 633.0 209.0 532.0 312.0 520.0 Box 0
445.0 480.0 363.0 515.0 332.0 441.0 414.0 406.0 Box 0
2.0 661.0 261.0 661.0 261.0 865.0 2.0 865.0 Box 0
0.0 130.0 144.0 130.0 144.0 378.0 0.0 378.0 Box 0
