122.0 207.0 64.0 227.0 44.0 172.0 102.0 151.0 Box 0
29.0 257.0 60.0 257.0 60.0 320.0 29.0 320.0 Box 0
73.0 322.0 118.0 356.0 81.0 405.0 35.0 372.0 Box 0
215.0 393.0 156.0 403.0 146.0 344.0 205.0 333.0 Box 0
311.0 401.0 263.0 436.0 227.0 387.0 275.0 352.0 Box 0
379.0 247.0 421.0 291.0 377.0 333.0 335.0 289.0 Box 0
229.0 240.0 287.0 260.0 268.0 316.0 210.0 296.0 Box 0
212.0 283.0 150.0 291.0 141.0 232.0 204.0 223.0 Box 0
306.0 172.0 260.0 202.0 229.0 156.0 275.0 125.0 Box 0
185.0 39.0 245.0 42.0 242.0 100.0 182.0 96.0 Box 0
167.0 114.0 109.0 118.0 105.0 65.0 163.0 61.0 Box 0
31.0 57.0 76.0 58.0 75.0 104.0 30.0 103.0 Box 0
27.0 345.0 55.0 345.0 55.0 405.0 27.0 405.0 Box 0
397.0 106.0 291.0 127.0 276.0 53.0 382.0 32.0 Box 0
482.0 163.0 434.0 199.0 397.0 151.0 445.0 114.0 Box 0
