384.0 399.0 334.0 434.0 299.0 385.0 349.0 350.0 Box 0
450.0 247.0 493.0 290.0 450.0 332.0 408.0 288.0 Box 0
301.0 241.0 358.0 259.0 341.0 314.0 284.0 296.0 Box 0
281.0 284.0 223.0 292.0 215.0 231.0 273.0 223.0 Box 0
286.0 394.0 229.0 403.0 218.0 342.0 275.0 332.0 Box 0
154.0 326.0 200.0 360.0 164.0 410.0 118.0 376.0 Box 0
78.0 346.0 122.0 360.0 104.0 418.0 59.0 403.0 Box 0
119.0 321.0 56.0 323.0 54.0 262.0 117.0 260.0 Box 0
117.0 183.0 57.0 200.0 41.0 142.0 101.0 126.0 Box 0
207.0 205.0 147.0 226.0 126.0 168.0 186.0 146.0 Box 0
375.0 171.0 330.0 202.0 298.0 155.0 343.0 124.0 Box 0
553.0 161.0 504.0 199.0 467.0 151.0 516.0 113.0 Box 0
465.0 106.0 361.0 126.0 347.0 52.0 451.0 32.0 Box 0
256.0 37.0 318.0 41.0 314.0 101.0 252.0 96.0 Box 0
241.0 110.0 183.0 114.0 179.0 60.0 237.0 55.0 Box 0
98.0 47.0 157.0 51.0 154.0 96.0 95.0 91.0 Box 0
