552.0 400.0 504.0 433.0 469.0 383.0 517.0 349.0 Box 0
615.0 141.0 635.0 141.0 635.0 189.0 615.0 189.0 Box 0
455.0 391.0 397.0 401.0 387.0 341.0 445.0 331.0 Box 0
324.0 324.0 371.0 355.0 337.0 408.0 290.0 378.0 Box 0
248.0 353.0 293.0 364.0 280.0 420.0 235.0 409.0 Box 0
115.0 227.0 228.0 270.0 181.0 395.0 68.0 352.0 Box 0
297.0 322.0 236.0 325.0 233.0 263.0 294.0 260.0 Box 0
636.0 312.0 617.0 331.0 574.0 288.0 593.0 269.0 Box 0
468.0 239.0 528.0 257.0 511.0 312.0 451.0 293.0 Box 0
449.0 282.0 390.0 289.0 383.0 230.0 442.0 223.0 Box 0
56.0 125.0 132.0 154.0 101.0 235.0 25.0 206.0 Box 0
136.0 97.0 221.0 126.0 200.0 190.0 115.0 161.0 Box 0
296.0 178.0 235.0 193.0 221.0 137.0 282.0 122.0 Box 0
373.0 202.0 314.0 223.0 293.0 167.0 352.0 145.0 Box 0
532.0 169.0 488.0 200.0 456.0 153.0 500.0 122.0 Box 0
629.0 105.0 523.0 125.0 509.0 53.0 615.0 32.0 Box 0
424.0 35.0 485.0 40.0 481.0 97.0 420.0 92.0 Box 0
399.0 109.0 343.0 114.0 337.0 60.0 394.0 55.0 Box 0
268.0 39.0 325.0 47.0 319.0 93.0 262.0 85.0 Box 0
