473.0 401.0 425.0 434.0 390.0 384.0 438.0 350.0 Box 0
541.0 245.0 583.0 288.0 538.0 331.0 497.0 287.0 Box 0
389.0 240.0 449.0 257.0 432.0 313.0 373.0 295.0 Box 0
378.0 392.0 318.0 402.0 308.0 342.0 368.0 332.0 Box 0
245.0 326.0 293.0 357.0 259.0 410.0 212.0 379.0 Box 0
170.0 352.0 215.0 363.0 202.0 419.0 157.0 408.0 Box 0
220.0 323.0 159.0 325.0 157.0 264.0 218.0 262.0 Box 0
71.0 241.0 140.0 265.0 97.0 389.0 28.0 366.0 Box 0
372.0 284.0 313.0 292.0 305.0 231.0 363.0 223.0 Box 0
294.0 202.0 236.0 222.0 217.0 168.0 275.0 147.0 Box 0
219.0 179.0 157.0 193.0 144.0 137.0 206.0 122.0 Box 0
51.0 104.0 137.0 130.0 118.0 194.0 32.0 169.0 Box 0
639.0 163.0 593.0 199.0 556.0 149.0 602.0 114.0 Box 0
460.0 171.0 415.0 202.0 383.0 156.0 428.0 124.0 Box 0
554.0 107.0 448.0 127.0 434.0 53.0 539.0 33.0 Box 0
348.0 37.0 408.0 41.0 404.0 99.0 344.0 94.0 Box 0
325.0 110.0 267.0 114.0 263.0 59.0 321.0 55.0 Box 0
192.0 39.0 250.0 48.0 243.0 92.0 185.0 84.0 Box 0
