373.0 325.0 420.0 357.0 383.0 410.0 337.0 377.0 Box 0
579.0 168.0 534.0 200.0 500.0 154.0 545.0 121.0 Box 0
503.0 390.0 446.0 401.0 435.0 342.0 492.0 331.0 Box 0
602.0 252.0 634.0 252.0 634.0 315.0 602.0 315.0 Box 0
600.0 399.0 552.0 433.0 516.0 384.0 564.0 349.0 Box 0
517.0 238.0 574.0 256.0 557.0 311.0 500.0 293.0 Box 0
497.0 281.0 439.0 289.0 430.0 229.0 489.0 221.0 Box 0
294.0 352.0 340.0 363.0 327.0 417.0 281.0 406.0 Box 0
167.0 231.0 274.0 268.0 231.0 390.0 124.0 352.0 Box 0
347.0 323.0 285.0 326.0 281.0 264.0 343.0 260.0 Box 0
421.0 203.0 361.0 222.0 342.0 165.0 402.0 145.0 Box 0
344.0 179.0 284.0 193.0 270.0 136.0 331.0 122.0 Box 0
186.0 95.0 270.0 127.0 245.0 191.0 161.0 158.0 Box 0
70.0 106.0 184.0 149.0 151.0 236.0 37.0 193.0 Box 0
637.0 114.0 566.0 126.0 553.0 52.0 624.0 40.0 Box 0
472.0 37.0 533.0 41.0 529.0 100.0 468.0 95.0 Box 0
445.0 109.0 385.0 114.0 381.0 60.0 440.0 55.0 Box 0
313.0 38.0 370.0 47.0 363.0 91.0 306.0 82.0 Box 0
