509.0 321.0 448.0 325.0 444.0 262.0 505.0 258.0 Box 0
452.0 351.0 498.0 362.0 485.0 417.0 439.0 406.0 Box 0
638.0 283.0 603.0 289.0 593.0 230.0 628.0 224.0 Box 0
581.0 201.0 522.0 220.0 503.0 165.0 563.0 146.0 Box 0
505.0 178.0 447.0 193.0 432.0 136.0 490.0 121.0 Box 0
323.0 224.0 431.0 264.0 386.0 388.0 278.0 348.0 Box 0
332.0 95.0 417.0 126.0 394.0 189.0 309.0 158.0 Box 0
234.0 102.0 349.0 147.0 317.0 230.0 201.0 185.0 Box 0
606.0 38.0 634.0 38.0 634.0 107.0 606.0 107.0 Box 0
595.0 108.0 539.0 113.0 534.0 61.0 590.0 55.0 Box 0
470.0 38.0 527.0 47.0 521.0 90.0 464.0 81.0 Box 0
533.0 325.0 580.0 356.0 546.0 408.0 499.0 376.0 Box 0
636.0 395.0 606.0 400.0 596.0 341.0 626.0 336.0 Box 0
