497.0 102.0 576.0 80.0 595.0 149.0 516.0 171.0 Box 0
210.0 96.0 258.0 71.0 295.0 142.0 247.0 167.0 Box 0
191.0 363.0 259.0 338.0 288.0 418.0 220.0 443.0 Box 0
42.0 185.0 109.0 200.0 93.0 276.0 25.0 262.0 Box 0
291.0 248.0 357.0 219.0 391.0 296.0 326.0 325.0 Box 0
7.0 100.0 89.0 90.0 97.0 158.0 15.0 168.0 Box 0
272.0 82.0 319.0 62.0 340.0 112.0 292.0 132.0 Box 0
94.0 71.0 163.0 63.0 171.0 140.0 102.0 147.0 Box 0
37.0 308.0 91.0 300.0 97.0 340.0 43.0 347.0 Box 0
699.0 43.0 782.0 43.0 782.0 122.0 699.0 122.0 Box 0
