549.0 365.0 596.0 395.0 567.0 440.0 520.0 410.0 Box 0
541.0 208.0 585.0 182.0 612.0 228.0 569.0 254.0 Box 0
0.0 145.0 64.0 145.0 64.0 200.0 0.0 200.0 Box 0
2.0 202.0 84.0 199.0 87.0 268.0 5.0 272.0 Box 0
167.0 120.0 234.0 61.0 306.0 142.0 240.0 201.0 Box 0
573.0 102.0 593.0 52.0 641.0 71.0 621.0 121.0 Box 0
176.0 237.0 251.0 205.0 279.0 269.0 204.0 301.0 Box 0
0.0 337.0 30.0 337.0 30.0 414.0 0.0 414.0 Box 0
0.0 84.0 61.0 84.0 61.0 146.0 0.0 146.0 Box 0
0.0 276.0 61.0 276.0 61.0 340.0 0.0 340.0 Box 0
325.0 351.0 404.0 357.0 399.0 413.0 321.0 406.0 Box 0
282.0 70.0 335.0 55.0 348.0 104.0 296.0 119.0 Box 0
66.0 85.0 161.0 75.0 171.0 168.0 76.0 178.0 Box 0
103.0 287.0 154.0 306.0 135.0 356.0 84.0 337.0 Box 0
