0.0 183.0 63.0 183.0 63.0 247.0 0.0 247.0 Box 0
256.0 280.0 290.0 321.0 247.0 358.0 212.0 317.0 Box 0
291.0 307.0 375.0 307.0 374.0 380.0 291.0 379.0 Box 0
0.0 327.0 98.0 327.0 98.0 440.0 0.0 440.0 Box 0
500.0 159.0 534.0 219.0 462.0 260.0 427.0 200.0 Box 0
362.0 378.0 418.0 375.0 421.0 431.0 366.0 434.0 Box 0
391.0 73.0 470.0 57.0 483.0 127.0 405.0 142.0 Box 0
211.0 184.0 262.0 209.0 239.0 257.0 188.0 232.0 Box 0
556.0 64.0 605.0 127.0 550.0 169.0 501.0 106.0 Box 0
140.0 252.0 167.0 258.0 155.0 312.0 129.0 307.0 Box 0
49.0 285.0 104.0 294.0 96.0 350.0 41.0 341.0 Box 0
0.0 81.0 83.0 81.0 83.0 178.0 0.0 178.0 Box 0
113.0 64.0 143.0 106.0 98.0 138.0 69.0 96.0 Box 0
200.0 118.0 251.0 93.0 288.0 169.0 237.0 194.0 Box 0
