247.0 339.0 301.0 328.0 309.0 371.0 255.0 382.0 Box 0
5.0 142.0 60.0 147.0 57.0 188.0 1.0 183.0 Box 0
59.0 77.0 116.0 75.0 118.0 126.0 61.0 129.0 Box 0
0.0 86.0 71.0 86.0 71.0 145.0 0.0 145.0 Box 0
75.0 360.0 154.0 381.0 136.0 449.0 57.0 428.0 Box 0
146.0 76.0 192.0 78.0 189.0 135.0 144.0 132.0 Box 0
0.0 320.0 24.0 320.0 24.0 373.0 0.0 373.0 Box 0
36.0 268.0 95.0 231.0 136.0 298.0 77.0 335.0 Box 0
281.0 218.0 341.0 155.0 420.0 230.0 361.0 293.0 Box 0
0.0 199.0 53.0 199.0 53.0 269.0 0.0 269.0 Box 0
87.0 132.0 129.0 134.0 126.0 189.0 84.0 186.0 Box 0
0.0 264.0 77.0 264.0 77.0 367.0 0.0 367.0 Box 0
185.0 140.0 228.0 137.0 232.0 192.0 188.0 195.0 Box 0
610.0 58.0 693.0 55.0 695.0 110.0 611.0 113.0 Box 0
235.0 71.0 289.0 68.0 293.0 144.0 238.0 146.0 Box 0
