227.0 48.0 284.0 103.0 246.0 142.0 189.0 87.0 Box 0
0.0 219.0 84.0 219.0 84.0 310.0 0.0 310.0 Box 0
0.0 290.0 24.0 290.0 24.0 341.0 0.0 341.0 Box 0
570.0 58.0 615.0 76.0 595.0 126.0 550.0 108.0 Box 0
4.0 151.0 81.0 142.0 87.0 195.0 10.0 204.0 Box 0
0.0 88.0 59.0 88.0 59.0 145.0 0.0 145.0 Box 0
218.0 231.0 301.0 248.0 279.0 351.0 196.0 333.0 Box 0
0.0 355.0 17.0 355.0 17.0 409.0 0.0 409.0 Box 0
43.0 317.0 87.0 349.0 56.0 393.0 11.0 361.0 Box 0
151.0 119.0 250.0 181.0 147.0 344.0 49.0 283.0 Box 0
