675.0 259.0 782.0 259.0 782.0 394.0 675.0 394.0 Box 0
334.0 357.0 402.0 342.0 420.0 421.0 351.0 436.0 Box 0
0.0 325.0 42.0 325.0 42.0 382.0 0.0 382.0 Box 0
388.0 158.0 436.0 185.0 398.0 252.0 350.0 226.0 Box 0
23.0 131.0 166.0 143.0 148.0 343.0 5.0 330.0 Box 0
0.0 89.0 48.0 89.0 48.0 147.0 0.0 147.0 Box 0
0.0 232.0 18.0 232.0 18.0 309.0 0.0 309.0 Box 0
562.0 53.0 600.0 111.0 533.0 154.0 496.0 97.0 Box 0
0.0 147.0 19.0 147.0 19.0 213.0 0.0 213.0 Box 0
191.0 227.0 275.0 239.0 260.0 342.0 176.0 331.0 Box 0
143.0 64.0 183.0 71.0 174.0 129.0 133.0 122.0 Box 0
