0.0 236.0 80.0 236.0 80.0 308.0 0.0 308.0 Box 0
77.0 201.0 130.0 195.0 136.0 249.0 83.0 255.0 Box 0
49.0 284.0 85.0 324.0 44.0 360.0 8.0 320.0 Box 0
270.0 301.0 352.0 317.0 339.0 388.0 256.0 372.0 Box 0
0.0 179.0 51.0 179.0 51.0 248.0 0.0 248.0 Box 0
199.0 151.0 263.0 186.0 224.0 258.0 160.0 223.0 Box 0
493.0 62.0 544.0 123.0 492.0 168.0 440.0 107.0 Box 0
0.0 351.0 76.0 351.0 76.0 424.0 0.0 424.0 Box 0
56.0 119.0 171.0 119.0 171.0 197.0 56.0 197.0 Box 0
564.0 207.0 587.0 157.0 634.0 180.0 611.0 229.0 Box 0
267.0 74.0 349.0 58.0 362.0 127.0 281.0 143.0 Box 0
440.0 225.0 509.0 262.0 482.0 311.0 413.0 275.0 Box 0
674.0 72.0 722.0 92.0 700.0 142.0 653.0 122.0 Box 0
678.0 298.0 754.0 329.0 728.0 395.0 651.0 364.0 Box 0
0.0 83.0 61.0 83.0 61.0 176.0 0.0 176.0 Box 0
56.0 85.0 110.0 74.0 120.0 123.0 67.0 134.0 Box 0
