287.0 78.0 338.0 85.0 331.0 140.0 280.0 134.0 Box 0
193.0 193.0 239.0 163.0 267.0 207.0 221.0 237.0 Box 0
0.0 199.0 17.0 199.0 17.0 237.0 0.0 237.0 Box 0
390.0 49.0 444.0 65.0 430.0 114.0 376.0 98.0 Box 0
298.0 264.0 345.0 292.0 316.0 341.0 269.0 313.0 Box 0
0.0 97.0 65.0 97.0 65.0 178.0 0.0 178.0 Box 0
118.0 72.0 184.0 123.0 142.0 178.0 76.0 127.0 Box 0
588.0 308.0 667.0 297.0 677.0 367.0 598.0 377.0 Box 0
149.0 312.0 224.0 333.0 204.0 404.0 129.0 384.0 Box 0
487.0 369.0 543.0 375.0 537.0 430.0 481.0 424.0 Box 0
0.0 237.0 88.0 237.0 88.0 324.0 0.0 324.0 Box 0
407.0 141.0 374.0 167.0 341.0 124.0 374.0 98.0 Box 0
