423.0 126.0 386.0 165.0 328.0 111.0 366.0 71.0 Box 0
0.0 353.0 30.0 353.0 30.0 411.0 0.0 411.0 Box 0
0.0 77.0 81.0 77.0 81.0 161.0 0.0 161.0 Box 0
302.0 322.0 236.0 351.0 204.0 276.0 269.0 247.0 Box 0
342.0 285.0 444.0 264.0 461.0 347.0 359.0 368.0 Box 0
576.0 175.0 618.0 209.0 584.0 251.0 542.0 216.0 Box 0
151.0 64.0 232.0 65.0 232.0 119.0 151.0 119.0 Box 0
235.0 349.0 186.0 373.0 163.0 324.0 212.0 301.0 Box 0
75.0 335.0 146.0 316.0 167.0 396.0 97.0 415.0 Box 0
244.0 251.0 92.0 269.0 77.0 146.0 229.0 127.0 Box 0
0.0 158.0 56.0 158.0 56.0 321.0 0.0 321.0 Box 0
