467.0 275.0 543.0 228.0 604.0 324.0 528.0 372.0 Box 0
0.0 127.0 64.0 127.0 64.0 256.0 0.0 256.0 Box 0
269.0 388.0 314.0 368.0 338.0 419.0 292.0 440.0 Box 0
175.0 379.0 243.0 354.0 271.0 430.0 204.0 455.0 Box 0
193.0 282.0 276.0 266.0 289.0 337.0 207.0 353.0 Box 0
60.0 68.0 145.0 63.0 151.0 173.0 66.0 178.0 Box 0
0.0 177.0 138.0 177.0 138.0 321.0 0.0 321.0 Box 0
343.0 170.0 394.0 190.0 366.0 258.0 315.0 238.0 Box 0
708.0 78.0 782.0 78.0 782.0 180.0 708.0 180.0 Box 0
417.0 70.0 495.0 69.0 496.0 122.0 418.0 123.0 Box 0
0.0 313.0 105.0 313.0 105.0 440.0 0.0 440.0 Box 0
