213.0 191.0 295.0 190.0 295.0 262.0 214.0 263.0 Box 0
432.0 82.0 545.0 75.0 550.0 162.0 438.0 169.0 Box 0
384.0 372.0 440.0 329.0 490.0 396.0 435.0 438.0 Box 0
94.0 132.0 164.0 129.0 167.0 192.0 97.0 196.0 Box 0
183.0 273.0 264.0 265.0 269.0 321.0 189.0 329.0 Box 0
0.0 299.0 46.0 299.0 46.0 391.0 0.0 391.0 Box 0
408.0 39.0 449.0 68.0 419.0 112.0 377.0 83.0 Box 0
633.0 279.0 687.0 275.0 690.0 330.0 636.0 333.0 Box 0
0.0 81.0 83.0 81.0 83.0 207.0 0.0 207.0 Box 0
38.0 249.0 91.0 265.0 76.0 315.0 23.0 300.0 Box 0
