190.0 295.0 431.0 172.0 510.0 326.0 269.0 450.0 Box 0
486.0 201.0 641.0 191.0 649.0 320.0 495.0 330.0 Box 0
306.0 114.0 380.0 27.0 460.0 96.0 386.0 182.0 Box 0
480.0 353.0 541.0 397.0 498.0 457.0 437.0 413.0 Box 0
640.0 383.0 688.0 389.0 681.0 458.0 633.0 452.0 Box 0
454.0 46.0 647.0 94.0 617.0 218.0 423.0 171.0 Box 0
511.0 336.0 605.0 345.0 593.0 455.0 500.0 446.0 Box 0
639.0 22.0 680.0 26.0 674.0 93.0 632.0 89.0 Box 0
700.0 40.0 771.0 57.0 754.0 125.0 684.0 108.0 Box 0
621.0 137.0 698.0 149.0 682.0 247.0 606.0 235.0 Box 0
698.0 351.0 766.0 348.0 768.0 410.0 700.0 412.0 Box 0
644.0 294.0 689.0 315.0 661.0 375.0 616.0 353.0 Box 0
693.0 154.0 840.0 187.0 807.0 336.0 659.0 303.0 Box 0
