80.0 253.0 164.0 287.0 127.0 376.0 44.0 341.0 Box 0
0.0 127.0 126.0 127.0 126.0 251.0 0.0 251.0 Box 0
301.0 27.0 388.0 31.0 383.0 138.0 297.0 135.0 Box 0
155.0 336.0 224.0 367.0 199.0 424.0 130.0 393.0 Box 0
0.0 230.0 71.0 230.0 71.0 363.0 0.0 363.0 Box 0
228.0 251.0 339.0 273.0 322.0 360.0 211.0 339.0 Box 0
464.0 320.0 555.0 320.0 555.0 436.0 464.0 436.0 Box 0
378.0 370.0 426.0 397.0 399.0 445.0 351.0 417.0 Box 0
695.0 169.0 782.0 169.0 782.0 255.0 695.0 255.0 Box 0
75.0 370.0 62.0 422.0 16.0 412.0 28.0 359.0 Box 0
