654.0 198.0 805.0 189.0 814.0 318.0 662.0 327.0 Box 0
369.0 291.0 610.0 167.0 690.0 323.0 448.0 447.0 Box 0
484.0 116.0 559.0 27.0 639.0 95.0 563.0 184.0 Box 0
643.0 356.0 695.0 393.0 653.0 453.0 600.0 415.0 Box 0
808.0 380.0 874.0 388.0 867.0 458.0 800.0 451.0 Box 0
628.0 48.0 816.0 90.0 788.0 215.0 600.0 173.0 Box 0
672.0 337.0 762.0 346.0 751.0 451.0 662.0 442.0 Box 0
804.0 17.0 868.0 24.0 861.0 94.0 797.0 87.0 Box 0
847.0 44.0 887.0 45.0 886.0 131.0 845.0 130.0 Box 0
791.0 133.0 874.0 146.0 858.0 244.0 775.0 231.0 Box 0
861.0 339.0 885.0 340.0 882.0 412.0 859.0 411.0 Box 0
812.0 283.0 875.0 315.0 845.0 374.0 782.0 342.0 Box 0
839.0 154.0 885.0 154.0 885.0 305.0 839.0 305.0 Box 0
