188.0 321.0 291.0 346.0 271.0 428.0 168.0 403.0 Box 0
97.0 132.0 204.0 79.0 295.0 261.0 188.0 314.0 Box 0
411.0 376.0 486.0 350.0 510.0 418.0 434.0 444.0 Box 0
472.0 200.0 516.0 272.0 432.0 324.0 387.0 252.0 Box 0
0.0 300.0 53.0 300.0 53.0 425.0 0.0 425.0 Box 0
128.0 346.0 179.0 394.0 123.0 453.0 73.0 405.0 Box 0
69.0 299.0 123.0 348.0 87.0 387.0 33.0 338.0 Box 0
127.0 209.0 185.0 271.0 111.0 340.0 53.0 278.0 Box 0
629.0 383.0 722.0 318.0 774.0 391.0 681.0 456.0 Box 0
138.0 51.0 186.0 120.0 103.0 177.0 55.0 108.0 Box 0
0.0 122.0 112.0 122.0 112.0 312.0 0.0 312.0 Box 0
