0.0 180.0 50.0 180.0 50.0 271.0 0.0 271.0 Box 0
0.0 248.0 101.0 248.0 101.0 394.0 0.0 394.0 Box 0
0.0 115.0 31.0 115.0 31.0 187.0 0.0 187.0 Box 0
58.0 387.0 118.0 345.0 166.0 414.0 106.0 456.0 Box 0
97.0 184.0 173.0 230.0 115.0 327.0 39.0 282.0 Box 0
391.0 262.0 436.0 298.0 385.0 360.0 341.0 323.0 Box 0
613.0 327.0 635.0 276.0 711.0 308.0 689.0 358.0 Box 0
153.0 219.0 270.0 208.0 286.0 379.0 168.0 390.0 Box 0
210.0 126.0 242.0 151.0 205.0 196.0 174.0 171.0 Box 0
55.0 145.0 111.0 183.0 62.0 254.0 7.0 215.0 Box 0
