246.0 131.0 334.0 157.0 284.0 325.0 196.0 299.0 Box 0
205.0 309.0 273.0 366.0 200.0 452.0 132.0 395.0 Box 0
150.0 46.0 260.0 53.0 254.0 141.0 144.0 135.0 Box 0
0.0 100.0 57.0 100.0 57.0 193.0 0.0 193.0 Box 0
313.0 347.0 410.0 349.0 408.0 435.0 311.0 433.0 Box 0
88.0 190.0 141.0 174.0 164.0 251.0 111.0 266.0 Box 0
0.0 270.0 122.0 270.0 122.0 407.0 0.0 407.0 Box 0
670.0 223.0 782.0 223.0 782.0 323.0 670.0 323.0 Box 0
5.0 202.0 56.0 183.0 83.0 259.0 32.0 277.0 Box 0
427.0 247.0 484.0 251.0 478.0 333.0 421.0 329.0 Box 0
