41.0 90.0 122.0 73.0 136.0 141.0 55.0 158.0 Box 0
0.0 286.0 70.0 286.0 70.0 390.0 0.0 390.0 Box 0
233.0 313.0 315.0 334.0 297.0 404.0 215.0 384.0 Box 0
236.0 65.0 290.0 128.0 237.0 173.0 183.0 109.0 Box 0
663.0 367.0 719.0 373.0 712.0 429.0 657.0 422.0 Box 0
38.0 233.0 104.0 273.0 75.0 323.0 8.0 283.0 Box 0
432.0 74.0 482.0 84.0 472.0 139.0 422.0 130.0 Box 0
0.0 161.0 74.0 161.0 74.0 269.0 0.0 269.0 Box 0
523.0 154.0 481.0 156.0 478.0 102.0 519.0 100.0 Box 0
546.0 44.0 594.0 64.0 573.0 112.0 526.0 92.0 Box 0
328.0 208.0 359.0 163.0 402.0 193.0 371.0 237.0 Box 0
496.0 264.0 543.0 293.0 513.0 340.0 466.0 311.0 Box 0
