104.0 77.0 150.0 75.0 154.0 147.0 108.0 150.0 Box 0
613.0 108.0 697.0 67.0 732.0 139.0 648.0 180.0 Box 0
21.0 155.0 65.0 150.0 71.0 205.0 27.0 210.0 Box 0
0.0 343.0 103.0 343.0 103.0 437.0 0.0 437.0 Box 0
31.0 91.0 88.0 88.0 92.0 141.0 35.0 144.0 Box 0
0.0 94.0 37.0 94.0 37.0 145.0 0.0 145.0 Box 0
75.0 225.0 135.0 162.0 208.0 231.0 148.0 294.0 Box 0
0.0 230.0 89.0 230.0 89.0 335.0 0.0 335.0 Box 0
0.0 143.0 49.0 143.0 49.0 204.0 0.0 204.0 Box 0
154.0 330.0 196.0 339.0 184.0 394.0 142.0 385.0 Box 0
214.0 57.0 297.0 60.0 296.0 117.0 212.0 114.0 Box 0
