130.0 133.0 197.0 157.0 160.0 260.0 93.0 235.0 Box 0
245.0 62.0 321.0 64.0 320.0 130.0 243.0 128.0 Box 0
159.0 257.0 235.0 266.0 228.0 321.0 152.0 312.0 Box 0
147.0 67.0 196.0 66.0 198.0 119.0 148.0 120.0 Box 0
34.0 78.0 104.0 75.0 107.0 152.0 37.0 155.0 Box 0
0.0 96.0 30.0 96.0 30.0 178.0 0.0 178.0 Box 0
0.0 288.0 113.0 288.0 113.0 413.0 0.0 413.0 Box 0
0.0 185.0 48.0 185.0 48.0 283.0 0.0 283.0 Box 0
445.0 329.0 549.0 358.0 525.0 446.0 420.0 417.0 Box 0
476.0 62.0 569.0 52.0 577.0 135.0 484.0 145.0 Box 0
