83.0 77.0 153.0 77.0 153.0 150.0 83.0 150.0 Box 0
274.0 67.0 297.0 115.0 247.0 139.0 224.0 90.0 Box 0
0.0 71.0 88.0 71.0 88.0 173.0 0.0 173.0 Box 0
555.0 61.0 602.0 63.0 600.0 118.0 552.0 116.0 Box 0
539.0 211.0 619.0 225.0 606.0 294.0 526.0 280.0 Box 0
114.0 227.0 264.0 227.0 264.0 356.0 114.0 356.0 Box 0
0.0 199.0 26.0 199.0 26.0 254.0 0.0 254.0 Box 0
278.0 133.0 288.0 210.0 217.0 218.0 208.0 141.0 Box 0
78.0 172.0 106.0 215.0 59.0 245.0 31.0 202.0 Box 0
582.0 372.0 662.0 363.0 668.0 418.0 589.0 427.0 Box 0
262.0 414.0 186.0 451.0 155.0 387.0 231.0 350.0 Box 0
25.0 268.0 129.0 280.0 119.0 363.0 16.0 352.0 Box 0
