589.0 298.0 659.0 303.0 653.0 383.0 583.0 379.0 Box 0
209.0 42.0 251.0 101.0 185.0 148.0 144.0 89.0 Box 0
201.0 177.0 250.0 161.0 267.0 212.0 219.0 229.0 Box 0
589.0 159.0 667.0 162.0 665.0 217.0 587.0 214.0 Box 0
0.0 359.0 31.0 359.0 31.0 425.0 0.0 425.0 Box 0
0.0 67.0 112.0 67.0 112.0 200.0 0.0 200.0 Box 0
0.0 276.0 20.0 276.0 20.0 355.0 0.0 355.0 Box 0
552.0 383.0 607.0 392.0 598.0 446.0 543.0 437.0 Box 0
27.0 204.0 107.0 184.0 120.0 238.0 40.0 258.0 Box 0
86.0 315.0 105.0 366.0 53.0 385.0 34.0 333.0 Box 0
288.0 126.0 366.0 147.0 348.0 214.0 269.0 192.0 Box 0
32.0 271.0 84.0 258.0 97.0 310.0 44.0 323.0 Box 0
229.0 225.0 286.0 284.0 236.0 332.0 179.0 274.0 Box 0
