0.0 245.0 38.0 245.0 38.0 330.0 0.0 330.0 Box 0
170.0 172.0 242.0 221.0 177.0 316.0 105.0 268.0 Box 0
11.0 359.0 128.0 345.0 138.0 434.0 21.0 447.0 Box 0
705.0 332.0 780.0 351.0 766.0 407.0 691.0 388.0 Box 0
65.0 140.0 161.0 198.0 117.0 271.0 21.0 213.0 Box 0
230.0 248.0 316.0 277.0 280.0 384.0 194.0 354.0 Box 0
1.0 168.0 57.0 168.0 57.0 236.0 1.0 236.0 Box 0
296.0 384.0 280.0 430.0 228.0 412.0 244.0 365.0 Box 0
33.0 257.0 77.0 243.0 102.0 320.0 58.0 334.0 Box 0
378.0 234.0 456.0 254.0 433.0 343.0 355.0 323.0 Box 0
