38.0 82.0 92.0 84.0 89.0 136.0 36.0 133.0 Box 0
392.0 54.0 424.0 94.0 364.0 143.0 331.0 102.0 Box 0
130.0 67.0 193.0 70.0 190.0 125.0 127.0 122.0 Box 0
53.0 305.0 133.0 305.0 133.0 360.0 53.0 360.0 Box 0
0.0 200.0 13.0 200.0 13.0 251.0 0.0 251.0 Box 0
526.0 62.0 567.0 95.0 521.0 153.0 480.0 120.0 Box 0
29.0 149.0 100.0 148.0 100.0 225.0 29.0 225.0 Box 0
244.0 140.0 325.0 155.0 305.0 258.0 224.0 243.0 Box 0
104.0 308.0 196.0 239.0 251.0 312.0 159.0 381.0 Box 0
0.0 93.0 35.0 93.0 35.0 155.0 0.0 155.0 Box 0
706.0 170.0 782.0 170.0 782.0 268.0 706.0 268.0 Box 0
