422.0 201.0 577.0 191.0 585.0 320.0 431.0 330.0 Box 0
124.0 295.0 366.0 172.0 445.0 326.0 204.0 450.0 Box 0
237.0 114.0 311.0 29.0 391.0 97.0 318.0 183.0 Box 0
407.0 353.0 469.0 397.0 423.0 461.0 362.0 416.0 Box 0
578.0 383.0 647.0 391.0 640.0 458.0 570.0 450.0 Box 0
385.0 50.0 585.0 88.0 561.0 214.0 361.0 175.0 Box 0
442.0 337.0 535.0 346.0 524.0 456.0 431.0 447.0 Box 0
573.0 19.0 638.0 25.0 630.0 97.0 566.0 91.0 Box 0
641.0 42.0 699.0 58.0 680.0 127.0 622.0 111.0 Box 0
558.0 134.0 643.0 148.0 627.0 245.0 543.0 232.0 Box 0
639.0 346.0 698.0 346.0 698.0 414.0 639.0 414.0 Box 0
583.0 284.0 645.0 313.0 616.0 376.0 553.0 347.0 Box 0
634.0 158.0 768.0 188.0 735.0 334.0 601.0 304.0 Box 0
