355.0 356.0 412.0 400.0 366.0 458.0 310.0 413.0 Box 0
521.0 18.0 585.0 26.0 577.0 96.0 512.0 88.0 Box 0
70.0 290.0 316.0 173.0 391.0 331.0 145.0 448.0 Box 0
511.0 130.0 597.0 149.0 575.0 245.0 489.0 226.0 Box 0
601.0 351.0 644.0 349.0 646.0 413.0 604.0 414.0 Box 0
593.0 154.0 719.0 190.0 676.0 338.0 551.0 301.0 Box 0
259.0 27.0 340.0 97.0 264.0 186.0 183.0 116.0 Box 0
333.0 45.0 534.0 99.0 501.0 225.0 299.0 171.0 Box 0
423.0 347.0 481.0 355.0 467.0 455.0 409.0 447.0 Box 0
533.0 286.0 594.0 318.0 563.0 377.0 502.0 345.0 Box 0
527.0 383.0 594.0 392.0 586.0 459.0 518.0 450.0 Box 0
607.0 41.0 653.0 50.0 639.0 119.0 593.0 110.0 Box 0
358.0 198.0 524.0 187.0 533.0 327.0 367.0 338.0 Box 0
