0.0 190.0 49.0 190.0 49.0 304.0 0.0 304.0 Box 0
122.0 257.0 182.0 276.0 153.0 367.0 93.0 348.0 Box 0
209.0 342.0 283.0 367.0 264.0 422.0 190.0 397.0 Box 0
578.0 369.0 623.0 395.0 597.0 441.0 551.0 415.0 Box 0
0.0 340.0 56.0 340.0 56.0 416.0 0.0 416.0 Box 0
320.0 253.0 429.0 273.0 414.0 360.0 304.0 340.0 Box 0
64.0 126.0 150.0 144.0 128.0 244.0 43.0 226.0 Box 0
0.0 232.0 124.0 232.0 124.0 360.0 0.0 360.0 Box 0
112.0 374.0 98.0 429.0 49.0 416.0 63.0 361.0 Box 0
519.0 27.0 605.0 32.0 600.0 135.0 514.0 131.0 Box 0
