183.0 256.0 243.0 325.0 198.0 364.0 138.0 295.0 Box 0
69.0 81.0 123.0 71.0 132.0 122.0 78.0 132.0 Box 0
246.0 148.0 273.0 115.0 315.0 150.0 287.0 183.0 Box 0
608.0 151.0 649.0 141.0 661.0 194.0 620.0 204.0 Box 0
0.0 279.0 81.0 279.0 81.0 402.0 0.0 402.0 Box 0
0.0 90.0 62.0 90.0 62.0 202.0 0.0 202.0 Box 0
234.0 74.0 284.0 56.0 303.0 108.0 253.0 125.0 Box 0
216.0 108.0 254.0 125.0 231.0 175.0 193.0 157.0 Box 0
37.0 225.0 77.0 192.0 111.0 233.0 71.0 267.0 Box 0
235.0 262.0 293.0 221.0 339.0 287.0 282.0 328.0 Box 0
530.0 75.0 582.0 71.0 586.0 125.0 535.0 129.0 Box 0
0.0 212.0 41.0 212.0 41.0 281.0 0.0 281.0 Box 0
