361.0 114.0 312.0 136.0 290.0 88.0 339.0 65.0 Box 0
208.0 142.0 278.0 134.0 287.0 210.0 217.0 218.0 Box 0
77.0 172.0 105.0 215.0 59.0 245.0 31.0 202.0 Box 0
265.0 413.0 193.0 452.0 160.0 390.0 232.0 351.0 Box 0
0.0 69.0 88.0 69.0 88.0 177.0 0.0 177.0 Box 0
0.0 199.0 26.0 199.0 26.0 254.0 0.0 254.0 Box 0
116.0 228.0 262.0 228.0 262.0 356.0 116.0 356.0 Box 0
84.0 76.0 153.0 76.0 153.0 149.0 84.0 149.0 Box 0
639.0 60.0 687.0 63.0 683.0 116.0 636.0 113.0 Box 0
23.0 268.0 119.0 278.0 111.0 362.0 15.0 352.0 Box 0
