0.0 184.0 244.0 184.0 244.0 406.0 0.0 406.0 Box 0
472.0 40.0 541.0 57.0 524.0 125.0 456.0 108.0 Box 0
399.0 288.0 460.0 319.0 429.0 378.0 369.0 348.0 Box 0
468.0 354.0 538.0 349.0 542.0 411.0 472.0 416.0 Box 0
291.0 349.0 352.0 359.0 337.0 457.0 276.0 448.0 Box 0
390.0 132.0 473.0 153.0 448.0 245.0 366.0 223.0 Box 0
389.0 19.0 452.0 27.0 444.0 97.0 380.0 89.0 Box 0
466.0 153.0 611.0 189.0 573.0 342.0 429.0 307.0 Box 0
216.0 356.0 271.0 399.0 225.0 459.0 170.0 416.0 Box 0
203.0 47.0 408.0 97.0 377.0 224.0 172.0 174.0 Box 0
133.0 27.0 218.0 101.0 142.0 187.0 58.0 113.0 Box 0
238.0 188.0 396.0 188.0 396.0 337.0 238.0 337.0 Box 0
391.0 386.0 459.0 394.0 451.0 460.0 383.0 452.0 Box 0
