443.0 136.0 525.0 148.0 512.0 243.0 429.0 231.0 Box 0
191.0 28.0 272.0 99.0 197.0 186.0 115.0 114.0 Box 0
455.0 384.0 524.0 393.0 515.0 460.0 447.0 451.0 Box 0
293.0 196.0 453.0 187.0 461.0 330.0 300.0 338.0 Box 0
1.0 289.0 248.0 174.0 322.0 332.0 74.0 447.0 Box 0
462.0 286.0 523.0 317.0 492.0 378.0 431.0 347.0 Box 0
449.0 18.0 512.0 26.0 504.0 97.0 440.0 89.0 Box 0
542.0 41.0 609.0 59.0 591.0 125.0 524.0 107.0 Box 0
353.0 347.0 411.0 355.0 397.0 455.0 338.0 447.0 Box 0
283.0 357.0 338.0 399.0 294.0 458.0 238.0 416.0 Box 0
514.0 151.0 662.0 174.0 638.0 332.0 490.0 310.0 Box 0
532.0 352.0 602.0 349.0 604.0 413.0 534.0 415.0 Box 0
262.0 46.0 467.0 99.0 435.0 223.0 230.0 171.0 Box 0
