0.0 275.0 17.0 275.0 17.0 353.0 0.0 353.0 Box 0
487.0 358.0 536.0 383.0 512.0 432.0 462.0 407.0 Box 0
0.0 68.0 112.0 68.0 112.0 204.0 0.0 204.0 Box 0
576.0 61.0 645.0 62.0 644.0 141.0 575.0 141.0 Box 0
506.0 160.0 584.0 167.0 579.0 221.0 501.0 214.0 Box 0
138.0 230.0 185.0 297.0 126.0 339.0 79.0 272.0 Box 0
568.0 298.0 638.0 307.0 627.0 387.0 558.0 378.0 Box 0
211.0 44.0 250.0 102.0 183.0 147.0 144.0 89.0 Box 0
275.0 122.0 346.0 159.0 315.0 220.0 243.0 184.0 Box 0
78.0 314.0 97.0 366.0 45.0 385.0 26.0 333.0 Box 0
20.0 274.0 72.0 258.0 88.0 310.0 36.0 325.0 Box 0
28.0 204.0 108.0 185.0 121.0 239.0 41.0 258.0 Box 0
0.0 362.0 30.0 362.0 30.0 425.0 0.0 425.0 Box 0
121.0 194.0 165.0 160.0 196.0 202.0 152.0 235.0 Box 0
