8.0 149.0 87.0 139.0 94.0 193.0 16.0 204.0 Box 0
679.0 365.0 732.0 371.0 726.0 425.0 673.0 419.0 Box 0
263.0 236.0 339.0 205.0 366.0 269.0 290.0 301.0 Box 0
55.0 199.0 136.0 198.0 137.0 269.0 56.0 270.0 Box 0
415.0 348.0 493.0 355.0 489.0 409.0 411.0 403.0 Box 0
0.0 339.0 82.0 339.0 82.0 426.0 0.0 426.0 Box 0
141.0 84.0 238.0 76.0 245.0 163.0 148.0 172.0 Box 0
7.0 275.0 85.0 280.0 81.0 337.0 3.0 332.0 Box 0
519.0 68.0 571.0 53.0 585.0 102.0 533.0 117.0 Box 0
284.0 67.0 370.0 80.0 354.0 190.0 267.0 177.0 Box 0
151.0 281.0 200.0 289.0 191.0 345.0 142.0 337.0 Box 0
41.0 84.0 91.0 77.0 99.0 130.0 48.0 137.0 Box 0
