145.0 224.0 212.0 244.0 185.0 334.0 117.0 313.0 Box 0
21.0 345.0 132.0 369.0 113.0 456.0 2.0 433.0 Box 0
138.0 85.0 201.0 57.0 234.0 133.0 171.0 160.0 Box 0
0.0 59.0 132.0 59.0 132.0 180.0 0.0 180.0 Box 0
243.0 151.0 303.0 192.0 271.0 237.0 211.0 195.0 Box 0
263.0 326.0 248.0 379.0 193.0 363.0 208.0 310.0 Box 0
0.0 193.0 115.0 193.0 115.0 322.0 0.0 322.0 Box 0
0.0 339.0 26.0 339.0 26.0 420.0 0.0 420.0 Box 0
311.0 211.0 387.0 280.0 332.0 341.0 256.0 272.0 Box 0
517.0 56.0 714.0 49.0 718.0 165.0 521.0 172.0 Box 0
239.0 381.0 295.0 367.0 308.0 421.0 253.0 435.0 Box 0
