646.0 252.0 700.0 248.0 704.0 300.0 650.0 305.0 Box 0
0.0 335.0 47.0 335.0 47.0 407.0 0.0 407.0 Box 0
122.0 61.0 176.0 105.0 126.0 167.0 72.0 123.0 Box 0
547.0 67.0 601.0 64.0 605.0 141.0 551.0 144.0 Box 0
328.0 186.0 378.0 208.0 345.0 281.0 295.0 259.0 Box 0
7.0 86.0 57.0 85.0 58.0 139.0 8.0 140.0 Box 0
151.0 276.0 272.0 336.0 218.0 445.0 97.0 385.0 Box 0
218.0 160.0 268.0 184.0 235.0 254.0 185.0 230.0 Box 0
0.0 142.0 75.0 142.0 75.0 343.0 0.0 343.0 Box 0
89.0 232.0 162.0 271.0 115.0 359.0 42.0 320.0 Box 0
