0.0 7.0 319.0 7.0 319.0 294.0 0.0 294.0 Box 0
119.0 297.0 161.0 289.0 173.0 345.0 130.0 354.0 Box 0
688.0 358.0 737.0 334.0 771.0 405.0 723.0 429.0 Box 0
347.0 79.0 431.0 64.0 448.0 164.0 365.0 178.0 Box 0
314.0 367.0 368.0 365.0 370.0 419.0 317.0 421.0 Box 0
0.0 286.0 139.0 286.0 139.0 454.0 0.0 454.0 Box 0
707.0 78.0 782.0 78.0 782.0 140.0 707.0 140.0 Box 0
534.0 144.0 612.0 159.0 599.0 227.0 521.0 213.0 Box 0
161.0 290.0 239.0 277.0 248.0 332.0 170.0 344.0 Box 0
287.0 198.0 374.0 214.0 354.0 323.0 267.0 307.0 Box 0
380.0 249.0 451.0 233.0 463.0 285.0 392.0 301.0 Box 0
418.0 333.0 541.0 333.0 541.0 440.0 418.0 440.0 Box 0
