380.0 248.0 452.0 233.0 463.0 286.0 391.0 301.0 Box 0
535.0 145.0 611.0 157.0 600.0 226.0 524.0 213.0 Box 0
733.0 326.0 782.0 326.0 782.0 409.0 733.0 409.0 Box 0
289.0 199.0 376.0 216.0 356.0 323.0 268.0 307.0 Box 0
730.0 81.0 782.0 81.0 782.0 149.0 730.0 149.0 Box 0
0.0 0.0 328.0 0.0 328.0 295.0 0.0 295.0 Box 0
315.0 365.0 368.0 365.0 368.0 421.0 315.0 421.0 Box 0
459.0 333.0 585.0 333.0 585.0 441.0 459.0 441.0 Box 0
349.0 78.0 433.0 65.0 449.0 170.0 365.0 183.0 Box 0
0.0 282.0 151.0 282.0 151.0 462.0 0.0 462.0 Box 0
175.0 294.0 254.0 280.0 263.0 334.0 185.0 348.0 Box 0
130.0 298.0 173.0 289.0 186.0 348.0 143.0 358.0 Box 0
