0.0 280.0 150.0 280.0 150.0 463.0 0.0 463.0 Box 0
174.0 296.0 255.0 282.0 264.0 336.0 184.0 350.0 Box 0
332.0 374.0 384.0 359.0 399.0 411.0 346.0 425.0 Box 0
295.0 198.0 380.0 219.0 353.0 324.0 269.0 302.0 Box 0
0.0 0.0 332.0 0.0 332.0 299.0 0.0 299.0 Box 0
552.0 332.0 678.0 332.0 678.0 438.0 552.0 438.0 Box 0
538.0 147.0 619.0 144.0 622.0 213.0 541.0 217.0 Box 0
349.0 76.0 433.0 64.0 449.0 172.0 364.0 184.0 Box 0
132.0 299.0 174.0 290.0 187.0 351.0 146.0 360.0 Box 0
379.0 249.0 451.0 233.0 463.0 286.0 391.0 302.0 Box 0
