404.0 370.0 456.0 357.0 469.0 409.0 416.0 422.0 Box 0
178.0 294.0 256.0 281.0 265.0 336.0 187.0 349.0 Box 0
0.0 0.0 334.0 0.0 334.0 298.0 0.0 298.0 Box 0
348.0 80.0 430.0 65.0 448.0 164.0 367.0 180.0 Box 0
381.0 248.0 452.0 233.0 463.0 285.0 393.0 300.0 Box 0
548.0 147.0 626.0 142.0 631.0 211.0 553.0 216.0 Box 0
295.0 197.0 380.0 219.0 353.0 325.0 268.0 303.0 Box 0
132.0 300.0 174.0 290.0 189.0 351.0 147.0 361.0 Box 0
0.0 279.0 150.0 279.0 150.0 463.0 0.0 463.0 Box 0
608.0 331.0 734.0 331.0 734.0 440.0 608.0 440.0 Box 0
