316.0 383.0 360.0 417.0 327.0 462.0 282.0 428.0 Box 0
332.0 291.0 422.0 232.0 484.0 326.0 394.0 386.0 Box 0
99.0 59.0 309.0 44.0 318.0 168.0 108.0 183.0 Box 0
118.0 353.0 223.0 275.0 312.0 393.0 207.0 472.0 Box 0
291.0 23.0 356.0 11.0 369.0 78.0 304.0 90.0 Box 0
446.0 28.0 513.0 16.0 524.0 80.0 457.0 92.0 Box 0
376.0 86.0 433.0 124.0 395.0 181.0 338.0 143.0 Box 0
365.0 22.0 433.0 9.0 446.0 77.0 378.0 90.0 Box 0
246.0 290.0 297.0 255.0 355.0 338.0 304.0 373.0 Box 0
474.0 353.0 575.0 357.0 571.0 452.0 470.0 448.0 Box 0
425.0 156.0 476.0 195.0 434.0 250.0 383.0 210.0 Box 0
340.0 357.0 470.0 357.0 470.0 462.0 340.0 462.0 Box 0
297.0 186.0 361.0 178.0 371.0 255.0 307.0 263.0 Box 0
459.0 111.0 529.0 107.0 534.0 174.0 463.0 179.0 Box 0
192.0 183.0 274.0 214.0 240.0 305.0 158.0 274.0 Box 0
521.0 166.0 621.0 297.0 521.0 374.0 421.0 242.0 Box 0
