656.0 0.0 811.0 0.0 811.0 139.0 656.0 139.0 Box 0
541.0 78.0 641.0 54.0 657.0 121.0 557.0 144.0 Box 0
698.0 166.0 805.0 152.0 816.0 237.0 709.0 252.0 Box 0
485.0 350.0 623.0 337.0 633.0 437.0 494.0 450.0 Box 0
740.0 262.0 853.0 348.0 770.0 456.0 658.0 371.0 Box 0
382.0 16.0 453.0 1.0 467.0 72.0 396.0 86.0 Box 0
338.0 139.0 393.0 96.0 436.0 151.0 381.0 194.0 Box 0
524.0 79.0 544.0 144.0 481.0 164.0 461.0 99.0 Box 0
289.0 211.0 389.0 218.0 382.0 306.0 283.0 299.0 Box 0
413.0 323.0 490.0 384.0 435.0 454.0 358.0 393.0 Box 0
402.0 192.0 543.0 155.0 584.0 310.0 442.0 346.0 Box 0
559.0 179.0 655.0 157.0 686.0 288.0 591.0 311.0 Box 0
