612.0 40.0 752.0 5.0 778.0 108.0 638.0 143.0 Box 0
710.0 263.0 822.0 348.0 740.0 457.0 627.0 371.0 Box 0
510.0 78.0 610.0 54.0 626.0 121.0 526.0 144.0 Box 0
667.0 168.0 773.0 154.0 785.0 239.0 678.0 253.0 Box 0
344.0 18.0 417.0 0.0 433.0 68.0 361.0 86.0 Box 0
459.0 347.0 591.0 334.0 600.0 434.0 468.0 447.0 Box 0
304.0 139.0 360.0 96.0 403.0 151.0 348.0 194.0 Box 0
490.0 79.0 510.0 144.0 447.0 163.0 427.0 99.0 Box 0
257.0 212.0 356.0 219.0 350.0 307.0 251.0 300.0 Box 0
383.0 325.0 459.0 386.0 404.0 456.0 327.0 395.0 Box 0
370.0 190.0 509.0 154.0 549.0 309.0 410.0 345.0 Box 0
527.0 177.0 622.0 153.0 656.0 284.0 561.0 308.0 Box 0
