0.0 113.0 91.0 113.0 91.0 239.0 0.0 239.0 Box 0
0.0 328.0 52.0 328.0 52.0 384.0 0.0 384.0 Box 0
430.0 160.0 483.0 149.0 494.0 202.0 442.0 214.0 Box 0
79.0 42.0 137.0 42.0 137.0 95.0 79.0 95.0 Box 0
162.0 58.0 247.0 34.0 265.0 101.0 181.0 125.0 Box 0
78.0 300.0 111.0 307.0 95.0 394.0 61.0 387.0 Box 0
243.0 265.0 353.0 307.0 332.0 361.0 223.0 320.0 Box 0
187.0 163.0 297.0 139.0 314.0 219.0 205.0 242.0 Box 0
0.0 224.0 95.0 224.0 95.0 348.0 0.0 348.0 Box 0
76.0 140.0 160.0 122.0 174.0 184.0 90.0 202.0 Box 0
0.0 27.0 88.0 27.0 88.0 111.0 0.0 111.0 Box 0
66.0 216.0 145.0 185.0 185.0 289.0 107.0 320.0 Box 0
111.0 340.0 154.0 339.0 156.0 396.0 112.0 398.0 Box 0
0.0 170.0 29.0 170.0 29.0 236.0 0.0 236.0 Box 0
333.0 1.0 390.0 30.0 354.0 104.0 296.0 75.0 Box 0
