669.0 77.0 770.0 53.0 786.0 119.0 685.0 143.0 Box 0
798.0 261.0 888.0 261.0 888.0 440.0 798.0 440.0 Box 0
606.0 350.0 761.0 336.0 770.0 430.0 615.0 445.0 Box 0
784.0 19.0 888.0 19.0 888.0 133.0 784.0 133.0 Box 0
815.0 159.0 888.0 159.0 888.0 251.0 815.0 251.0 Box 0
522.0 18.0 590.0 3.0 605.0 71.0 537.0 86.0 Box 0
472.0 138.0 527.0 95.0 570.0 150.0 515.0 194.0 Box 0
654.0 81.0 674.0 145.0 610.0 165.0 590.0 100.0 Box 0
415.0 211.0 514.0 218.0 508.0 305.0 409.0 298.0 Box 0
537.0 328.0 611.0 387.0 556.0 457.0 482.0 397.0 Box 0
528.0 191.0 683.0 155.0 720.0 310.0 565.0 347.0 Box 0
698.0 176.0 780.0 156.0 811.0 287.0 729.0 307.0 Box 0
