337.0 156.0 359.0 205.0 311.0 226.0 289.0 178.0 Box 0
108.0 310.0 202.0 314.0 199.0 399.0 105.0 395.0 Box 0
29.0 322.0 109.0 330.0 103.0 385.0 24.0 377.0 Box 0
0.0 208.0 64.0 208.0 64.0 280.0 0.0 280.0 Box 0
701.0 256.0 740.0 300.0 680.0 354.0 641.0 310.0 Box 0
396.0 141.0 441.0 85.0 505.0 137.0 460.0 193.0 Box 0
307.0 30.0 356.0 63.0 307.0 134.0 259.0 101.0 Box 0
538.0 208.0 627.0 208.0 627.0 280.0 538.0 280.0 Box 0
497.0 34.0 607.0 15.0 621.0 97.0 511.0 116.0 Box 0
46.0 82.0 159.0 75.0 172.0 279.0 59.0 286.0 Box 0
513.0 270.0 548.0 309.0 504.0 348.0 469.0 309.0 Box 0
0.0 63.0 48.0 63.0 48.0 142.0 0.0 142.0 Box 0
724.0 136.0 784.0 136.0 784.0 250.0 724.0 250.0 Box 0
342.0 207.0 455.0 207.0 455.0 311.0 342.0 311.0 Box 0
493.0 354.0 577.0 353.0 578.0 409.0 495.0 410.0 Box 0
