359.0 269.0 393.0 309.0 348.0 347.0 314.0 307.0 Box 0
0.0 75.0 140.0 75.0 140.0 287.0 0.0 287.0 Box 0
138.0 177.0 185.0 156.0 207.0 206.0 160.0 227.0 Box 0
40.0 301.0 149.0 309.0 143.0 393.0 34.0 385.0 Box 0
339.0 354.0 421.0 352.0 422.0 409.0 340.0 411.0 Box 0
601.0 135.0 687.0 153.0 665.0 261.0 578.0 242.0 Box 0
249.0 206.0 294.0 261.0 231.0 314.0 186.0 259.0 Box 0
329.0 37.0 438.0 14.0 455.0 96.0 345.0 119.0 Box 0
0.0 310.0 38.0 310.0 38.0 378.0 0.0 378.0 Box 0
109.0 30.0 218.0 30.0 218.0 147.0 109.0 147.0 Box 0
230.0 142.0 274.0 86.0 339.0 137.0 295.0 194.0 Box 0
543.0 257.0 582.0 300.0 521.0 354.0 483.0 311.0 Box 0
413.0 206.0 463.0 232.0 438.0 282.0 387.0 257.0 Box 0
