288.0 85.0 333.0 112.0 304.0 159.0 260.0 132.0 Box 0
388.0 152.0 427.0 120.0 471.0 173.0 431.0 205.0 Box 0
131.0 184.0 230.0 222.0 157.0 411.0 58.0 372.0 Box 0
295.0 301.0 399.0 333.0 375.0 413.0 270.0 380.0 Box 0
86.0 40.0 128.0 35.0 135.0 88.0 94.0 93.0 Box 0
183.0 93.0 204.0 144.0 160.0 163.0 138.0 111.0 Box 0
476.0 185.0 677.0 234.0 649.0 350.0 448.0 301.0 Box 0
167.0 32.0 214.0 23.0 225.0 78.0 178.0 88.0 Box 0
129.0 31.0 163.0 28.0 169.0 89.0 135.0 92.0 Box 0
547.0 149.0 598.0 127.0 618.0 174.0 567.0 196.0 Box 0
