0.0 46.0 28.0 46.0 28.0 108.0 0.0 108.0 Box 0
51.0 116.0 94.0 79.0 128.0 118.0 86.0 155.0 Box 0
15.0 41.0 58.0 35.0 67.0 93.0 23.0 99.0 Box 0
81.0 293.0 182.0 335.0 149.0 413.0 48.0 370.0 Box 0
95.0 35.0 153.0 28.0 160.0 80.0 102.0 88.0 Box 0
163.0 190.0 341.0 233.0 312.0 351.0 134.0 307.0 Box 0
0.0 174.0 117.0 174.0 117.0 392.0 0.0 392.0 Box 0
109.0 149.0 145.0 117.0 191.0 168.0 154.0 201.0 Box 0
575.0 270.0 623.0 300.0 595.0 345.0 547.0 315.0 Box 0
241.0 151.0 292.0 129.0 312.0 176.0 261.0 198.0 Box 0
0.0 107.0 77.0 107.0 77.0 172.0 0.0 172.0 Box 0
