87.0 30.0 185.0 21.0 191.0 84.0 93.0 93.0 Box 0
100.0 163.0 159.0 163.0 159.0 221.0 100.0 221.0 Box 0
86.0 91.0 146.0 67.0 162.0 107.0 102.0 131.0 Box 0
78.0 219.0 146.0 229.0 139.0 274.0 72.0 264.0 Box 0
0.0 259.0 167.0 259.0 167.0 416.0 0.0 416.0 Box 0
464.0 405.0 381.0 400.0 385.0 341.0 467.0 346.0 Box 0
10.0 82.0 100.0 88.0 94.0 200.0 4.0 194.0 Box 0
216.0 40.0 292.0 63.0 275.0 117.0 200.0 94.0 Box 0
489.0 37.0 561.0 77.0 535.0 125.0 463.0 86.0 Box 0
346.0 41.0 424.0 62.0 410.0 116.0 332.0 95.0 Box 0
161.0 151.0 354.0 151.0 354.0 271.0 161.0 271.0 Box 0
447.0 277.0 455.0 321.0 375.0 335.0 367.0 291.0 Box 0
241.0 329.0 292.0 336.0 284.0 393.0 233.0 386.0 Box 0
