242.0 263.0 324.0 260.0 326.0 314.0 245.0 318.0 Box 0
282.0 166.0 333.0 185.0 306.0 259.0 255.0 241.0 Box 0
529.0 165.0 615.0 157.0 624.0 267.0 538.0 274.0 Box 0
86.0 292.0 174.0 300.0 164.0 410.0 76.0 402.0 Box 0
715.0 19.0 784.0 19.0 784.0 155.0 715.0 155.0 Box 0
0.0 44.0 81.0 44.0 81.0 132.0 0.0 132.0 Box 0
89.0 104.0 176.0 104.0 176.0 216.0 89.0 216.0 Box 0
54.0 42.0 109.0 36.0 115.0 90.0 60.0 96.0 Box 0
414.0 171.0 464.0 191.0 436.0 264.0 385.0 244.0 Box 0
95.0 223.0 179.0 231.0 174.0 286.0 90.0 279.0 Box 0
297.0 102.0 376.0 100.0 377.0 154.0 299.0 157.0 Box 0
434.0 294.0 641.0 300.0 637.0 420.0 430.0 414.0 Box 0
237.0 332.0 307.0 319.0 323.0 398.0 253.0 412.0 Box 0
703.0 156.0 784.0 156.0 784.0 220.0 703.0 220.0 Box 0
498.0 38.0 609.0 38.0 609.0 121.0 498.0 121.0 Box 0
112.0 35.0 193.0 27.0 199.0 85.0 117.0 92.0 Box 0
0.0 246.0 102.0 246.0 102.0 338.0 0.0 338.0 Box 0
196.0 30.0 274.0 24.0 279.0 79.0 200.0 86.0 Box 0
0.0 333.0 77.0 333.0 77.0 400.0 0.0 400.0 Box 0
1.0 133.0 88.0 133.0 88.0 243.0 1.0 243.0 Box 0
