39.0 261.0 216.0 277.0 204.0 407.0 27.0 391.0 Box 0
595.0 196.0 723.0 196.0 723.0 318.0 595.0 318.0 Box 0
217.0 39.0 296.0 68.0 259.0 170.0 180.0 141.0 Box 0
378.0 87.0 480.0 97.0 463.0 270.0 360.0 260.0 Box 0
46.0 46.0 153.0 32.0 171.0 162.0 63.0 176.0 Box 0
646.0 45.0 734.0 35.0 738.0 69.0 650.0 79.0 Box 0
627.0 91.0 745.0 91.0 745.0 190.0 627.0 190.0 Box 0
466.0 39.0 536.0 44.0 529.0 131.0 459.0 126.0 Box 0
391.0 269.0 500.0 265.0 504.0 391.0 395.0 395.0 Box 0
78.0 196.0 156.0 196.0 156.0 246.0 78.0 246.0 Box 0
198.0 190.0 279.0 179.0 287.0 235.0 206.0 247.0 Box 0
572.0 327.0 627.0 326.0 629.0 399.0 573.0 400.0 Box 0
