299.0 41.0 378.0 69.0 340.0 171.0 262.0 143.0 Box 0
76.0 267.0 253.0 283.0 242.0 413.0 64.0 397.0 Box 0
648.0 328.0 704.0 327.0 706.0 400.0 650.0 401.0 Box 0
273.0 189.0 354.0 178.0 362.0 234.0 281.0 246.0 Box 0
113.0 196.0 190.0 196.0 190.0 252.0 113.0 252.0 Box 0
662.0 186.0 784.0 186.0 784.0 318.0 662.0 318.0 Box 0
716.0 36.0 784.0 36.0 784.0 80.0 716.0 80.0 Box 0
470.0 269.0 580.0 265.0 584.0 393.0 475.0 396.0 Box 0
547.0 39.0 617.0 45.0 610.0 132.0 540.0 126.0 Box 0
455.0 84.0 558.0 95.0 540.0 267.0 438.0 257.0 Box 0
711.0 89.0 784.0 89.0 784.0 190.0 711.0 190.0 Box 0
89.0 39.0 201.0 39.0 201.0 167.0 89.0 167.0 Box 0
