486.0 325.0 569.0 325.0 569.0 378.0 486.0 378.0 Box 0
334.0 0.0 398.0 0.0 398.0 66.0 334.0 66.0 Box 0
0.0 96.0 92.0 96.0 92.0 193.0 0.0 193.0 Box 0
0.0 6.0 86.0 6.0 86.0 102.0 0.0 102.0 Box 0
623.0 311.0 736.0 311.0 736.0 378.0 623.0 378.0 Box 0
0.0 214.0 63.0 214.0 63.0 271.0 0.0 271.0 Box 0
546.0 0.0 626.0 0.0 626.0 45.0 546.0 45.0 Box 0
667.0 0.0 742.0 0.0 742.0 44.0 667.0 44.0 Box 0
468.0 0.0 522.0 0.0 522.0 44.0 468.0 44.0 Box 0
383.0 338.0 464.0 338.0 464.0 378.0 383.0 378.0 Box 0
126.0 0.0 176.0 0.0 176.0 42.0 126.0 42.0 Box 0
0.0 273.0 113.0 273.0 113.0 366.0 0.0 366.0 Box 0
74.0 219.0 146.0 218.0 148.0 273.0 75.0 274.0 Box 0
300.0 342.0 355.0 342.0 355.0 378.0 300.0 378.0 Box 0
