0.0 90.0 46.0 90.0 46.0 116.0 0.0 116.0 Box 0
155.0 245.0 201.0 307.0 162.0 336.0 116.0 273.0 Box 0
43.0 42.0 123.0 42.0 123.0 169.0 43.0 169.0 Box 0
0.0 282.0 44.0 282.0 44.0 354.0 0.0 354.0 Box 0
118.0 29.0 206.0 29.0 206.0 110.0 118.0 110.0 Box 0
26.0 231.0 74.0 219.0 89.0 279.0 40.0 291.0 Box 0
24.0 331.0 46.0 315.0 90.0 375.0 67.0 391.0 Box 0
60.0 209.0 112.0 186.0 143.0 256.0 91.0 278.0 Box 0
171.0 195.0 191.0 237.0 144.0 259.0 124.0 217.0 Box 0
238.0 340.0 321.0 340.0 321.0 402.0 238.0 402.0 Box 0
74.0 140.0 170.0 98.0 195.0 154.0 99.0 196.0 Box 0
0.0 157.0 25.0 157.0 25.0 230.0 0.0 230.0 Box 0
14.0 185.0 57.0 192.0 50.0 236.0 7.0 230.0 Box 0
90.0 338.0 172.0 338.0 172.0 392.0 90.0 392.0 Box 0
0.0 236.0 56.0 236.0 56.0 281.0 0.0 281.0 Box 0
135.0 325.0 55.0 343.0 43.0 288.0 124.0 270.0 Box 0
306.0 68.0 384.0 144.0 327.0 202.0 249.0 127.0 Box 0
646.0 97.0 784.0 97.0 784.0 324.0 646.0 324.0 Box 0
316.0 21.0 395.0 19.0 396.0 73.0 317.0 75.0 Box 0
