0.0 14.0 81.0 14.0 81.0 105.0 0.0 105.0 Box 0
115.0 87.0 214.0 50.0 238.0 116.0 139.0 153.0 Box 0
155.0 176.0 241.0 160.0 268.0 294.0 182.0 311.0 Box 0
0.0 104.0 58.0 104.0 58.0 205.0 0.0 205.0 Box 0
0.0 324.0 98.0 324.0 98.0 452.0 0.0 452.0 Box 0
243.0 44.0 352.0 1.0 390.0 97.0 280.0 140.0 Box 0
0.0 212.0 59.0 212.0 59.0 303.0 0.0 303.0 Box 0
80.0 345.0 226.0 345.0 226.0 446.0 80.0 446.0 Box 0
318.0 254.0 442.0 330.0 356.0 469.0 232.0 393.0 Box 0
41.0 102.0 107.0 82.0 127.0 148.0 62.0 169.0 Box 0
274.0 167.0 383.0 154.0 394.0 241.0 285.0 254.0 Box 0
40.0 179.0 165.0 179.0 165.0 331.0 40.0 331.0 Box 0
