523.0 81.0 599.0 80.0 599.0 109.0 523.0 110.0 Box 0
153.0 306.0 149.0 341.0 108.0 336.0 112.0 302.0 Box 0
734.0 345.0 784.0 345.0 784.0 407.0 734.0 407.0 Box 0
631.0 287.0 582.0 304.0 560.0 238.0 609.0 221.0 Box 0
104.0 311.0 50.0 323.0 39.0 270.0 92.0 258.0 Box 0
619.0 19.0 784.0 19.0 784.0 178.0 619.0 178.0 Box 0
2.0 45.0 111.0 31.0 122.0 114.0 13.0 129.0 Box 0
127.0 159.0 178.0 159.0 178.0 217.0 127.0 217.0 Box 0
329.0 71.0 412.0 57.0 431.0 163.0 347.0 178.0 Box 0
584.0 337.0 652.0 368.0 642.0 392.0 573.0 361.0 Box 0
1.0 330.0 67.0 330.0 67.0 377.0 1.0 377.0 Box 0
0.0 166.0 80.0 166.0 80.0 279.0 0.0 279.0 Box 0
755.0 32.0 784.0 32.0 784.0 159.0 755.0 159.0 Box 0
316.0 258.0 356.0 298.0 298.0 356.0 258.0 316.0 Box 0
0.0 117.0 73.0 117.0 73.0 179.0 0.0 179.0 Box 0
684.0 210.0 741.0 188.0 770.0 263.0 713.0 285.0 Box 0
584.0 186.0 623.0 204.0 605.0 242.0 566.0 225.0 Box 0
415.0 326.0 447.0 274.0 518.0 317.0 486.0 369.0 Box 0
519.0 242.0 581.0 242.0 581.0 288.0 519.0 288.0 Box 0
0.0 275.0 49.0 275.0 49.0 338.0 0.0 338.0 Box 0
95.0 266.0 127.0 223.0 170.0 254.0 137.0 298.0 Box 0
770.0 344.0 691.0 354.0 685.0 298.0 763.0 288.0 Box 0
512.0 146.0 555.0 180.0 507.0 242.0 464.0 209.0 Box 0
182.0 286.0 211.0 252.0 244.0 281.0 215.0 315.0 Box 0
220.0 175.0 293.0 217.0 265.0 266.0 192.0 223.0 Box 0
109.0 215.0 74.0 148.0 96.0 136.0 132.0 204.0 Box 0
134.0 84.0 240.0 84.0 240.0 159.0 134.0 159.0 Box 0
231.0 342.0 250.0 391.0 199.0 411.0 180.0 362.0 Box 0
