41.0 75.0 82.0 75.0 82.0 121.0 41.0 121.0 Box 0
297.0 29.0 378.0 27.0 378.0 68.0 297.0 69.0 Box 0
615.0 313.0 538.0 289.0 556.0 231.0 633.0 256.0 Box 0
478.0 124.0 549.0 148.0 531.0 199.0 461.0 175.0 Box 0
40.0 318.0 94.0 318.0 94.0 360.0 40.0 360.0 Box 0
630.0 2.0 657.0 53.0 593.0 86.0 566.0 35.0 Box 0
0.0 256.0 39.0 256.0 39.0 340.0 0.0 340.0 Box 0
79.0 24.0 249.0 18.0 253.0 141.0 83.0 147.0 Box 0
316.0 284.0 390.0 251.0 415.0 307.0 341.0 340.0 Box 0
781.0 82.0 720.0 122.0 688.0 74.0 749.0 34.0 Box 0
207.0 311.0 130.0 306.0 134.0 246.0 211.0 252.0 Box 0
180.0 332.0 232.0 345.0 218.0 399.0 166.0 386.0 Box 0
668.0 398.0 580.0 407.0 573.0 338.0 661.0 329.0 Box 0
297.0 192.0 469.0 139.0 497.0 228.0 325.0 282.0 Box 0
758.0 244.0 784.0 244.0 784.0 294.0 758.0 294.0 Box 0
10.0 194.0 45.0 153.0 88.0 190.0 53.0 231.0 Box 0
711.0 237.0 659.0 239.0 656.0 184.0 708.0 182.0 Box 0
668.0 167.0 724.0 146.0 753.0 223.0 696.0 244.0 Box 0
