259.0 68.0 293.0 46.0 337.0 111.0 303.0 133.0 Box 0
213.0 217.0 263.0 197.0 291.0 270.0 241.0 289.0 Box 0
56.0 183.0 100.0 167.0 117.0 213.0 72.0 229.0 Box 0
506.0 68.0 572.0 30.0 600.0 77.0 534.0 116.0 Box 0
366.0 163.0 417.0 191.0 392.0 237.0 340.0 209.0 Box 0
721.0 118.0 784.0 118.0 784.0 186.0 721.0 186.0 Box 0
700.0 309.0 759.0 299.0 773.0 381.0 714.0 391.0 Box 0
341.0 328.0 394.0 311.0 417.0 382.0 364.0 399.0 Box 0
63.0 106.0 157.0 73.0 185.0 155.0 91.0 188.0 Box 0
0.0 268.0 196.0 268.0 196.0 398.0 0.0 398.0 Box 0
0.0 212.0 65.0 212.0 65.0 275.0 0.0 275.0 Box 0
394.0 96.0 439.0 105.0 430.0 149.0 385.0 140.0 Box 0
505.0 240.0 595.0 235.0 599.0 298.0 509.0 304.0 Box 0
626.0 167.0 700.0 201.0 682.0 240.0 608.0 207.0 Box 0
13.0 73.0 78.0 107.0 65.0 131.0 1.0 97.0 Box 0
432.0 163.0 488.0 188.0 454.0 263.0 399.0 238.0 Box 0
