358.0 181.0 464.0 181.0 464.0 327.0 358.0 327.0 Box 0
412.0 346.0 543.0 337.0 550.0 433.0 419.0 442.0 Box 0
479.0 174.0 565.0 157.0 592.0 292.0 505.0 309.0 Box 0
454.0 82.0 553.0 53.0 571.0 114.0 472.0 143.0 Box 0
204.0 211.0 304.0 218.0 298.0 307.0 198.0 300.0 Box 0
289.0 21.0 359.0 3.0 376.0 71.0 306.0 88.0 Box 0
569.0 48.0 687.0 1.0 723.0 93.0 605.0 139.0 Box 0
612.0 168.0 718.0 155.0 728.0 241.0 622.0 254.0 Box 0
251.0 138.0 305.0 96.0 347.0 149.0 292.0 192.0 Box 0
369.0 99.0 434.0 79.0 455.0 146.0 390.0 166.0 Box 0
328.0 328.0 403.0 390.0 347.0 458.0 272.0 396.0 Box 0
645.0 254.0 774.0 333.0 691.0 467.0 562.0 389.0 Box 0
