722.0 163.0 778.0 188.0 745.0 262.0 689.0 237.0 Box 0
28.0 105.0 110.0 128.0 94.0 187.0 12.0 164.0 Box 0
519.0 215.0 568.0 197.0 596.0 271.0 547.0 290.0 Box 0
0.0 149.0 81.0 149.0 81.0 228.0 0.0 228.0 Box 0
74.0 283.0 99.0 319.0 64.0 343.0 39.0 307.0 Box 0
0.0 80.0 40.0 80.0 40.0 141.0 0.0 141.0 Box 0
674.0 164.0 725.0 192.0 700.0 238.0 649.0 210.0 Box 0
249.0 181.0 293.0 173.0 301.0 217.0 256.0 225.0 Box 0
294.0 404.0 116.0 415.0 109.0 296.0 287.0 285.0 Box 0
133.0 53.0 214.0 53.0 214.0 116.0 133.0 116.0 Box 0
315.0 103.0 422.0 81.0 439.0 163.0 332.0 185.0 Box 0
574.0 65.0 606.0 42.0 652.0 106.0 620.0 129.0 Box 0
631.0 332.0 683.0 312.0 711.0 384.0 660.0 404.0 Box 0
101.0 224.0 186.0 215.0 192.0 274.0 108.0 284.0 Box 0
0.0 229.0 87.0 229.0 87.0 294.0 0.0 294.0 Box 0
692.0 94.0 735.0 104.0 726.0 146.0 683.0 137.0 Box 0
