136.0 130.0 86.0 164.0 25.0 75.0 75.0 41.0 Box 0
163.0 67.0 112.0 97.0 80.0 45.0 132.0 14.0 Box 0
146.0 73.0 206.0 85.0 194.0 145.0 134.0 133.0 Box 0
222.0 75.0 162.0 76.0 160.0 14.0 221.0 13.0 Box 0
286.0 75.0 224.0 76.0 222.0 15.0 284.0 14.0 Box 0
286.0 16.0 344.0 16.0 344.0 78.0 286.0 78.0 Box 0
345.0 31.0 404.0 31.0 404.0 91.0 345.0 91.0 Box 0
494.0 80.0 405.0 82.0 403.0 21.0 492.0 18.0 Box 0
583.0 76.0 494.0 79.0 492.0 20.0 581.0 16.0 Box 0
239.0 70.0 283.0 114.0 240.0 156.0 196.0 112.0 Box 0
244.0 184.0 200.0 223.0 157.0 176.0 201.0 136.0 Box 0
317.0 182.0 267.0 218.0 231.0 167.0 281.0 132.0 Box 0
442.0 170.0 387.0 197.0 360.0 144.0 415.0 116.0 Box 0
493.0 137.0 434.0 154.0 418.0 97.0 477.0 80.0 Box 0
557.0 136.0 499.0 150.0 484.0 90.0 542.0 75.0 Box 0
282.0 235.0 241.0 274.0 196.0 227.0 238.0 188.0 Box 0
210.0 252.0 98.0 336.0 42.0 261.0 153.0 177.0 Box 0
262.0 296.0 221.0 330.0 185.0 287.0 226.0 252.0 Box 0
321.0 313.0 260.0 322.0 250.0 263.0 311.0 253.0 Box 0
378.0 287.0 321.0 299.0 309.0 242.0 366.0 230.0 Box 0
387.0 208.0 335.0 234.0 310.0 184.0 362.0 158.0 Box 0
422.0 266.0 376.0 274.0 365.0 218.0 411.0 209.0 Box 0
427.0 213.0 487.0 215.0 484.0 277.0 425.0 274.0 Box 0
490.0 226.0 551.0 230.0 547.0 290.0 486.0 285.0 Box 0
213.0 332.0 152.0 374.0 116.0 323.0 177.0 280.0 Box 0
131.0 352.0 84.0 398.0 39.0 351.0 86.0 305.0 Box 0
30.0 274.0 75.0 274.0 75.0 350.0 30.0 350.0 Box 0
86.0 229.0 49.0 252.0 30.0 221.0 67.0 198.0 Box 0
29.0 105.0 86.0 105.0 86.0 218.0 29.0 218.0 Box 0
168.0 166.0 121.0 199.0 98.0 166.0 144.0 132.0 Box 0
346.0 379.0 286.0 382.0 283.0 320.0 342.0 316.0 Box 0
230.0 391.0 166.0 451.0 126.0 408.0 190.0 348.0 Box 0
127.0 450.0 63.0 461.0 55.0 412.0 119.0 401.0 Box 0
210.0 406.0 271.0 406.0 271.0 459.0 210.0 459.0 Box 0
334.0 459.0 274.0 460.0 274.0 404.0 334.0 403.0 Box 0
287.0 384.0 228.0 391.0 221.0 332.0 279.0 324.0 Box 0
346.0 314.0 406.0 314.0 406.0 376.0 346.0 376.0 Box 0
414.0 310.0 526.0 318.0 521.0 388.0 409.0 380.0 Box 0
335.0 393.0 389.0 393.0 389.0 450.0 335.0 450.0 Box 0
440.0 454.0 393.0 455.0 391.0 399.0 438.0 398.0 Box 0
441.0 400.0 486.0 400.0 486.0 456.0 441.0 456.0 Box 0
