363.0 74.0 276.0 81.0 271.0 20.0 359.0 13.0 Box 0
353.0 167.0 291.0 170.0 289.0 110.0 351.0 107.0 Box 0
291.0 222.0 353.0 225.0 350.0 284.0 288.0 281.0 Box 0
213.0 289.0 327.0 300.0 320.0 377.0 206.0 367.0 Box 0
298.0 380.0 345.0 381.0 343.0 436.0 296.0 435.0 Box 0
250.0 377.0 296.0 380.0 294.0 433.0 247.0 430.0 Box 0
198.0 369.0 250.0 372.0 246.0 426.0 194.0 422.0 Box 0
128.0 371.0 189.0 374.0 187.0 434.0 126.0 432.0 Box 0
66.0 365.0 128.0 368.0 124.0 428.0 62.0 424.0 Box 0
152.0 298.0 210.0 303.0 205.0 363.0 147.0 359.0 Box 0
89.0 295.0 150.0 300.0 146.0 361.0 85.0 357.0 Box 0
33.0 295.0 89.0 298.0 85.0 360.0 29.0 356.0 Box 0
56.0 225.0 118.0 227.0 116.0 287.0 54.0 286.0 Box 0
119.0 215.0 179.0 216.0 178.0 277.0 119.0 277.0 Box 0
183.0 208.0 228.0 209.0 227.0 267.0 181.0 266.0 Box 0
229.0 212.0 287.0 215.0 284.0 276.0 227.0 274.0 Box 0
291.0 156.0 229.0 161.0 224.0 104.0 286.0 99.0 Box 0
275.0 83.0 187.0 96.0 178.0 37.0 266.0 23.0 Box 0
229.0 178.0 165.0 184.0 159.0 124.0 223.0 118.0 Box 0
174.0 194.0 117.0 201.0 110.0 145.0 168.0 139.0 Box 0
106.0 197.0 42.0 204.0 36.0 144.0 100.0 138.0 Box 0
126.0 99.0 65.0 109.0 55.0 48.0 116.0 38.0 Box 0
65.0 109.0 39.0 113.0 28.0 55.0 54.0 50.0 Box 0
29.0 209.0 77.0 209.0 77.0 263.0 29.0 263.0 Box 0
