375.0 75.0 287.0 80.0 283.0 21.0 371.0 15.0 Box 0
365.0 168.0 303.0 170.0 301.0 108.0 363.0 105.0 Box 0
302.0 222.0 364.0 225.0 362.0 282.0 300.0 279.0 Box 0
240.0 213.0 299.0 214.0 297.0 274.0 238.0 273.0 Box 0
302.0 155.0 241.0 160.0 236.0 101.0 298.0 96.0 Box 0
287.0 81.0 199.0 96.0 189.0 36.0 277.0 21.0 Box 0
197.0 104.0 137.0 113.0 129.0 55.0 189.0 46.0 Box 0
136.0 102.0 76.0 110.0 68.0 47.0 128.0 39.0 Box 0
77.0 107.0 33.0 116.0 21.0 56.0 65.0 47.0 Box 0
242.0 176.0 179.0 183.0 173.0 123.0 236.0 116.0 Box 0
190.0 191.0 129.0 198.0 123.0 144.0 184.0 137.0 Box 0
121.0 199.0 57.0 206.0 51.0 145.0 115.0 138.0 Box 0
194.0 209.0 240.0 210.0 240.0 266.0 194.0 265.0 Box 0
131.0 217.0 193.0 218.0 193.0 279.0 131.0 278.0 Box 0
68.0 227.0 128.0 228.0 127.0 290.0 66.0 288.0 Box 0
30.0 207.0 89.0 207.0 89.0 263.0 30.0 263.0 Box 0
28.0 131.0 60.0 131.0 60.0 197.0 28.0 197.0 Box 0
39.0 296.0 99.0 299.0 95.0 361.0 35.0 358.0 Box 0
101.0 297.0 160.0 303.0 154.0 364.0 96.0 358.0 Box 0
163.0 301.0 219.0 305.0 214.0 365.0 158.0 360.0 Box 0
221.0 301.0 333.0 311.0 327.0 379.0 215.0 368.0 Box 0
76.0 366.0 139.0 369.0 136.0 429.0 73.0 426.0 Box 0
140.0 372.0 201.0 376.0 197.0 437.0 136.0 433.0 Box 0
205.0 371.0 262.0 374.0 259.0 428.0 203.0 425.0 Box 0
262.0 377.0 308.0 380.0 305.0 435.0 259.0 432.0 Box 0
310.0 382.0 355.0 383.0 354.0 438.0 309.0 437.0 Box 0
27.0 329.0 58.0 329.0 58.0 421.0 27.0 421.0 Box 0
25.0 264.0 61.0 264.0 61.0 319.0 25.0 319.0 Box 0
