435.0 76.0 345.0 77.0 345.0 17.0 434.0 16.0 Box 0
346.0 76.0 260.0 90.0 249.0 31.0 336.0 16.0 Box 0
260.0 100.0 200.0 110.0 190.0 50.0 250.0 39.0 Box 0
197.0 95.0 142.0 105.0 131.0 44.0 186.0 34.0 Box 0
140.0 104.0 81.0 118.0 67.0 60.0 126.0 46.0 Box 0
82.0 128.0 36.0 140.0 22.0 81.0 68.0 70.0 Box 0
27.0 150.0 86.0 150.0 86.0 221.0 27.0 221.0 Box 0
166.0 182.0 103.0 183.0 101.0 122.0 165.0 121.0 Box 0
236.0 194.0 173.0 195.0 171.0 135.0 234.0 134.0 Box 0
301.0 187.0 244.0 194.0 237.0 141.0 294.0 133.0 Box 0
361.0 167.0 299.0 175.0 290.0 118.0 353.0 109.0 Box 0
421.0 143.0 361.0 150.0 354.0 93.0 414.0 85.0 Box 0
485.0 153.0 425.0 159.0 419.0 98.0 479.0 92.0 Box 0
412.0 224.0 475.0 228.0 471.0 288.0 408.0 283.0 Box 0
350.0 211.0 410.0 217.0 404.0 279.0 344.0 273.0 Box 0
304.0 206.0 352.0 211.0 346.0 268.0 299.0 263.0 Box 0
242.0 211.0 301.0 216.0 296.0 278.0 237.0 273.0 Box 0
179.0 218.0 241.0 225.0 235.0 285.0 173.0 279.0 Box 0
122.0 192.0 183.0 202.0 174.0 256.0 113.0 246.0 Box 0
65.0 181.0 125.0 200.0 106.0 258.0 46.0 238.0 Box 0
60.0 300.0 121.0 316.0 104.0 377.0 44.0 361.0 Box 0
127.0 251.0 186.0 260.0 178.0 315.0 119.0 306.0 Box 0
120.0 331.0 177.0 343.0 160.0 429.0 103.0 417.0 Box 0
179.0 306.0 237.0 309.0 235.0 370.0 177.0 367.0 Box 0
241.0 305.0 300.0 308.0 297.0 370.0 238.0 367.0 Box 0
302.0 308.0 362.0 311.0 358.0 373.0 298.0 369.0 Box 0
365.0 309.0 476.0 320.0 469.0 389.0 358.0 378.0 Box 0
398.0 400.0 442.0 400.0 442.0 456.0 398.0 456.0 Box 0
349.0 394.0 396.0 394.0 396.0 451.0 349.0 451.0 Box 0
292.0 384.0 350.0 387.0 346.0 443.0 289.0 440.0 Box 0
233.0 386.0 289.0 392.0 283.0 453.0 227.0 447.0 Box 0
172.0 375.0 232.0 384.0 223.0 444.0 163.0 435.0 Box 0
28.0 239.0 93.0 239.0 93.0 352.0 28.0 352.0 Box 0
