497.0 77.0 407.0 80.0 405.0 19.0 495.0 16.0 Box 0
510.0 149.0 450.0 158.0 441.0 96.0 501.0 87.0 Box 0
447.0 142.0 387.0 153.0 376.0 95.0 437.0 84.0 Box 0
388.0 170.0 327.0 182.0 315.0 122.0 376.0 110.0 Box 0
327.0 193.0 273.0 204.0 262.0 149.0 316.0 138.0 Box 0
203.0 123.0 261.0 143.0 241.0 200.0 183.0 179.0 Box 0
407.0 76.0 318.0 81.0 314.0 20.0 403.0 15.0 Box 0
318.0 89.0 257.0 90.0 255.0 33.0 316.0 32.0 Box 0
257.0 80.0 195.0 81.0 193.0 21.0 255.0 20.0 Box 0
198.0 79.0 137.0 84.0 132.0 25.0 193.0 20.0 Box 0
140.0 96.0 85.0 113.0 68.0 58.0 123.0 41.0 Box 0
84.0 113.0 47.0 126.0 28.0 69.0 64.0 56.0 Box 0
75.0 111.0 130.0 139.0 103.0 193.0 47.0 165.0 Box 0
142.0 89.0 202.0 109.0 182.0 167.0 123.0 146.0 Box 0
125.0 156.0 178.0 186.0 148.0 240.0 95.0 209.0 Box 0
177.0 179.0 235.0 203.0 215.0 253.0 156.0 229.0 Box 0
229.0 217.0 287.0 232.0 273.0 291.0 215.0 276.0 Box 0
287.0 218.0 346.0 223.0 341.0 284.0 282.0 279.0 Box 0
347.0 214.0 393.0 216.0 391.0 269.0 345.0 268.0 Box 0
397.0 216.0 454.0 219.0 450.0 282.0 393.0 279.0 Box 0
460.0 226.0 519.0 231.0 515.0 289.0 455.0 285.0 Box 0
407.0 312.0 519.0 317.0 516.0 388.0 404.0 383.0 Box 0
340.0 317.0 400.0 317.0 400.0 378.0 340.0 378.0 Box 0
342.0 379.0 280.0 381.0 278.0 319.0 340.0 317.0 Box 0
280.0 385.0 220.0 388.0 218.0 326.0 278.0 323.0 Box 0
170.0 338.0 220.0 368.0 174.0 445.0 124.0 415.0 Box 0
206.0 395.0 266.0 401.0 260.0 459.0 200.0 453.0 Box 0
267.0 400.0 324.0 401.0 322.0 462.0 265.0 461.0 Box 0
326.0 395.0 382.0 395.0 382.0 450.0 326.0 450.0 Box 0
432.0 454.0 386.0 455.0 386.0 398.0 432.0 397.0 Box 0
479.0 454.0 434.0 455.0 434.0 398.0 479.0 397.0 Box 0
126.0 288.0 177.0 324.0 140.0 378.0 89.0 343.0 Box 0
102.0 219.0 148.0 251.0 71.0 364.0 25.0 332.0 Box 0
29.0 164.0 80.0 164.0 80.0 250.0 29.0 250.0 Box 0
169.0 243.0 225.0 257.0 212.0 311.0 156.0 297.0 Box 0
