499.0 76.0 410.0 81.0 407.0 20.0 496.0 15.0 Box 0
512.0 147.0 451.0 155.0 443.0 96.0 504.0 87.0 Box 0
449.0 140.0 389.0 152.0 378.0 96.0 438.0 85.0 Box 0
390.0 169.0 330.0 181.0 318.0 122.0 378.0 110.0 Box 0
329.0 193.0 273.0 204.0 262.0 151.0 318.0 140.0 Box 0
206.0 121.0 263.0 142.0 241.0 201.0 184.0 179.0 Box 0
259.0 31.0 318.0 31.0 318.0 90.0 259.0 90.0 Box 0
410.0 77.0 320.0 80.0 318.0 21.0 408.0 18.0 Box 0
199.0 16.0 257.0 16.0 257.0 78.0 199.0 78.0 Box 0
200.0 74.0 139.0 77.0 137.0 18.0 198.0 15.0 Box 0
147.0 86.0 206.0 109.0 184.0 165.0 125.0 142.0 Box 0
143.0 87.0 88.0 108.0 66.0 53.0 121.0 32.0 Box 0
86.0 107.0 49.0 123.0 26.0 68.0 63.0 52.0 Box 0
78.0 108.0 131.0 136.0 103.0 190.0 50.0 162.0 Box 0
128.0 152.0 181.0 186.0 149.0 237.0 95.0 204.0 Box 0
176.0 179.0 235.0 202.0 214.0 252.0 156.0 229.0 Box 0
229.0 217.0 288.0 231.0 274.0 290.0 216.0 276.0 Box 0
288.0 220.0 347.0 224.0 343.0 283.0 284.0 278.0 Box 0
347.0 214.0 392.0 216.0 390.0 271.0 345.0 269.0 Box 0
395.0 217.0 454.0 220.0 452.0 281.0 393.0 279.0 Box 0
459.0 228.0 521.0 231.0 518.0 290.0 456.0 287.0 Box 0
406.0 313.0 519.0 318.0 516.0 386.0 403.0 381.0 Box 0
339.0 317.0 400.0 317.0 400.0 379.0 339.0 379.0 Box 0
340.0 379.0 281.0 380.0 279.0 318.0 339.0 317.0 Box 0
281.0 384.0 221.0 387.0 217.0 327.0 277.0 323.0 Box 0
171.0 338.0 221.0 368.0 175.0 445.0 125.0 414.0 Box 0
125.0 289.0 179.0 327.0 143.0 377.0 90.0 340.0 Box 0
169.0 241.0 226.0 254.0 213.0 311.0 156.0 298.0 Box 0
207.0 393.0 266.0 400.0 260.0 458.0 200.0 451.0 Box 0
267.0 401.0 325.0 403.0 323.0 462.0 265.0 460.0 Box 0
327.0 395.0 385.0 395.0 385.0 451.0 327.0 451.0 Box 0
387.0 399.0 433.0 399.0 433.0 456.0 387.0 456.0 Box 0
434.0 400.0 479.0 400.0 479.0 457.0 434.0 457.0 Box 0
101.0 217.0 150.0 251.0 74.0 364.0 24.0 330.0 Box 0
29.0 161.0 83.0 161.0 83.0 254.0 29.0 254.0 Box 0
