506.0 76.0 417.0 80.0 414.0 20.0 503.0 15.0 Box 0
415.0 77.0 328.0 79.0 326.0 20.0 413.0 17.0 Box 0
326.0 88.0 264.0 89.0 264.0 30.0 326.0 29.0 Box 0
207.0 16.0 263.0 16.0 263.0 77.0 207.0 77.0 Box 0
207.0 73.0 146.0 76.0 144.0 18.0 205.0 15.0 Box 0
144.0 80.0 85.0 82.0 83.0 21.0 142.0 20.0 Box 0
88.0 82.0 58.0 99.0 27.0 45.0 57.0 28.0 Box 0
84.0 81.0 143.0 97.0 127.0 155.0 68.0 138.0 Box 0
163.0 70.0 216.0 102.0 185.0 155.0 131.0 122.0 Box 0
216.0 114.0 269.0 148.0 237.0 200.0 183.0 166.0 Box 0
334.0 195.0 278.0 208.0 266.0 154.0 321.0 140.0 Box 0
394.0 170.0 333.0 184.0 320.0 125.0 380.0 111.0 Box 0
452.0 141.0 393.0 153.0 382.0 96.0 441.0 84.0 Box 0
516.0 146.0 456.0 155.0 447.0 95.0 507.0 86.0 Box 0
146.0 132.0 196.0 172.0 158.0 220.0 108.0 180.0 Box 0
68.0 139.0 119.0 161.0 97.0 213.0 46.0 191.0 Box 0
28.0 108.0 66.0 108.0 66.0 173.0 28.0 173.0 Box 0
104.0 181.0 176.0 241.0 86.0 348.0 15.0 287.0 Box 0
157.0 276.0 202.0 321.0 148.0 375.0 103.0 331.0 Box 0
188.0 178.0 244.0 204.0 222.0 253.0 166.0 227.0 Box 0
237.0 227.0 296.0 230.0 294.0 289.0 235.0 287.0 Box 0
297.0 219.0 356.0 221.0 354.0 281.0 295.0 279.0 Box 0
360.0 212.0 405.0 214.0 402.0 269.0 357.0 266.0 Box 0
410.0 214.0 468.0 219.0 463.0 281.0 405.0 276.0 Box 0
472.0 227.0 533.0 234.0 527.0 293.0 465.0 286.0 Box 0
191.0 240.0 243.0 266.0 217.0 316.0 166.0 289.0 Box 0
180.0 344.0 222.0 385.0 160.0 449.0 117.0 408.0 Box 0
57.0 317.0 111.0 356.0 75.0 405.0 22.0 366.0 Box 0
279.0 386.0 219.0 389.0 216.0 327.0 276.0 324.0 Box 0
340.0 378.0 280.0 379.0 278.0 319.0 338.0 317.0 Box 0
340.0 317.0 401.0 317.0 401.0 377.0 340.0 377.0 Box 0
406.0 313.0 520.0 319.0 517.0 387.0 403.0 381.0 Box 0
478.0 455.0 433.0 456.0 433.0 400.0 478.0 399.0 Box 0
432.0 456.0 386.0 457.0 384.0 398.0 431.0 397.0 Box 0
383.0 449.0 328.0 450.0 328.0 395.0 383.0 394.0 Box 0
267.0 402.0 325.0 403.0 324.0 462.0 267.0 461.0 Box 0
204.0 406.0 264.0 406.0 264.0 461.0 204.0 461.0 Box 0
27.0 376.0 60.0 376.0 60.0 425.0 27.0 425.0 Box 0
27.0 227.0 47.0 227.0 47.0 263.0 27.0 263.0 Box 0
120.0 354.0 144.0 375.0 130.0 389.0 107.0 368.0 Box 0
