635.0 79.0 561.0 80.0 559.0 18.0 634.0 17.0 Box 0
559.0 80.0 472.0 82.0 470.0 21.0 557.0 18.0 Box 0
471.0 90.0 408.0 91.0 406.0 31.0 469.0 30.0 Box 0
406.0 77.0 347.0 77.0 347.0 17.0 405.0 16.0 Box 0
285.0 15.0 346.0 15.0 346.0 76.0 285.0 76.0 Box 0
224.0 16.0 282.0 16.0 282.0 76.0 224.0 76.0 Box 0
223.0 65.0 170.0 96.0 137.0 42.0 190.0 10.0 Box 0
191.0 127.0 131.0 166.0 71.0 74.0 131.0 35.0 Box 0
204.0 72.0 262.0 85.0 248.0 146.0 190.0 132.0 Box 0
349.0 115.0 307.0 157.0 262.0 112.0 305.0 70.0 Box 0
380.0 181.0 331.0 217.0 295.0 168.0 343.0 132.0 Box 0
344.0 233.0 303.0 272.0 260.0 227.0 301.0 188.0 Box 0
302.0 185.0 257.0 224.0 216.0 177.0 261.0 137.0 Box 0
267.0 256.0 153.0 334.0 99.0 256.0 213.0 177.0 Box 0
139.0 226.0 99.0 255.0 78.0 226.0 118.0 197.0 Box 0
175.0 202.0 142.0 227.0 127.0 207.0 161.0 182.0 Box 0
224.0 167.0 180.0 204.0 149.0 167.0 193.0 129.0 Box 0
28.0 59.0 111.0 59.0 111.0 222.0 28.0 222.0 Box 0
127.0 318.0 70.0 356.0 24.0 288.0 81.0 249.0 Box 0
186.0 352.0 142.0 398.0 94.0 353.0 138.0 306.0 Box 0
271.0 332.0 210.0 375.0 174.0 324.0 235.0 281.0 Box 0
320.0 295.0 278.0 332.0 240.0 289.0 283.0 252.0 Box 0
384.0 313.0 325.0 323.0 314.0 263.0 373.0 253.0 Box 0
442.0 288.0 384.0 299.0 372.0 240.0 430.0 228.0 Box 0
448.0 208.0 398.0 233.0 373.0 184.0 423.0 159.0 Box 0
507.0 170.0 451.0 197.0 424.0 142.0 480.0 115.0 Box 0
558.0 137.0 500.0 154.0 482.0 96.0 541.0 78.0 Box 0
621.0 138.0 565.0 153.0 549.0 92.0 605.0 77.0 Box 0
287.0 391.0 226.0 454.0 184.0 413.0 245.0 350.0 Box 0
184.0 454.0 121.0 464.0 113.0 419.0 176.0 408.0 Box 0
350.0 384.0 289.0 390.0 283.0 330.0 344.0 324.0 Box 0
410.0 377.0 350.0 380.0 346.0 321.0 406.0 317.0 Box 0
411.0 316.0 471.0 316.0 471.0 376.0 411.0 376.0 Box 0
477.0 309.0 595.0 317.0 590.0 388.0 472.0 379.0 Box 0
551.0 455.0 503.0 456.0 501.0 400.0 549.0 399.0 Box 0
455.0 398.0 503.0 398.0 503.0 456.0 455.0 456.0 Box 0
397.0 395.0 452.0 395.0 452.0 450.0 397.0 450.0 Box 0
337.0 403.0 397.0 403.0 397.0 462.0 337.0 462.0 Box 0
275.0 405.0 335.0 405.0 335.0 462.0 275.0 462.0 Box 0
483.0 267.0 438.0 273.0 431.0 218.0 476.0 212.0 Box 0
494.0 212.0 551.0 216.0 547.0 277.0 490.0 273.0 Box 0
556.0 225.0 615.0 230.0 610.0 290.0 551.0 284.0 Box 0
