584.0 76.0 494.0 79.0 492.0 18.0 582.0 15.0 Box 0
494.0 78.0 406.0 81.0 404.0 21.0 492.0 18.0 Box 0
405.0 89.0 344.0 90.0 344.0 32.0 405.0 31.0 Box 0
284.0 16.0 342.0 16.0 342.0 78.0 284.0 78.0 Box 0
223.0 15.0 284.0 15.0 284.0 74.0 223.0 74.0 Box 0
162.0 15.0 221.0 15.0 221.0 76.0 162.0 76.0 Box 0
163.0 66.0 115.0 99.0 81.0 47.0 129.0 15.0 Box 0
135.0 131.0 77.0 169.0 18.0 78.0 75.0 40.0 Box 0
145.0 73.0 206.0 85.0 194.0 146.0 133.0 133.0 Box 0
239.0 69.0 284.0 112.0 242.0 157.0 197.0 114.0 Box 0
316.0 182.0 268.0 217.0 231.0 168.0 279.0 132.0 Box 0
386.0 207.0 337.0 234.0 311.0 187.0 360.0 160.0 Box 0
443.0 170.0 385.0 198.0 358.0 143.0 416.0 115.0 Box 0
558.0 137.0 498.0 152.0 482.0 92.0 543.0 77.0 Box 0
494.0 137.0 433.0 153.0 418.0 98.0 479.0 81.0 Box 0
421.0 266.0 376.0 273.0 367.0 218.0 412.0 211.0 Box 0
428.0 212.0 487.0 216.0 483.0 278.0 424.0 274.0 Box 0
489.0 225.0 551.0 230.0 546.0 290.0 484.0 285.0 Box 0
410.0 310.0 525.0 317.0 521.0 388.0 406.0 381.0 Box 0
346.0 316.0 406.0 316.0 406.0 376.0 346.0 376.0 Box 0
346.0 378.0 286.0 381.0 284.0 319.0 344.0 316.0 Box 0
287.0 385.0 228.0 392.0 221.0 330.0 279.0 323.0 Box 0
321.0 313.0 261.0 323.0 251.0 262.0 311.0 252.0 Box 0
379.0 288.0 321.0 300.0 309.0 241.0 367.0 229.0 Box 0
238.0 189.0 280.0 234.0 239.0 271.0 198.0 227.0 Box 0
209.0 254.0 97.0 335.0 42.0 260.0 154.0 178.0 Box 0
262.0 295.0 220.0 331.0 183.0 288.0 225.0 252.0 Box 0
211.0 331.0 153.0 374.0 115.0 324.0 174.0 281.0 Box 0
228.0 389.0 165.0 450.0 124.0 409.0 188.0 347.0 Box 0
125.0 450.0 64.0 462.0 54.0 414.0 115.0 402.0 Box 0
127.0 353.0 84.0 397.0 37.0 352.0 79.0 307.0 Box 0
28.0 267.0 72.0 267.0 72.0 348.0 28.0 348.0 Box 0
85.0 226.0 42.0 255.0 23.0 225.0 66.0 197.0 Box 0
118.0 201.0 86.0 222.0 75.0 206.0 107.0 184.0 Box 0
168.0 166.0 120.0 200.0 96.0 167.0 144.0 132.0 Box 0
28.0 103.0 87.0 103.0 87.0 216.0 28.0 216.0 Box 0
242.0 181.0 199.0 223.0 157.0 179.0 200.0 137.0 Box 0
211.0 406.0 272.0 406.0 272.0 460.0 211.0 460.0 Box 0
271.0 402.0 332.0 403.0 332.0 462.0 271.0 461.0 Box 0
334.0 394.0 390.0 394.0 390.0 450.0 334.0 450.0 Box 0
392.0 399.0 439.0 399.0 439.0 455.0 392.0 455.0 Box 0
485.0 455.0 440.0 456.0 440.0 400.0 485.0 399.0 Box 0
