400.0 403.0 462.0 403.0 462.0 462.0 400.0 462.0 Box 0
514.0 394.0 570.0 394.0 570.0 448.0 514.0 448.0 Box 0
577.0 397.0 624.0 397.0 624.0 454.0 577.0 454.0 Box 0
474.0 384.0 415.0 389.0 411.0 329.0 470.0 325.0 Box 0
537.0 378.0 475.0 380.0 473.0 321.0 535.0 319.0 Box 0
536.0 316.0 598.0 316.0 598.0 375.0 536.0 375.0 Box 0
588.0 90.0 635.0 90.0 635.0 153.0 588.0 153.0 Box 0
608.0 310.0 636.0 313.0 629.0 381.0 602.0 379.0 Box 0
635.0 273.0 603.0 274.0 602.0 214.0 635.0 213.0 Box 0
606.0 267.0 560.0 273.0 552.0 217.0 599.0 211.0 Box 0
631.0 169.0 576.0 196.0 549.0 142.0 603.0 114.0 Box 0
511.0 308.0 450.0 320.0 439.0 262.0 500.0 250.0 Box 0
296.0 204.0 266.0 229.0 248.0 206.0 277.0 181.0 Box 0
469.0 232.0 429.0 270.0 386.0 226.0 426.0 187.0 Box 0
567.0 206.0 517.0 233.0 491.0 184.0 540.0 157.0 Box 0
477.0 113.0 435.0 155.0 392.0 112.0 435.0 70.0 Box 0
505.0 181.0 456.0 216.0 420.0 166.0 468.0 130.0 Box 0
423.0 180.0 377.0 221.0 336.0 175.0 382.0 134.0 Box 0
330.0 73.0 389.0 85.0 377.0 143.0 318.0 131.0 Box 0
344.0 168.0 301.0 204.0 268.0 166.0 311.0 129.0 Box 0
441.0 293.0 398.0 331.0 360.0 289.0 403.0 250.0 Box 0
388.0 336.0 338.0 372.0 304.0 324.0 354.0 288.0 Box 0
313.0 445.0 251.0 459.0 242.0 421.0 304.0 406.0 Box 0
310.0 355.0 266.0 397.0 223.0 353.0 267.0 310.0 Box 0
395.0 254.0 283.0 334.0 229.0 258.0 341.0 178.0 Box 0
256.0 227.0 219.0 255.0 197.0 227.0 234.0 198.0 Box 0
254.0 317.0 187.0 376.0 135.0 318.0 202.0 259.0 Box 0
596.0 21.0 634.0 21.0 634.0 80.0 596.0 80.0 Box 0
596.0 89.0 534.0 91.0 532.0 32.0 594.0 30.0 Box 0
531.0 75.0 474.0 76.0 472.0 16.0 530.0 15.0 Box 0
470.0 74.0 409.0 74.0 409.0 17.0 469.0 16.0 Box 0
350.0 16.0 408.0 16.0 408.0 76.0 350.0 76.0 Box 0
349.0 64.0 297.0 94.0 266.0 41.0 319.0 11.0 Box 0
311.0 126.0 250.0 161.0 197.0 68.0 258.0 33.0 Box 0
242.0 172.0 173.0 209.0 131.0 132.0 200.0 94.0 Box 0
195.0 257.0 112.0 302.0 47.0 183.0 130.0 138.0 Box 0
200.0 87.0 127.0 128.0 97.0 77.0 171.0 35.0 Box 0
111.0 105.0 60.0 137.0 27.0 85.0 78.0 53.0 Box 0
413.0 388.0 357.0 453.0 311.0 413.0 367.0 348.0 Box 0
462.0 401.0 524.0 401.0 524.0 460.0 462.0 460.0 Box 0
128.0 133.0 60.0 178.0 50.0 162.0 117.0 118.0 Box 0
316.0 351.0 337.0 375.0 315.0 395.0 294.0 371.0 Box 0
