480.0 389.0 422.0 454.0 377.0 414.0 435.0 348.0 Box 0
529.0 400.0 589.0 400.0 588.0 460.0 528.0 459.0 Box 0
466.0 402.0 528.0 403.0 527.0 460.0 465.0 458.0 Box 0
540.0 382.0 482.0 386.0 478.0 328.0 536.0 324.0 Box 0
535.0 232.0 495.0 270.0 452.0 226.0 492.0 187.0 Box 0
576.0 309.0 517.0 322.0 504.0 263.0 563.0 250.0 Box 0
503.0 294.0 461.0 329.0 425.0 287.0 467.0 252.0 Box 0
381.0 443.0 322.0 458.0 313.0 421.0 372.0 407.0 Box 0
456.0 336.0 408.0 372.0 372.0 323.0 420.0 288.0 Box 0
376.0 354.0 334.0 398.0 289.0 354.0 332.0 311.0 Box 0
360.0 208.0 328.0 232.0 308.0 206.0 340.0 182.0 Box 0
323.0 225.0 283.0 256.0 260.0 226.0 300.0 196.0 Box 0
410.0 172.0 366.0 209.0 330.0 167.0 374.0 129.0 Box 0
572.0 181.0 523.0 217.0 486.0 167.0 535.0 131.0 Box 0
501.0 69.0 545.0 114.0 501.0 157.0 457.0 112.0 Box 0
453.0 83.0 444.0 141.0 383.0 131.0 393.0 73.0 Box 0
449.0 135.0 491.0 181.0 448.0 221.0 406.0 176.0 Box 0
605.0 158.0 630.0 204.0 577.0 233.0 552.0 187.0 Box 0
408.0 178.0 462.0 254.0 351.0 333.0 297.0 257.0 Box 0
268.0 260.0 320.0 318.0 255.0 375.0 204.0 318.0 Box 0
635.0 29.0 635.0 99.0 579.0 100.0 578.0 30.0 Box 0
597.0 15.0 597.0 78.0 538.0 79.0 537.0 16.0 Box 0
535.0 15.0 535.0 74.0 474.0 74.0 474.0 15.0 Box 0
472.0 16.0 472.0 76.0 414.0 76.0 414.0 16.0 Box 0
383.0 11.0 414.0 63.0 362.0 94.0 331.0 42.0 Box 0
322.0 33.0 375.0 127.0 314.0 162.0 261.0 68.0 Box 0
270.0 95.0 311.0 172.0 241.0 209.0 200.0 132.0 Box 0
202.0 138.0 266.0 256.0 182.0 301.0 118.0 184.0 Box 0
270.0 86.0 195.0 125.0 168.0 73.0 243.0 34.0 Box 0
180.0 102.0 106.0 144.0 74.0 90.0 149.0 47.0 Box 0
604.0 378.0 539.0 380.0 537.0 319.0 602.0 317.0 Box 0
636.0 289.0 575.0 300.0 564.0 240.0 625.0 228.0 Box 0
603.0 313.0 636.0 313.0 636.0 378.0 603.0 378.0 Box 0
586.0 393.0 633.0 393.0 633.0 447.0 586.0 447.0 Box 0
596.0 130.0 635.0 130.0 635.0 197.0 596.0 197.0 Box 0
606.0 216.0 635.0 216.0 635.0 273.0 606.0 273.0 Box 0
199.0 135.0 127.0 179.0 115.0 159.0 187.0 115.0 Box 0
