461.0 318.0 396.0 376.0 343.0 317.0 408.0 259.0 Box 0
491.0 208.0 459.0 235.0 437.0 208.0 470.0 182.0 Box 0
596.0 324.0 634.0 324.0 634.0 389.0 596.0 389.0 Box 0
636.0 160.0 588.0 162.0 586.0 80.0 634.0 78.0 Box 0
611.0 75.0 552.0 76.0 550.0 16.0 609.0 14.0 Box 0
532.0 72.0 591.0 82.0 581.0 143.0 522.0 133.0 Box 0
626.0 179.0 585.0 217.0 544.0 174.0 585.0 135.0 Box 0
632.0 294.0 594.0 326.0 560.0 287.0 598.0 254.0 Box 0
599.0 337.0 548.0 373.0 512.0 322.0 563.0 286.0 Box 0
524.0 448.0 463.0 463.0 452.0 418.0 514.0 404.0 Box 0
618.0 385.0 561.0 452.0 516.0 414.0 573.0 347.0 Box 0
517.0 353.0 475.0 397.0 429.0 352.0 470.0 308.0 Box 0
603.0 251.0 494.0 330.0 439.0 255.0 548.0 175.0 Box 0
552.0 62.0 499.0 93.0 469.0 41.0 522.0 10.0 Box 0
509.0 126.0 451.0 160.0 397.0 67.0 455.0 33.0 Box 0
538.0 171.0 494.0 207.0 459.0 166.0 503.0 129.0 Box 0
457.0 234.0 419.0 263.0 391.0 225.0 428.0 196.0 Box 0
407.0 255.0 326.0 300.0 261.0 183.0 342.0 138.0 Box 0
454.0 172.0 385.0 211.0 341.0 133.0 410.0 94.0 Box 0
407.0 87.0 329.0 125.0 304.0 73.0 381.0 34.0 Box 0
331.0 139.0 262.0 185.0 246.0 160.0 315.0 114.0 Box 0
317.0 105.0 242.0 144.0 212.0 87.0 287.0 48.0 Box 0
588.0 189.0 636.0 189.0 636.0 268.0 588.0 268.0 Box 0
606.0 401.0 635.0 401.0 635.0 460.0 606.0 460.0 Box 0
