514.0 443.0 452.0 461.0 440.0 419.0 502.0 402.0 Box 0
572.0 72.0 634.0 72.0 634.0 159.0 572.0 159.0 Box 0
613.0 185.0 639.0 210.0 602.0 250.0 576.0 225.0 Box 0
621.0 292.0 583.0 324.0 552.0 287.0 590.0 255.0 Box 0
606.0 387.0 548.0 452.0 504.0 413.0 562.0 348.0 Box 0
504.0 353.0 462.0 396.0 417.0 352.0 459.0 309.0 Box 0
587.0 335.0 536.0 371.0 501.0 323.0 551.0 286.0 Box 0
614.0 178.0 572.0 219.0 530.0 177.0 572.0 136.0 Box 0
592.0 253.0 483.0 332.0 427.0 255.0 536.0 175.0 Box 0
528.0 170.0 484.0 207.0 449.0 166.0 493.0 128.0 Box 0
517.0 72.0 579.0 82.0 569.0 143.0 508.0 133.0 Box 0
597.0 16.0 634.0 16.0 634.0 75.0 597.0 75.0 Box 0
541.0 16.0 598.0 16.0 598.0 75.0 541.0 75.0 Box 0
540.0 62.0 486.0 95.0 455.0 43.0 508.0 10.0 Box 0
498.0 126.0 439.0 159.0 386.0 67.0 445.0 33.0 Box 0
482.0 208.0 449.0 235.0 427.0 207.0 460.0 181.0 Box 0
444.0 232.0 409.0 260.0 381.0 224.0 416.0 197.0 Box 0
448.0 318.0 384.0 375.0 333.0 318.0 397.0 261.0 Box 0
440.0 170.0 371.0 208.0 329.0 134.0 398.0 95.0 Box 0
395.0 87.0 318.0 126.0 291.0 74.0 369.0 35.0 Box 0
395.0 257.0 314.0 302.0 248.0 185.0 329.0 139.0 Box 0
320.0 137.0 253.0 185.0 235.0 161.0 302.0 112.0 Box 0
304.0 104.0 228.0 141.0 201.0 86.0 276.0 48.0 Box 0
636.0 387.0 606.0 390.0 602.0 327.0 632.0 325.0 Box 0
593.0 401.0 634.0 401.0 634.0 461.0 593.0 461.0 Box 0
605.0 153.0 636.0 153.0 636.0 203.0 605.0 203.0 Box 0
611.0 262.0 635.0 262.0 635.0 320.0 611.0 320.0 Box 0
