382.0 47.0 411.0 103.0 335.0 142.0 306.0 87.0 Box 0
422.0 135.0 352.0 184.0 336.0 161.0 406.0 112.0 Box 0
519.0 198.0 542.0 231.0 507.0 256.0 484.0 222.0 Box 0
507.0 259.0 558.0 316.0 494.0 373.0 444.0 316.0 Box 0
548.0 33.0 602.0 126.0 546.0 159.0 492.0 66.0 Box 0
507.0 94.0 549.0 171.0 483.0 207.0 441.0 131.0 Box 0
474.0 32.0 502.0 86.0 425.0 126.0 397.0 72.0 Box 0
440.0 137.0 504.0 257.0 423.0 300.0 359.0 181.0 Box 0
380.0 45.0 409.0 101.0 333.0 140.0 304.0 85.0 Box 0
574.0 223.0 634.0 302.0 595.0 331.0 535.0 253.0 Box 0
567.0 308.0 610.0 350.0 566.0 395.0 523.0 353.0 Box 0
630.0 171.0 587.0 207.0 552.0 165.0 595.0 129.0 Box 0
584.0 210.0 549.0 236.0 525.0 205.0 560.0 178.0 Box 0
639.0 65.0 589.0 94.0 560.0 43.0 609.0 15.0 Box 0
600.0 73.0 634.0 73.0 634.0 143.0 600.0 143.0 Box 0
604.0 306.0 634.0 306.0 634.0 365.0 604.0 365.0 Box 0
625.0 453.0 563.0 467.0 552.0 418.0 614.0 404.0 Box 0
604.0 370.0 636.0 370.0 636.0 432.0 604.0 432.0 Box 0
