639.0 316.0 577.0 375.0 523.0 318.0 585.0 259.0 Box 0
600.0 238.0 636.0 238.0 636.0 290.0 600.0 290.0 Box 0
603.0 320.0 637.0 320.0 637.0 384.0 603.0 384.0 Box 0
603.0 393.0 634.0 393.0 634.0 457.0 603.0 457.0 Box 0
600.0 185.0 634.0 185.0 634.0 233.0 600.0 233.0 Box 0
617.0 233.0 586.0 253.0 561.0 217.0 592.0 196.0 Box 0
629.0 170.0 563.0 207.0 520.0 131.0 587.0 94.0 Box 0
590.0 252.0 505.0 299.0 438.0 180.0 524.0 133.0 Box 0
496.0 137.0 427.0 186.0 410.0 162.0 479.0 113.0 Box 0
569.0 36.0 635.0 36.0 635.0 155.0 569.0 155.0 Box 0
578.0 87.0 503.0 124.0 477.0 72.0 552.0 35.0 Box 0
490.0 101.0 414.0 141.0 385.0 86.0 462.0 46.0 Box 0
