321.0 388.0 216.0 432.0 159.0 298.0 264.0 254.0 Box 0
465.0 330.0 320.0 367.0 273.0 182.0 418.0 145.0 Box 0
71.0 322.0 158.0 335.0 146.0 414.0 59.0 401.0 Box 0
71.0 313.0 28.0 314.0 26.0 258.0 69.0 257.0 Box 0
85.0 163.0 172.0 222.0 116.0 304.0 29.0 244.0 Box 0
200.0 171.0 270.0 201.0 247.0 256.0 177.0 226.0 Box 0
247.0 66.0 302.0 85.0 277.0 159.0 221.0 140.0 Box 0
403.0 156.0 320.0 187.0 297.0 126.0 380.0 95.0 Box 0
86.0 77.0 190.0 83.0 184.0 177.0 80.0 171.0 Box 0
30.0 49.0 75.0 49.0 75.0 160.0 30.0 160.0 Box 0
