542.0 155.0 460.0 188.0 435.0 125.0 517.0 92.0 Box 0
386.0 63.0 440.0 83.0 414.0 158.0 359.0 138.0 Box 0
245.0 70.0 338.0 84.0 324.0 178.0 231.0 164.0 Box 0
235.0 139.0 101.0 166.0 78.0 50.0 212.0 23.0 Box 0
28.0 61.0 104.0 61.0 104.0 192.0 28.0 192.0 Box 0
66.0 192.0 157.0 223.0 117.0 338.0 27.0 307.0 Box 0
232.0 315.0 145.0 322.0 140.0 266.0 227.0 258.0 Box 0
322.0 224.0 266.0 300.0 182.0 239.0 238.0 163.0 Box 0
337.0 171.0 410.0 201.0 387.0 256.0 314.0 225.0 Box 0
608.0 330.0 460.0 364.0 417.0 181.0 565.0 146.0 Box 0
460.0 390.0 357.0 433.0 300.0 297.0 403.0 254.0 Box 0
217.0 328.0 308.0 337.0 300.0 417.0 209.0 407.0 Box 0
181.0 348.0 130.0 405.0 85.0 366.0 136.0 308.0 Box 0
