308.0 133.0 224.0 191.0 135.0 62.0 219.0 4.0 Box 0
428.0 140.0 306.0 161.0 286.0 46.0 408.0 25.0 Box 0
438.0 67.0 528.0 79.0 515.0 175.0 425.0 163.0 Box 0
572.0 63.0 628.0 83.0 602.0 158.0 546.0 139.0 Box 0
513.0 222.0 452.0 301.0 373.0 241.0 433.0 161.0 Box 0
272.0 189.0 363.0 217.0 329.0 332.0 237.0 305.0 Box 0
422.0 317.0 341.0 322.0 337.0 264.0 418.0 259.0 Box 0
208.0 347.0 267.0 347.0 267.0 407.0 208.0 407.0 Box 0
382.0 357.0 341.0 404.0 297.0 365.0 338.0 318.0 Box 0
411.0 328.0 504.0 336.0 497.0 413.0 404.0 404.0 Box 0
524.0 170.0 596.0 198.0 574.0 254.0 502.0 225.0 Box 0
638.0 401.0 558.0 438.0 491.0 297.0 572.0 259.0 Box 0
