343.0 133.0 260.0 188.0 171.0 55.0 254.0 0.0 Box 0
303.0 192.0 398.0 217.0 367.0 331.0 273.0 306.0 Box 0
244.0 346.0 303.0 346.0 303.0 409.0 244.0 409.0 Box 0
417.0 358.0 376.0 406.0 332.0 368.0 373.0 320.0 Box 0
455.0 318.0 372.0 323.0 368.0 264.0 451.0 258.0 Box 0
445.0 329.0 538.0 334.0 533.0 414.0 440.0 408.0 Box 0
467.0 161.0 545.0 225.0 485.0 299.0 407.0 235.0 Box 0
460.0 140.0 338.0 157.0 322.0 44.0 444.0 27.0 Box 0
458.0 72.0 562.0 83.0 552.0 175.0 449.0 165.0 Box 0
557.0 170.0 628.0 199.0 606.0 253.0 536.0 224.0 Box 0
607.0 63.0 639.0 75.0 612.0 151.0 579.0 139.0 Box 0
639.0 411.0 570.0 435.0 521.0 295.0 590.0 271.0 Box 0
