396.0 129.0 316.0 189.0 222.0 62.0 302.0 3.0 Box 0
366.0 190.0 457.0 215.0 426.0 330.0 335.0 306.0 Box 0
303.0 345.0 362.0 345.0 362.0 407.0 303.0 407.0 Box 0
476.0 356.0 435.0 404.0 392.0 366.0 433.0 319.0 Box 0
511.0 316.0 429.0 321.0 425.0 264.0 507.0 259.0 Box 0
607.0 221.0 539.0 302.0 460.0 236.0 529.0 155.0 Box 0
499.0 325.0 599.0 335.0 591.0 413.0 491.0 403.0 Box 0
519.0 143.0 391.0 162.0 373.0 45.0 501.0 25.0 Box 0
508.0 72.0 621.0 83.0 611.0 174.0 499.0 163.0 Box 0
593.0 169.0 635.0 169.0 635.0 241.0 593.0 241.0 Box 0
575.0 274.0 636.0 274.0 636.0 373.0 575.0 373.0 Box 0
