583.0 75.0 494.0 79.0 491.0 20.0 580.0 15.0 Box 0
493.0 77.0 407.0 82.0 404.0 23.0 491.0 18.0 Box 0
344.0 32.0 403.0 32.0 403.0 91.0 344.0 91.0 Box 0
285.0 16.0 343.0 16.0 343.0 78.0 285.0 78.0 Box 0
223.0 15.0 284.0 15.0 284.0 75.0 223.0 75.0 Box 0
163.0 16.0 222.0 16.0 222.0 75.0 163.0 75.0 Box 0
164.0 66.0 113.0 98.0 80.0 45.0 131.0 14.0 Box 0
135.0 129.0 75.0 170.0 15.0 82.0 75.0 41.0 Box 0
145.0 74.0 205.0 85.0 194.0 145.0 134.0 134.0 Box 0
283.0 112.0 241.0 156.0 197.0 113.0 239.0 70.0 Box 0
315.0 181.0 267.0 217.0 231.0 167.0 279.0 132.0 Box 0
386.0 207.0 335.0 235.0 309.0 186.0 360.0 159.0 Box 0
443.0 169.0 388.0 198.0 360.0 143.0 414.0 115.0 Box 0
494.0 137.0 436.0 155.0 418.0 98.0 477.0 80.0 Box 0
557.0 135.0 498.0 150.0 483.0 92.0 542.0 77.0 Box 0
242.0 180.0 197.0 222.0 156.0 177.0 201.0 136.0 Box 0
167.0 166.0 122.0 200.0 96.0 167.0 142.0 132.0 Box 0
209.0 253.0 97.0 336.0 41.0 261.0 153.0 178.0 Box 0
260.0 295.0 219.0 329.0 183.0 286.0 224.0 252.0 Box 0
280.0 233.0 240.0 272.0 197.0 227.0 238.0 188.0 Box 0
378.0 288.0 322.0 299.0 310.0 241.0 366.0 230.0 Box 0
321.0 312.0 261.0 322.0 251.0 264.0 311.0 253.0 Box 0
421.0 267.0 375.0 274.0 366.0 218.0 413.0 211.0 Box 0
429.0 212.0 487.0 215.0 485.0 275.0 427.0 273.0 Box 0
490.0 226.0 551.0 232.0 546.0 289.0 485.0 283.0 Box 0
416.0 310.0 525.0 318.0 520.0 387.0 411.0 379.0 Box 0
346.0 315.0 407.0 315.0 407.0 376.0 346.0 376.0 Box 0
346.0 378.0 286.0 381.0 283.0 320.0 343.0 317.0 Box 0
287.0 385.0 227.0 391.0 221.0 331.0 281.0 325.0 Box 0
187.0 346.0 230.0 390.0 166.0 452.0 123.0 408.0 Box 0
205.0 338.0 152.0 375.0 115.0 323.0 168.0 286.0 Box 0
125.0 354.0 82.0 397.0 36.0 350.0 79.0 308.0 Box 0
126.0 448.0 63.0 462.0 52.0 415.0 116.0 401.0 Box 0
28.0 274.0 73.0 274.0 73.0 355.0 28.0 355.0 Box 0
83.0 226.0 43.0 253.0 25.0 226.0 65.0 199.0 Box 0
117.0 200.0 87.0 221.0 76.0 207.0 106.0 185.0 Box 0
28.0 103.0 84.0 103.0 84.0 218.0 28.0 218.0 Box 0
210.0 406.0 271.0 406.0 271.0 460.0 210.0 460.0 Box 0
274.0 403.0 333.0 403.0 333.0 462.0 274.0 462.0 Box 0
334.0 395.0 391.0 395.0 391.0 450.0 334.0 450.0 Box 0
442.0 453.0 395.0 454.0 393.0 399.0 440.0 398.0 Box 0
487.0 455.0 442.0 456.0 440.0 401.0 485.0 400.0 Box 0
