475.0 367.0 437.0 416.0 391.0 380.0 428.0 331.0 Box 0
409.0 403.0 360.0 442.0 322.0 394.0 371.0 355.0 Box 0
384.0 346.0 326.0 372.0 303.0 320.0 361.0 295.0 Box 0
347.0 231.0 409.0 231.0 409.0 289.0 347.0 289.0 Box 0
329.0 279.0 270.0 280.0 268.0 217.0 327.0 216.0 Box 0
304.0 375.0 250.0 398.0 215.0 317.0 269.0 294.0 Box 0
120.0 401.0 57.0 404.0 54.0 343.0 117.0 340.0 Box 0
153.0 251.0 90.0 257.0 84.0 200.0 147.0 194.0 Box 0
171.0 134.0 245.0 179.0 215.0 229.0 141.0 185.0 Box 0
301.0 185.0 253.0 192.0 245.0 145.0 293.0 137.0 Box 0
330.0 92.0 257.0 131.0 226.0 75.0 299.0 36.0 Box 0
180.0 54.0 233.0 62.0 225.0 117.0 172.0 109.0 Box 0
178.0 62.0 122.0 123.0 101.0 103.0 156.0 42.0 Box 0
141.0 184.0 83.0 194.0 72.0 134.0 130.0 123.0 Box 0
27.0 321.0 61.0 321.0 61.0 392.0 27.0 392.0 Box 0
73.0 39.0 127.0 62.0 78.0 178.0 24.0 155.0 Box 0
27.0 230.0 56.0 230.0 56.0 289.0 27.0 289.0 Box 0
28.0 161.0 66.0 161.0 66.0 226.0 28.0 226.0 Box 0
