545.0 230.0 605.0 230.0 605.0 287.0 545.0 287.0 Box 0
523.0 276.0 466.0 277.0 464.0 216.0 522.0 215.0 Box 0
503.0 372.0 447.0 398.0 411.0 318.0 468.0 293.0 Box 0
353.0 251.0 293.0 257.0 287.0 199.0 347.0 193.0 Box 0
337.0 399.0 278.0 411.0 266.0 353.0 325.0 341.0 Box 0
274.0 386.0 218.0 416.0 190.0 365.0 247.0 335.0 Box 0
224.0 341.0 170.0 375.0 137.0 323.0 191.0 289.0 Box 0
184.0 396.0 132.0 432.0 97.0 382.0 149.0 346.0 Box 0
57.0 154.0 87.0 170.0 56.0 227.0 26.0 210.0 Box 0
121.0 372.0 44.0 396.0 27.0 341.0 103.0 316.0 Box 0
93.0 318.0 33.0 325.0 26.0 260.0 86.0 253.0 Box 0
259.0 277.0 207.0 309.0 174.0 258.0 227.0 225.0 Box 0
175.0 273.0 112.0 276.0 107.0 189.0 171.0 186.0 Box 0
215.0 138.0 266.0 164.0 239.0 218.0 188.0 192.0 Box 0
370.0 136.0 445.0 180.0 415.0 230.0 340.0 185.0 Box 0
292.0 116.0 348.0 128.0 336.0 187.0 280.0 175.0 Box 0
526.0 89.0 453.0 128.0 424.0 75.0 498.0 36.0 Box 0
366.0 53.0 421.0 60.0 414.0 115.0 359.0 107.0 Box 0
337.0 36.0 363.0 49.0 327.0 121.0 301.0 107.0 Box 0
226.0 8.0 331.0 41.0 295.0 157.0 190.0 125.0 Box 0
128.0 67.0 211.0 93.0 183.0 185.0 100.0 159.0 Box 0
51.0 54.0 107.0 72.0 81.0 154.0 25.0 136.0 Box 0
581.0 345.0 524.0 371.0 501.0 321.0 558.0 295.0 Box 0
578.0 329.0 635.0 329.0 635.0 412.0 578.0 412.0 Box 0
607.0 402.0 558.0 441.0 522.0 395.0 571.0 356.0 Box 0
491.0 184.0 440.0 192.0 433.0 145.0 483.0 137.0 Box 0
