346.0 398.0 285.0 410.0 273.0 351.0 334.0 339.0 Box 0
593.0 327.0 636.0 327.0 636.0 410.0 593.0 410.0 Box 0
612.0 403.0 565.0 440.0 529.0 393.0 576.0 356.0 Box 0
588.0 346.0 532.0 371.0 508.0 318.0 564.0 293.0 Box 0
508.0 372.0 456.0 395.0 421.0 315.0 474.0 293.0 Box 0
551.0 231.0 612.0 231.0 612.0 288.0 551.0 288.0 Box 0
532.0 277.0 472.0 278.0 470.0 216.0 530.0 215.0 Box 0
280.0 385.0 226.0 415.0 198.0 365.0 252.0 334.0 Box 0
491.0 184.0 445.0 191.0 438.0 143.0 484.0 136.0 Box 0
376.0 134.0 450.0 179.0 421.0 228.0 346.0 184.0 Box 0
361.0 250.0 299.0 256.0 293.0 200.0 355.0 194.0 Box 0
298.0 115.0 355.0 128.0 343.0 187.0 286.0 175.0 Box 0
265.0 277.0 213.0 309.0 181.0 257.0 233.0 225.0 Box 0
230.0 340.0 178.0 374.0 144.0 323.0 197.0 288.0 Box 0
190.0 394.0 141.0 430.0 106.0 381.0 154.0 346.0 Box 0
183.0 274.0 122.0 278.0 116.0 189.0 177.0 185.0 Box 0
127.0 373.0 50.0 396.0 33.0 341.0 110.0 317.0 Box 0
98.0 318.0 39.0 324.0 33.0 265.0 92.0 259.0 Box 0
57.0 150.0 95.0 171.0 65.0 226.0 27.0 205.0 Box 0
219.0 138.0 271.0 162.0 245.0 217.0 193.0 192.0 Box 0
532.0 89.0 460.0 128.0 431.0 74.0 503.0 35.0 Box 0
373.0 51.0 429.0 59.0 420.0 116.0 365.0 107.0 Box 0
343.0 37.0 370.0 50.0 334.0 120.0 307.0 107.0 Box 0
242.0 7.0 332.0 40.0 290.0 155.0 200.0 122.0 Box 0
135.0 67.0 217.0 93.0 189.0 185.0 107.0 159.0 Box 0
53.0 49.0 114.0 71.0 85.0 153.0 24.0 131.0 Box 0
