489.0 386.0 437.0 418.0 406.0 367.0 458.0 335.0 Box 0
512.0 111.0 568.0 128.0 550.0 188.0 494.0 170.0 Box 0
569.0 249.0 511.0 254.0 505.0 198.0 564.0 192.0 Box 0
554.0 395.0 495.0 409.0 481.0 352.0 540.0 337.0 Box 0
409.0 393.0 360.0 432.0 322.0 384.0 371.0 345.0 Box 0
475.0 273.0 423.0 306.0 392.0 256.0 444.0 223.0 Box 0
394.0 271.0 333.0 274.0 329.0 188.0 390.0 185.0 Box 0
317.0 165.0 286.0 218.0 234.0 188.0 264.0 134.0 Box 0
235.0 134.0 217.0 166.0 184.0 147.0 203.0 115.0 Box 0
326.0 378.0 250.0 397.0 236.0 340.0 312.0 321.0 Box 0
311.0 257.0 322.0 317.0 264.0 328.0 253.0 268.0 Box 0
283.0 225.0 240.0 284.0 170.0 234.0 212.0 174.0 Box 0
185.0 188.0 151.0 240.0 102.0 208.0 136.0 156.0 Box 0
142.0 241.0 117.0 297.0 62.0 272.0 87.0 216.0 Box 0
182.0 289.0 192.0 343.0 136.0 353.0 126.0 300.0 Box 0
109.0 307.0 117.0 368.0 70.0 374.0 62.0 313.0 Box 0
89.0 291.0 92.0 406.0 31.0 407.0 27.0 293.0 Box 0
72.0 202.0 71.0 249.0 29.0 248.0 30.0 201.0 Box 0
131.0 153.0 107.0 204.0 62.0 182.0 86.0 132.0 Box 0
569.0 52.0 625.0 60.0 617.0 116.0 560.0 107.0 Box 0
568.0 47.0 533.0 118.0 508.0 106.0 544.0 35.0 Box 0
532.0 39.0 499.0 164.0 394.0 136.0 427.0 11.0 Box 0
420.0 96.0 391.0 182.0 308.0 154.0 336.0 68.0 Box 0
334.0 62.0 306.0 145.0 232.0 120.0 259.0 37.0 Box 0
250.0 53.0 233.0 112.0 180.0 96.0 197.0 38.0 Box 0
178.0 45.0 184.0 120.0 79.0 128.0 73.0 53.0 Box 0
29.0 60.0 75.0 60.0 75.0 162.0 29.0 162.0 Box 0
219.0 281.0 258.0 300.0 242.0 334.0 203.0 316.0 Box 0
447.0 339.0 398.0 374.0 362.0 325.0 411.0 289.0 Box 0
607.0 298.0 638.0 298.0 638.0 367.0 607.0 367.0 Box 0
638.0 167.0 607.0 216.0 556.0 184.0 587.0 135.0 Box 0
