481.0 397.0 421.0 409.0 410.0 351.0 470.0 339.0 Box 0
416.0 387.0 364.0 418.0 333.0 367.0 386.0 336.0 Box 0
113.0 341.0 58.0 353.0 45.0 298.0 101.0 286.0 Box 0
28.0 227.0 79.0 227.0 79.0 294.0 28.0 294.0 Box 0
103.0 194.0 64.0 242.0 25.0 211.0 65.0 163.0 Box 0
622.0 181.0 577.0 189.0 568.0 143.0 613.0 134.0 Box 0
635.0 277.0 585.0 278.0 584.0 217.0 633.0 216.0 Box 0
638.0 377.0 594.0 397.0 557.0 316.0 601.0 296.0 Box 0
498.0 250.0 437.0 255.0 432.0 198.0 493.0 193.0 Box 0
515.0 133.0 590.0 180.0 559.0 230.0 484.0 183.0 Box 0
439.0 112.0 496.0 129.0 479.0 188.0 422.0 171.0 Box 0
357.0 136.0 412.0 162.0 386.0 217.0 332.0 192.0 Box 0
404.0 276.0 352.0 308.0 320.0 256.0 372.0 224.0 Box 0
374.0 340.0 322.0 375.0 288.0 324.0 340.0 289.0 Box 0
333.0 394.0 284.0 431.0 248.0 384.0 297.0 347.0 Box 0
321.0 272.0 262.0 275.0 258.0 188.0 317.0 185.0 Box 0
259.0 380.0 183.0 399.0 169.0 342.0 245.0 323.0 Box 0
252.0 317.0 192.0 328.0 181.0 270.0 241.0 259.0 Box 0
150.0 282.0 189.0 304.0 171.0 337.0 132.0 315.0 Box 0
218.0 226.0 175.0 288.0 95.0 234.0 138.0 171.0 Box 0
194.0 137.0 245.0 167.0 214.0 220.0 162.0 190.0 Box 0
165.0 133.0 147.0 171.0 109.0 152.0 128.0 115.0 Box 0
636.0 106.0 576.0 138.0 547.0 84.0 607.0 52.0 Box 0
502.0 51.0 558.0 60.0 550.0 116.0 493.0 107.0 Box 0
474.0 35.0 501.0 48.0 464.0 120.0 438.0 106.0 Box 0
364.0 7.0 468.0 41.0 430.0 158.0 326.0 125.0 Box 0
270.0 66.0 352.0 96.0 320.0 185.0 238.0 156.0 Box 0
183.0 38.0 259.0 63.0 232.0 146.0 156.0 122.0 Box 0
122.0 43.0 176.0 60.0 158.0 117.0 104.0 99.0 Box 0
111.0 125.0 35.0 134.0 26.0 60.0 102.0 51.0 Box 0
