502.0 386.0 449.0 417.0 419.0 365.0 472.0 334.0 Box 0
566.0 395.0 508.0 408.0 495.0 352.0 553.0 338.0 Box 0
523.0 114.0 579.0 130.0 563.0 187.0 507.0 171.0 Box 0
582.0 249.0 522.0 255.0 516.0 197.0 576.0 191.0 Box 0
489.0 275.0 436.0 306.0 406.0 254.0 459.0 223.0 Box 0
496.0 162.0 469.0 217.0 416.0 191.0 442.0 136.0 Box 0
406.0 271.0 346.0 274.0 341.0 190.0 401.0 186.0 Box 0
337.0 379.0 261.0 398.0 246.0 340.0 322.0 321.0 Box 0
337.0 315.0 277.0 327.0 266.0 268.0 326.0 257.0 Box 0
330.0 166.0 298.0 219.0 247.0 189.0 279.0 136.0 Box 0
247.0 134.0 229.0 167.0 192.0 145.0 210.0 113.0 Box 0
271.0 303.0 252.0 336.0 214.0 314.0 232.0 281.0 Box 0
298.0 226.0 256.0 286.0 183.0 235.0 225.0 174.0 Box 0
204.0 348.0 147.0 357.0 138.0 301.0 195.0 292.0 Box 0
124.0 307.0 133.0 368.0 85.0 375.0 76.0 315.0 Box 0
157.0 240.0 131.0 297.0 76.0 272.0 102.0 215.0 Box 0
98.0 292.0 105.0 405.0 34.0 409.0 27.0 297.0 Box 0
88.0 204.0 85.0 250.0 28.0 246.0 31.0 200.0 Box 0
200.0 185.0 168.0 238.0 117.0 208.0 149.0 155.0 Box 0
146.0 153.0 121.0 202.0 75.0 178.0 100.0 130.0 Box 0
580.0 46.0 546.0 118.0 521.0 106.0 555.0 34.0 Box 0
543.0 43.0 511.0 160.0 407.0 131.0 439.0 15.0 Box 0
430.0 95.0 403.0 183.0 318.0 156.0 345.0 68.0 Box 0
346.0 60.0 318.0 145.0 245.0 120.0 273.0 36.0 Box 0
263.0 55.0 246.0 112.0 192.0 95.0 209.0 39.0 Box 0
195.0 119.0 88.0 124.0 84.0 52.0 191.0 47.0 Box 0
32.0 60.0 91.0 60.0 90.0 165.0 31.0 164.0 Box 0
420.0 392.0 372.0 429.0 335.0 383.0 384.0 345.0 Box 0
460.0 340.0 410.0 375.0 374.0 323.0 424.0 288.0 Box 0
582.0 50.0 634.0 56.0 627.0 114.0 575.0 107.0 Box 0
600.0 133.0 638.0 158.0 605.0 207.0 567.0 181.0 Box 0
