398.0 378.0 322.0 398.0 307.0 342.0 384.0 322.0 Box 0
294.0 281.0 333.0 303.0 315.0 335.0 276.0 314.0 Box 0
490.0 393.0 443.0 432.0 404.0 383.0 451.0 345.0 Box 0
271.0 344.0 216.0 352.0 208.0 298.0 264.0 290.0 Box 0
401.0 315.0 343.0 327.0 331.0 270.0 390.0 258.0 Box 0
526.0 339.0 477.0 374.0 442.0 325.0 491.0 290.0 Box 0
553.0 275.0 501.0 307.0 469.0 255.0 521.0 223.0 Box 0
287.0 173.0 361.0 219.0 321.0 282.0 247.0 236.0 Box 0
470.0 272.0 408.0 274.0 406.0 187.0 468.0 185.0 Box 0
592.0 112.0 638.0 126.0 620.0 184.0 574.0 170.0 Box 0
507.0 136.0 560.0 160.0 535.0 215.0 482.0 192.0 Box 0
343.0 135.0 395.0 164.0 365.0 217.0 314.0 188.0 Box 0
274.0 115.0 309.0 132.0 292.0 166.0 257.0 149.0 Box 0
209.0 370.0 162.0 378.0 153.0 319.0 200.0 311.0 Box 0
218.0 157.0 267.0 187.0 235.0 238.0 187.0 209.0 Box 0
173.0 127.0 216.0 154.0 186.0 200.0 144.0 173.0 Box 0
174.0 217.0 229.0 240.0 205.0 296.0 150.0 273.0 Box 0
159.0 411.0 89.0 417.0 80.0 305.0 150.0 300.0 Box 0
28.0 309.0 68.0 309.0 68.0 391.0 28.0 391.0 Box 0
32.0 228.0 67.0 231.0 61.0 289.0 27.0 286.0 Box 0
104.0 200.0 160.0 202.0 157.0 246.0 102.0 244.0 Box 0
39.0 169.0 86.0 180.0 76.0 224.0 28.0 212.0 Box 0
505.0 9.0 613.0 40.0 580.0 157.0 471.0 126.0 Box 0
418.0 65.0 497.0 94.0 467.0 176.0 388.0 147.0 Box 0
341.0 36.0 413.0 60.0 385.0 143.0 313.0 119.0 Box 0
274.0 37.0 330.0 54.0 312.0 111.0 257.0 95.0 Box 0
157.0 44.0 261.0 47.0 258.0 120.0 155.0 117.0 Box 0
30.0 54.0 140.0 54.0 140.0 144.0 30.0 144.0 Box 0
566.0 385.0 516.0 416.0 487.0 368.0 537.0 337.0 Box 0
631.0 396.0 573.0 408.0 561.0 350.0 620.0 338.0 Box 0
634.0 249.0 586.0 254.0 581.0 198.0 629.0 193.0 Box 0
614.0 35.0 638.0 46.0 608.0 113.0 584.0 102.0 Box 0
