434.0 370.0 388.0 375.0 380.0 313.0 427.0 307.0 Box 0
530.0 300.0 517.0 331.0 480.0 314.0 493.0 284.0 Box 0
636.0 272.0 603.0 272.0 602.0 188.0 634.0 187.0 Box 0
598.0 377.0 520.0 395.0 507.0 340.0 586.0 322.0 Box 0
618.0 315.0 559.0 327.0 547.0 267.0 607.0 255.0 Box 0
478.0 345.0 425.0 352.0 418.0 296.0 472.0 289.0 Box 0
563.0 219.0 522.0 282.0 453.0 236.0 495.0 173.0 Box 0
559.0 135.0 611.0 166.0 580.0 218.0 528.0 188.0 Box 0
511.0 133.0 492.0 167.0 458.0 147.0 477.0 113.0 Box 0
388.0 215.0 444.0 239.0 420.0 294.0 364.0 270.0 Box 0
386.0 411.0 317.0 418.0 307.0 307.0 376.0 301.0 Box 0
321.0 196.0 376.0 200.0 372.0 244.0 318.0 241.0 Box 0
423.0 153.0 395.0 200.0 348.0 172.0 377.0 125.0 Box 0
288.0 395.0 205.0 406.0 195.0 330.0 278.0 319.0 Box 0
241.0 227.0 300.0 231.0 296.0 290.0 237.0 286.0 Box 0
257.0 157.0 320.0 177.0 306.0 220.0 244.0 201.0 Box 0
187.0 259.0 129.0 264.0 124.0 203.0 183.0 198.0 Box 0
99.0 308.0 197.0 316.0 188.0 418.0 91.0 411.0 Box 0
33.0 363.0 78.0 366.0 74.0 426.0 29.0 423.0 Box 0
28.0 285.0 74.0 285.0 74.0 346.0 28.0 346.0 Box 0
63.0 281.0 28.0 282.0 27.0 222.0 62.0 221.0 Box 0
59.0 162.0 142.0 186.0 125.0 242.0 43.0 219.0 Box 0
561.0 35.0 636.0 58.0 610.0 142.0 536.0 120.0 Box 0
489.0 36.0 547.0 51.0 531.0 109.0 473.0 94.0 Box 0
367.0 43.0 473.0 48.0 469.0 120.0 364.0 115.0 Box 0
228.0 39.0 364.0 50.0 356.0 141.0 221.0 131.0 Box 0
50.0 47.0 217.0 61.0 208.0 166.0 41.0 152.0 Box 0
598.0 337.0 635.0 337.0 635.0 406.0 598.0 406.0 Box 0
