415.0 369.0 369.0 375.0 362.0 316.0 408.0 310.0 Box 0
635.0 336.0 614.0 336.0 614.0 300.0 635.0 300.0 Box 0
461.0 344.0 406.0 349.0 401.0 295.0 457.0 290.0 Box 0
371.0 215.0 425.0 239.0 401.0 294.0 346.0 270.0 Box 0
636.0 423.0 582.0 424.0 580.0 338.0 633.0 336.0 Box 0
635.0 173.0 589.0 174.0 588.0 77.0 634.0 76.0 Box 0
634.0 270.0 587.0 272.0 583.0 187.0 631.0 185.0 Box 0
599.0 315.0 541.0 326.0 529.0 267.0 587.0 255.0 Box 0
581.0 376.0 505.0 395.0 491.0 339.0 568.0 320.0 Box 0
516.0 300.0 500.0 332.0 461.0 313.0 477.0 280.0 Box 0
366.0 411.0 299.0 417.0 289.0 306.0 356.0 300.0 Box 0
478.0 172.0 547.0 221.0 503.0 283.0 434.0 234.0 Box 0
543.0 134.0 592.0 163.0 561.0 216.0 511.0 186.0 Box 0
416.0 153.0 464.0 185.0 431.0 236.0 383.0 203.0 Box 0
303.0 197.0 359.0 201.0 355.0 245.0 299.0 241.0 Box 0
493.0 132.0 475.0 166.0 438.0 147.0 456.0 112.0 Box 0
360.0 126.0 406.0 155.0 377.0 202.0 331.0 172.0 Box 0
269.0 395.0 184.0 409.0 172.0 334.0 257.0 320.0 Box 0
239.0 157.0 299.0 175.0 286.0 220.0 226.0 202.0 Box 0
221.0 227.0 281.0 230.0 278.0 291.0 218.0 288.0 Box 0
82.0 308.0 176.0 314.0 169.0 417.0 76.0 412.0 Box 0
74.0 422.0 29.0 423.0 28.0 357.0 74.0 356.0 Box 0
73.0 343.0 29.0 343.0 28.0 282.0 73.0 281.0 Box 0
167.0 260.0 103.0 264.0 100.0 203.0 164.0 199.0 Box 0
43.0 161.0 124.0 185.0 107.0 241.0 27.0 218.0 Box 0
543.0 36.0 615.0 60.0 588.0 141.0 516.0 117.0 Box 0
470.0 36.0 529.0 52.0 513.0 111.0 454.0 95.0 Box 0
349.0 42.0 454.0 46.0 451.0 121.0 346.0 117.0 Box 0
210.0 39.0 344.0 51.0 335.0 143.0 202.0 131.0 Box 0
37.0 50.0 195.0 60.0 188.0 170.0 31.0 160.0 Box 0
