377.0 369.0 330.0 375.0 323.0 314.0 370.0 308.0 Box 0
427.0 346.0 370.0 352.0 365.0 296.0 422.0 290.0 Box 0
331.0 412.0 262.0 419.0 251.0 307.0 320.0 300.0 Box 0
444.0 282.0 483.0 302.0 467.0 332.0 429.0 312.0 Box 0
335.0 216.0 390.0 239.0 366.0 294.0 312.0 271.0 Box 0
634.0 362.0 581.0 363.0 579.0 287.0 633.0 286.0 Box 0
637.0 407.0 605.0 431.0 567.0 382.0 600.0 358.0 Box 0
547.0 376.0 472.0 395.0 458.0 339.0 534.0 321.0 Box 0
564.0 316.0 506.0 328.0 494.0 268.0 553.0 256.0 Box 0
632.0 271.0 572.0 274.0 568.0 187.0 629.0 184.0 Box 0
427.0 114.0 462.0 136.0 442.0 170.0 406.0 147.0 Box 0
443.0 172.0 513.0 223.0 470.0 284.0 399.0 234.0 Box 0
556.0 165.0 526.0 216.0 475.0 186.0 505.0 135.0 Box 0
576.0 71.0 639.0 90.0 613.0 176.0 551.0 158.0 Box 0
378.0 154.0 428.0 185.0 397.0 236.0 347.0 204.0 Box 0
269.0 196.0 324.0 202.0 319.0 246.0 265.0 241.0 Box 0
326.0 127.0 372.0 156.0 343.0 201.0 297.0 172.0 Box 0
203.0 158.0 264.0 177.0 250.0 221.0 189.0 202.0 Box 0
184.0 228.0 247.0 232.0 243.0 290.0 181.0 287.0 Box 0
234.0 396.0 149.0 409.0 137.0 332.0 223.0 319.0 Box 0
42.0 305.0 138.0 311.0 131.0 416.0 35.0 409.0 Box 0
124.0 261.0 63.0 265.0 60.0 205.0 121.0 201.0 Box 0
37.0 175.0 86.0 187.0 71.0 242.0 23.0 229.0 Box 0
505.0 36.0 579.0 58.0 554.0 141.0 481.0 119.0 Box 0
435.0 36.0 494.0 53.0 477.0 110.0 419.0 93.0 Box 0
314.0 44.0 420.0 48.0 417.0 120.0 311.0 116.0 Box 0
172.0 40.0 309.0 51.0 301.0 142.0 165.0 131.0 Box 0
32.0 59.0 161.0 63.0 158.0 173.0 28.0 169.0 Box 0
