582.0 37.0 633.0 41.0 626.0 133.0 575.0 129.0 Box 0
537.0 258.0 476.0 261.0 472.0 201.0 533.0 197.0 Box 0
393.0 153.0 473.0 184.0 452.0 239.0 372.0 208.0 Box 0
390.0 41.0 552.0 61.0 539.0 169.0 377.0 150.0 Box 0
395.0 158.0 350.0 195.0 321.0 161.0 366.0 123.0 Box 0
441.0 308.0 530.0 314.0 523.0 419.0 433.0 412.0 Box 0
377.0 374.0 440.0 374.0 440.0 433.0 377.0 433.0 Box 0
440.0 346.0 378.0 348.0 376.0 290.0 438.0 288.0 Box 0
373.0 415.0 290.0 427.0 281.0 366.0 364.0 354.0 Box 0
359.0 355.0 305.0 358.0 301.0 298.0 355.0 294.0 Box 0
408.0 278.0 352.0 287.0 343.0 232.0 399.0 223.0 Box 0
344.0 232.0 289.0 258.0 263.0 204.0 319.0 178.0 Box 0
191.0 205.0 345.0 237.0 304.0 438.0 150.0 407.0 Box 0
225.0 242.0 192.0 274.0 175.0 257.0 208.0 224.0 Box 0
168.0 398.0 70.0 402.0 64.0 261.0 162.0 257.0 Box 0
82.0 382.0 43.0 384.0 38.0 307.0 77.0 305.0 Box 0
33.0 158.0 140.0 164.0 134.0 259.0 27.0 252.0 Box 0
268.0 105.0 329.0 117.0 317.0 177.0 256.0 164.0 Box 0
139.0 54.0 260.0 54.0 260.0 150.0 139.0 150.0 Box 0
156.0 117.0 76.0 155.0 47.0 95.0 128.0 57.0 Box 0
575.0 156.0 635.0 156.0 635.0 213.0 575.0 213.0 Box 0
587.0 226.0 637.0 229.0 633.0 290.0 583.0 286.0 Box 0
635.0 395.0 558.0 407.0 546.0 330.0 623.0 319.0 Box 0
