504.0 371.0 566.0 371.0 566.0 434.0 504.0 434.0 Box 0
634.0 257.0 580.0 260.0 577.0 201.0 631.0 198.0 Box 0
563.0 308.0 639.0 313.0 632.0 417.0 556.0 411.0 Box 0
510.0 152.0 588.0 184.0 565.0 239.0 487.0 207.0 Box 0
566.0 346.0 505.0 348.0 503.0 290.0 564.0 287.0 Box 0
498.0 415.0 422.0 424.0 414.0 365.0 491.0 355.0 Box 0
486.0 356.0 435.0 358.0 432.0 297.0 483.0 294.0 Box 0
518.0 157.0 475.0 193.0 446.0 159.0 489.0 123.0 Box 0
527.0 275.0 472.0 285.0 462.0 231.0 516.0 221.0 Box 0
472.0 231.0 417.0 259.0 388.0 203.0 443.0 175.0 Box 0
314.0 198.0 473.0 231.0 431.0 440.0 272.0 408.0 Box 0
348.0 245.0 318.0 276.0 297.0 255.0 327.0 224.0 Box 0
392.0 105.0 453.0 115.0 443.0 174.0 382.0 163.0 Box 0
267.0 53.0 387.0 53.0 387.0 147.0 267.0 147.0 Box 0
290.0 397.0 197.0 402.0 189.0 262.0 282.0 256.0 Box 0
165.0 303.0 208.0 305.0 205.0 382.0 162.0 380.0 Box 0
145.0 155.0 286.0 161.0 282.0 256.0 142.0 250.0 Box 0
278.0 110.0 192.0 142.0 170.0 83.0 256.0 50.0 Box 0
