445.0 372.0 506.0 372.0 506.0 436.0 445.0 436.0 Box 0
592.0 318.0 635.0 318.0 635.0 407.0 592.0 407.0 Box 0
502.0 308.0 594.0 315.0 587.0 417.0 495.0 411.0 Box 0
605.0 257.0 544.0 261.0 540.0 202.0 601.0 198.0 Box 0
506.0 346.0 444.0 348.0 442.0 292.0 504.0 289.0 Box 0
452.0 152.0 533.0 184.0 512.0 238.0 431.0 207.0 Box 0
471.0 276.0 414.0 286.0 404.0 232.0 461.0 221.0 Box 0
439.0 416.0 359.0 426.0 352.0 363.0 431.0 354.0 Box 0
424.0 354.0 377.0 357.0 375.0 297.0 421.0 295.0 Box 0
460.0 157.0 415.0 194.0 386.0 159.0 430.0 121.0 Box 0
414.0 233.0 360.0 262.0 329.0 206.0 383.0 177.0 Box 0
240.0 217.0 412.0 235.0 392.0 433.0 220.0 416.0 Box 0
293.0 247.0 261.0 279.0 238.0 256.0 270.0 224.0 Box 0
333.0 104.0 395.0 117.0 383.0 176.0 321.0 163.0 Box 0
209.0 50.0 329.0 53.0 327.0 150.0 207.0 147.0 Box 0
244.0 395.0 143.0 405.0 128.0 260.0 229.0 250.0 Box 0
107.0 304.0 151.0 305.0 150.0 384.0 107.0 383.0 Box 0
76.0 157.0 216.0 163.0 213.0 255.0 72.0 249.0 Box 0
221.0 113.0 138.0 145.0 114.0 84.0 197.0 51.0 Box 0
450.0 30.0 620.0 58.0 602.0 171.0 432.0 143.0 Box 0
