416.0 112.0 331.0 143.0 308.0 80.0 393.0 49.0 Box 0
300.0 153.0 437.0 158.0 433.0 255.0 296.0 250.0 Box 0
304.0 301.0 350.0 303.0 346.0 381.0 300.0 378.0 Box 0
435.0 398.0 329.0 401.0 325.0 258.0 431.0 255.0 Box 0
492.0 241.0 461.0 273.0 442.0 255.0 473.0 223.0 Box 0
410.0 50.0 540.0 53.0 538.0 150.0 408.0 147.0 Box 0
540.0 103.0 598.0 111.0 589.0 174.0 531.0 165.0 Box 0
618.0 226.0 565.0 251.0 541.0 202.0 594.0 176.0 Box 0
639.0 174.0 619.0 191.0 590.0 158.0 609.0 141.0 Box 0
474.0 191.0 632.0 240.0 570.0 441.0 411.0 392.0 Box 0
636.0 419.0 579.0 422.0 576.0 359.0 633.0 356.0 Box 0
587.0 294.0 632.0 294.0 632.0 355.0 587.0 355.0 Box 0
609.0 223.0 635.0 223.0 635.0 283.0 609.0 283.0 Box 0
