350.0 112.0 266.0 143.0 242.0 80.0 326.0 48.0 Box 0
346.0 50.0 468.0 50.0 468.0 148.0 346.0 148.0 Box 0
224.0 153.0 362.0 160.0 358.0 256.0 219.0 249.0 Box 0
237.0 301.0 282.0 303.0 278.0 381.0 233.0 380.0 Box 0
367.0 398.0 258.0 401.0 254.0 255.0 363.0 252.0 Box 0
397.0 197.0 561.0 238.0 511.0 441.0 347.0 401.0 Box 0
423.0 241.0 392.0 273.0 373.0 254.0 404.0 222.0 Box 0
469.0 102.0 529.0 112.0 518.0 174.0 458.0 163.0 Box 0
594.0 155.0 551.0 193.0 521.0 159.0 564.0 121.0 Box 0
548.0 230.0 492.0 257.0 465.0 203.0 522.0 175.0 Box 0
601.0 275.0 543.0 285.0 534.0 229.0 591.0 219.0 Box 0
564.0 354.0 517.0 357.0 513.0 296.0 560.0 293.0 Box 0
578.0 414.0 500.0 424.0 492.0 364.0 570.0 354.0 Box 0
636.0 344.0 581.0 347.0 577.0 288.0 632.0 285.0 Box 0
578.0 154.0 639.0 177.0 619.0 230.0 558.0 206.0 Box 0
580.0 372.0 635.0 372.0 635.0 434.0 580.0 434.0 Box 0
553.0 57.0 636.0 57.0 636.0 153.0 553.0 153.0 Box 0
