266.0 332.0 312.0 368.0 274.0 417.0 227.0 381.0 Box 0
246.0 404.0 196.0 443.0 159.0 396.0 209.0 357.0 Box 0
230.0 343.0 165.0 371.0 142.0 319.0 208.0 291.0 Box 0
149.0 364.0 80.0 398.0 40.0 317.0 109.0 283.0 Box 0
173.0 279.0 104.0 280.0 102.0 220.0 171.0 219.0 Box 0
185.0 230.0 247.0 230.0 247.0 289.0 185.0 289.0 Box 0
28.0 165.0 77.0 165.0 77.0 237.0 28.0 237.0 Box 0
144.0 187.0 90.0 197.0 82.0 149.0 136.0 140.0 Box 0
74.0 126.0 34.0 129.0 28.0 72.0 69.0 68.0 Box 0
170.0 106.0 90.0 149.0 54.0 83.0 134.0 40.0 Box 0
