302.0 331.0 349.0 369.0 310.0 418.0 263.0 380.0 Box 0
281.0 405.0 231.0 442.0 196.0 396.0 246.0 358.0 Box 0
185.0 366.0 119.0 398.0 81.0 317.0 148.0 286.0 Box 0
261.0 345.0 201.0 372.0 178.0 320.0 238.0 293.0 Box 0
222.0 231.0 283.0 231.0 283.0 289.0 222.0 289.0 Box 0
211.0 280.0 145.0 282.0 143.0 219.0 208.0 216.0 Box 0
59.0 157.0 116.0 191.0 86.0 243.0 29.0 209.0 Box 0
180.0 187.0 128.0 194.0 121.0 146.0 173.0 138.0 Box 0
207.0 103.0 132.0 145.0 95.0 79.0 170.0 37.0 Box 0
112.0 122.0 55.0 127.0 50.0 70.0 107.0 65.0 Box 0
29.0 58.0 50.0 58.0 50.0 102.0 29.0 102.0 Box 0
