484.0 618.0 380.0 631.0 368.0 531.0 472.0 518.0 Box 0
594.0 477.0 519.0 514.0 484.0 442.0 560.0 405.0 Box 0
841.0 600.0 732.0 666.0 665.0 555.0 775.0 490.0 Box 0
945.0 521.0 1153.0 521.0 1153.0 722.0 945.0 722.0 Box 0
417.0 872.0 127.0 875.0 125.0 673.0 415.0 670.0 Box 0
123.0 840.0 3.0 843.0 0.0 675.0 120.0 672.0 Box 0
508.0 613.0 639.0 620.0 632.0 754.0 501.0 748.0 Box 0
758.0 793.0 639.0 796.0 636.0 681.0 756.0 678.0 Box 0
1067.0 867.0 949.0 870.0 947.0 775.0 1065.0 772.0 Box 0
843.0 333.0 729.0 385.0 678.0 270.0 792.0 219.0 Box 0
1065.0 329.0 977.0 420.0 889.0 334.0 977.0 244.0 Box 0
492.0 376.0 365.0 429.0 294.0 256.0 421.0 203.0 Box 0
349.0 492.0 221.0 516.0 198.0 387.0 326.0 364.0 Box 0
321.0 307.0 144.0 399.0 43.0 205.0 220.0 112.0 Box 0
591.0 245.0 491.0 323.0 400.0 205.0 500.0 128.0 Box 0
782.0 164.0 653.0 294.0 566.0 208.0 695.0 78.0 Box 0
1200.0 291.0 941.0 309.0 923.0 47.0 1182.0 29.0 Box 0
0.0 180.0 59.0 180.0 59.0 324.0 0.0 324.0 Box 0
