935.0 281.0 673.0 307.0 648.0 52.0 909.0 26.0 Box 0
799.0 332.0 707.0 427.0 618.0 340.0 710.0 245.0 Box 0
684.0 522.0 903.0 522.0 903.0 724.0 684.0 724.0 Box 0
573.0 601.0 457.0 671.0 391.0 560.0 507.0 490.0 Box 0
500.0 793.0 375.0 797.0 372.0 685.0 497.0 681.0 Box 0
682.0 771.0 803.0 771.0 803.0 874.0 682.0 874.0 Box 0
235.0 621.0 381.0 621.0 381.0 757.0 235.0 757.0 Box 0
213.0 621.0 94.0 633.0 83.0 530.0 203.0 518.0 Box 0
341.0 480.0 258.0 524.0 217.0 445.0 301.0 402.0 Box 0
507.0 166.0 380.0 298.0 286.0 207.0 414.0 75.0 Box 0
566.0 338.0 446.0 389.0 395.0 269.0 515.0 218.0 Box 0
316.0 260.0 217.0 344.0 103.0 210.0 203.0 126.0 Box 0
210.0 393.0 78.0 440.0 16.0 264.0 148.0 217.0 Box 0
2.0 656.0 143.0 656.0 143.0 859.0 2.0 859.0 Box 0
1.0 377.0 80.0 377.0 80.0 509.0 1.0 509.0 Box 0
