333.0 98.0 443.0 132.0 391.0 301.0 280.0 267.0 Box 0
631.0 433.0 395.0 438.0 388.0 66.0 624.0 61.0 Box 0
682.0 115.0 800.0 162.0 754.0 279.0 635.0 232.0 Box 0
117.0 497.0 327.0 611.0 256.0 743.0 46.0 628.0 Box 0
429.0 443.0 610.0 535.0 482.0 787.0 301.0 695.0 Box 0
743.0 574.0 626.0 624.0 578.0 509.0 695.0 460.0 Box 0
1069.0 487.0 945.0 510.0 922.0 385.0 1047.0 362.0 Box 0
1020.0 304.0 842.0 371.0 775.0 194.0 953.0 127.0 Box 0
873.0 831.0 654.0 853.0 638.0 694.0 857.0 672.0 Box 0
1167.0 857.0 880.0 869.0 873.0 674.0 1159.0 663.0 Box 0
1168.0 614.0 1062.0 628.0 1049.0 523.0 1155.0 509.0 Box 0
1260.0 479.0 1184.0 514.0 1147.0 431.0 1224.0 397.0 Box 0
1154.0 374.0 1030.0 424.0 961.0 255.0 1084.0 204.0 Box 0
1278.0 255.0 1214.0 304.0 1137.0 206.0 1201.0 157.0 Box 0
1182.0 602.0 1277.0 606.0 1272.0 742.0 1176.0 738.0 Box 0
0.0 240.0 87.0 240.0 87.0 413.0 0.0 413.0 Box 0
