1106.0 287.0 843.0 314.0 817.0 55.0 1080.0 29.0 Box 0
970.0 332.0 882.0 423.0 793.0 336.0 881.0 245.0 Box 0
740.0 598.0 631.0 665.0 566.0 559.0 675.0 492.0 Box 0
849.0 520.0 1062.0 520.0 1062.0 720.0 849.0 720.0 Box 0
853.0 774.0 972.0 774.0 972.0 870.0 853.0 870.0 Box 0
665.0 795.0 543.0 796.0 542.0 683.0 664.0 682.0 Box 0
409.0 614.0 545.0 619.0 539.0 757.0 404.0 752.0 Box 0
395.0 622.0 289.0 634.0 278.0 532.0 384.0 520.0 Box 0
504.0 480.0 426.0 518.0 390.0 442.0 468.0 405.0 Box 0
399.0 378.0 269.0 430.0 199.0 254.0 329.0 202.0 Box 0
496.0 250.0 394.0 329.0 297.0 204.0 399.0 125.0 Box 0
685.0 167.0 560.0 296.0 467.0 205.0 592.0 77.0 Box 0
744.0 333.0 628.0 384.0 577.0 270.0 693.0 218.0 Box 0
255.0 489.0 109.0 521.0 81.0 393.0 228.0 361.0 Box 0
2.0 666.0 296.0 666.0 296.0 870.0 2.0 870.0 Box 0
208.0 314.0 86.0 366.0 0.0 162.0 122.0 110.0 Box 0
