209.0 302.0 99.0 364.0 38.0 255.0 148.0 193.0 Box 0
338.0 394.0 196.0 507.0 114.0 404.0 256.0 291.0 Box 0
715.0 363.0 538.0 411.0 496.0 254.0 674.0 206.0 Box 0
272.0 593.0 536.0 720.0 449.0 902.0 185.0 774.0 Box 0
776.0 493.0 976.0 613.0 902.0 738.0 702.0 618.0 Box 0
975.0 438.0 1182.0 509.0 1091.0 777.0 884.0 706.0 Box 0
902.0 103.0 1009.0 138.0 955.0 302.0 847.0 266.0 Box 0
1214.0 430.0 978.0 440.0 963.0 70.0 1199.0 61.0 Box 0
0.0 497.0 124.0 497.0 124.0 861.0 0.0 861.0 Box 0
1279.0 592.0 1226.0 614.0 1182.0 510.0 1235.0 488.0 Box 0
1207.0 127.0 1279.0 127.0 1279.0 290.0 1207.0 290.0 Box 0
1196.0 676.0 1279.0 676.0 1279.0 847.0 1196.0 847.0 Box 0
