180.0 304.0 67.0 363.0 12.0 257.0 125.0 199.0 Box 0
308.0 392.0 164.0 506.0 83.0 404.0 227.0 290.0 Box 0
691.0 364.0 515.0 411.0 472.0 252.0 649.0 205.0 Box 0
248.0 590.0 509.0 720.0 420.0 898.0 160.0 769.0 Box 0
751.0 491.0 946.0 611.0 869.0 737.0 674.0 617.0 Box 0
880.0 102.0 988.0 137.0 933.0 305.0 825.0 269.0 Box 0
1193.0 424.0 940.0 434.0 925.0 70.0 1178.0 59.0 Box 0
946.0 437.0 1158.0 503.0 1076.0 770.0 863.0 705.0 Box 0
1279.0 587.0 1203.0 620.0 1156.0 511.0 1233.0 478.0 Box 0
1280.0 843.0 1181.0 847.0 1174.0 688.0 1273.0 684.0 Box 0
1189.0 122.0 1279.0 122.0 1279.0 293.0 1189.0 293.0 Box 0
0.0 508.0 103.0 508.0 103.0 863.0 0.0 863.0 Box 0
