141.0 112.0 254.0 149.0 197.0 321.0 84.0 284.0 Box 0
458.0 430.0 218.0 438.0 207.0 77.0 448.0 70.0 Box 0
612.0 162.0 562.0 279.0 447.0 229.0 498.0 112.0 Box 0
842.0 305.0 667.0 374.0 599.0 203.0 773.0 133.0 Box 0
985.0 372.0 860.0 425.0 789.0 257.0 914.0 205.0 Box 0
1121.0 230.0 1022.0 303.0 947.0 203.0 1046.0 129.0 Box 0
555.0 575.0 435.0 626.0 386.0 513.0 507.0 461.0 Box 0
258.0 445.0 426.0 544.0 284.0 787.0 116.0 689.0 Box 0
690.0 836.0 471.0 858.0 455.0 697.0 674.0 675.0 Box 0
975.0 859.0 691.0 871.0 684.0 675.0 968.0 664.0 Box 0
886.0 487.0 764.0 511.0 740.0 385.0 862.0 361.0 Box 0
993.0 615.0 893.0 628.0 880.0 526.0 980.0 513.0 Box 0
1092.0 479.0 1012.0 513.0 979.0 435.0 1059.0 401.0 Box 0
1278.0 194.0 1182.0 292.0 1096.0 208.0 1192.0 110.0 Box 0
1014.0 606.0 1166.0 618.0 1155.0 750.0 1004.0 737.0 Box 0
1252.0 786.0 1135.0 789.0 1132.0 672.0 1250.0 670.0 Box 0
0.0 530.0 150.0 530.0 150.0 734.0 0.0 734.0 Box 0
1169.0 246.0 1277.0 246.0 1277.0 393.0 1169.0 393.0 Box 0
1160.0 491.0 1279.0 491.0 1279.0 656.0 1160.0 656.0 Box 0
