223.0 106.0 334.0 144.0 276.0 313.0 165.0 275.0 Box 0
534.0 435.0 292.0 440.0 285.0 66.0 527.0 61.0 Box 0
571.0 114.0 691.0 162.0 642.0 282.0 522.0 234.0 Box 0
915.0 307.0 735.0 377.0 665.0 196.0 845.0 126.0 Box 0
631.0 573.0 511.0 623.0 465.0 510.0 585.0 461.0 Box 0
324.0 426.0 513.0 522.0 377.0 790.0 188.0 694.0 Box 0
72.0 541.0 192.0 606.0 119.0 740.0 0.0 674.0 Box 0
960.0 486.0 836.0 506.0 816.0 385.0 941.0 365.0 Box 0
762.0 833.0 544.0 855.0 528.0 699.0 747.0 677.0 Box 0
1050.0 857.0 768.0 869.0 761.0 677.0 1043.0 666.0 Box 0
1063.0 615.0 961.0 627.0 948.0 522.0 1051.0 510.0 Box 0
1160.0 470.0 1075.0 510.0 1040.0 434.0 1126.0 395.0 Box 0
1052.0 374.0 930.0 425.0 859.0 257.0 981.0 205.0 Box 0
1200.0 227.0 1102.0 304.0 1026.0 207.0 1125.0 131.0 Box 0
1084.0 601.0 1238.0 610.0 1230.0 747.0 1075.0 737.0 Box 0
1196.0 674.0 1278.0 674.0 1278.0 789.0 1196.0 789.0 Box 0
1179.0 102.0 1278.0 102.0 1278.0 309.0 1179.0 309.0 Box 0
1233.0 505.0 1279.0 505.0 1279.0 608.0 1233.0 608.0 Box 0
