103.0 114.0 214.0 149.0 158.0 326.0 46.0 290.0 Box 0
210.0 441.0 388.0 541.0 247.0 792.0 69.0 693.0 Box 0
516.0 575.0 398.0 629.0 348.0 518.0 465.0 464.0 Box 0
573.0 164.0 523.0 281.0 405.0 231.0 454.0 114.0 Box 0
190.0 59.0 423.0 59.0 423.0 436.0 190.0 436.0 Box 0
805.0 314.0 629.0 382.0 558.0 199.0 734.0 131.0 Box 0
951.0 372.0 826.0 425.0 755.0 257.0 880.0 204.0 Box 0
1088.0 225.0 988.0 306.0 911.0 211.0 1011.0 130.0 Box 0
849.0 489.0 724.0 512.0 701.0 384.0 826.0 362.0 Box 0
959.0 616.0 859.0 629.0 845.0 526.0 946.0 513.0 Box 0
1059.0 479.0 979.0 513.0 945.0 434.0 1026.0 400.0 Box 0
1272.0 168.0 1150.0 294.0 1060.0 207.0 1183.0 81.0 Box 0
1279.0 622.0 1228.0 657.0 1157.0 554.0 1209.0 519.0 Box 0
651.0 835.0 436.0 857.0 420.0 698.0 635.0 676.0 Box 0
935.0 861.0 653.0 873.0 645.0 671.0 927.0 660.0 Box 0
983.0 608.0 1128.0 616.0 1120.0 749.0 975.0 741.0 Box 0
1223.0 788.0 1110.0 791.0 1107.0 679.0 1220.0 676.0 Box 0
1.0 541.0 108.0 541.0 108.0 719.0 1.0 719.0 Box 0
1138.0 225.0 1279.0 225.0 1279.0 396.0 1138.0 396.0 Box 0
