403.0 577.0 285.0 629.0 236.0 515.0 354.0 464.0 Box 0
737.0 490.0 614.0 511.0 592.0 383.0 715.0 362.0 Box 0
698.0 306.0 520.0 375.0 448.0 189.0 625.0 120.0 Box 0
848.0 374.0 724.0 426.0 654.0 256.0 779.0 205.0 Box 0
977.0 227.0 878.0 308.0 798.0 209.0 897.0 128.0 Box 0
1162.0 167.0 1037.0 293.0 950.0 207.0 1075.0 81.0 Box 0
1235.0 336.0 1121.0 387.0 1069.0 271.0 1183.0 220.0 Box 0
852.0 617.0 749.0 630.0 737.0 529.0 840.0 517.0 Box 0
953.0 477.0 874.0 512.0 841.0 435.0 920.0 401.0 Box 0
1222.0 595.0 1117.0 663.0 1046.0 555.0 1151.0 486.0 Box 0
538.0 841.0 324.0 863.0 307.0 699.0 522.0 677.0 Box 0
821.0 861.0 541.0 875.0 531.0 679.0 812.0 665.0 Box 0
880.0 606.0 1019.0 613.0 1012.0 750.0 873.0 743.0 Box 0
1116.0 788.0 1002.0 791.0 999.0 674.0 1114.0 672.0 Box 0
59.0 66.0 318.0 66.0 318.0 445.0 59.0 445.0 Box 0
468.0 163.0 417.0 283.0 296.0 232.0 347.0 112.0 Box 0
0.0 453.0 238.0 453.0 238.0 776.0 0.0 776.0 Box 0
0.0 139.0 72.0 139.0 72.0 332.0 0.0 332.0 Box 0
