171.0 112.0 282.0 149.0 223.0 319.0 113.0 281.0 Box 0
482.0 433.0 242.0 440.0 231.0 72.0 471.0 65.0 Box 0
641.0 164.0 591.0 281.0 471.0 229.0 522.0 112.0 Box 0
866.0 309.0 686.0 371.0 626.0 195.0 806.0 133.0 Box 0
1008.0 374.0 884.0 428.0 811.0 259.0 935.0 206.0 Box 0
910.0 487.0 786.0 510.0 764.0 385.0 888.0 363.0 Box 0
579.0 574.0 461.0 624.0 414.0 514.0 533.0 464.0 Box 0
286.0 444.0 461.0 549.0 314.0 795.0 139.0 690.0 Box 0
713.0 835.0 496.0 857.0 480.0 698.0 697.0 676.0 Box 0
1002.0 858.0 716.0 869.0 709.0 674.0 994.0 663.0 Box 0
1017.0 615.0 915.0 628.0 902.0 527.0 1004.0 514.0 Box 0
1115.0 474.0 1033.0 511.0 1000.0 437.0 1082.0 400.0 Box 0
1151.0 226.0 1052.0 305.0 975.0 208.0 1074.0 129.0 Box 0
1279.0 216.0 1207.0 291.0 1119.0 206.0 1192.0 132.0 Box 0
1039.0 606.0 1187.0 621.0 1175.0 749.0 1026.0 734.0 Box 0
1277.0 787.0 1151.0 790.0 1148.0 674.0 1274.0 671.0 Box 0
0.0 522.0 179.0 522.0 179.0 732.0 0.0 732.0 Box 0
1195.0 251.0 1278.0 251.0 1278.0 398.0 1195.0 398.0 Box 0
1179.0 496.0 1279.0 496.0 1279.0 644.0 1179.0 644.0 Box 0
