510.0 361.0 333.0 405.0 294.0 246.0 471.0 202.0 Box 0
572.0 496.0 769.0 614.0 694.0 740.0 497.0 622.0 Box 0
717.0 101.0 822.0 133.0 771.0 300.0 666.0 267.0 Box 0
1032.0 426.0 781.0 436.0 766.0 60.0 1017.0 50.0 Box 0
1090.0 112.0 1206.0 161.0 1157.0 277.0 1041.0 228.0 Box 0
790.0 450.0 991.0 510.0 911.0 780.0 710.0 720.0 Box 0
91.0 612.0 307.0 714.0 220.0 900.0 4.0 798.0 Box 0
1271.0 824.0 1052.0 846.0 1037.0 691.0 1256.0 669.0 Box 0
1148.0 574.0 1031.0 620.0 985.0 504.0 1102.0 457.0 Box 0
1278.0 348.0 1220.0 373.0 1144.0 193.0 1203.0 169.0 Box 0
1.0 297.0 143.0 297.0 143.0 506.0 1.0 506.0 Box 0
