486.0 526.0 708.0 526.0 708.0 729.0 486.0 729.0 Box 0
477.0 778.0 598.0 778.0 598.0 876.0 477.0 876.0 Box 0
588.0 334.0 497.0 427.0 407.0 339.0 498.0 246.0 Box 0
735.0 291.0 491.0 328.0 450.0 53.0 693.0 16.0 Box 0
372.0 352.0 238.0 414.0 173.0 275.0 306.0 212.0 Box 0
368.0 597.0 247.0 677.0 170.0 563.0 291.0 482.0 Box 0
280.0 791.0 154.0 797.0 148.0 677.0 274.0 671.0 Box 0
1.0 617.0 160.0 617.0 160.0 749.0 1.0 749.0 Box 0
105.0 480.0 38.0 515.0 0.0 444.0 66.0 408.0 Box 0
286.0 175.0 156.0 308.0 62.0 217.0 191.0 83.0 Box 0
0.0 172.0 92.0 172.0 92.0 344.0 0.0 344.0 Box 0
