459.0 364.0 283.0 409.0 243.0 252.0 419.0 207.0 Box 0
81.0 635.0 245.0 708.0 164.0 891.0 0.0 818.0 Box 0
520.0 494.0 718.0 618.0 642.0 740.0 444.0 616.0 Box 0
750.0 446.0 943.0 514.0 848.0 781.0 656.0 713.0 Box 0
669.0 102.0 779.0 133.0 731.0 300.0 621.0 268.0 Box 0
984.0 428.0 741.0 435.0 730.0 63.0 973.0 56.0 Box 0
1038.0 115.0 1153.0 163.0 1104.0 280.0 989.0 231.0 Box 0
1100.0 572.0 983.0 621.0 935.0 508.0 1052.0 458.0 Box 0
1227.0 824.0 1006.0 847.0 991.0 697.0 1212.0 675.0 Box 0
1279.0 335.0 1177.0 379.0 1104.0 207.0 1207.0 164.0 Box 0
0.0 308.0 81.0 308.0 81.0 462.0 0.0 462.0 Box 0
1193.0 651.0 1279.0 651.0 1279.0 864.0 1193.0 864.0 Box 0
