439.0 161.0 386.0 278.0 269.0 224.0 323.0 108.0 Box 0
679.0 311.0 501.0 378.0 430.0 188.0 607.0 121.0 Box 0
711.0 490.0 588.0 510.0 567.0 384.0 691.0 364.0 Box 0
826.0 373.0 701.0 426.0 629.0 256.0 754.0 203.0 Box 0
950.0 228.0 853.0 307.0 773.0 209.0 871.0 130.0 Box 0
1139.0 167.0 1012.0 293.0 926.0 206.0 1053.0 80.0 Box 0
1207.0 332.0 1097.0 382.0 1046.0 270.0 1155.0 219.0 Box 0
378.0 576.0 256.0 628.0 208.0 513.0 330.0 462.0 Box 0
828.0 616.0 732.0 630.0 718.0 530.0 814.0 517.0 Box 0
927.0 482.0 852.0 514.0 817.0 433.0 893.0 401.0 Box 0
1194.0 596.0 1091.0 660.0 1025.0 552.0 1128.0 488.0 Box 0
796.0 863.0 513.0 875.0 505.0 676.0 788.0 664.0 Box 0
513.0 839.0 300.0 861.0 284.0 699.0 497.0 678.0 Box 0
850.0 605.0 991.0 611.0 986.0 749.0 844.0 743.0 Box 0
1092.0 787.0 978.0 791.0 975.0 675.0 1089.0 672.0 Box 0
281.0 445.0 41.0 450.0 34.0 74.0 274.0 69.0 Box 0
1.0 455.0 210.0 455.0 210.0 776.0 1.0 776.0 Box 0
