287.0 100.0 397.0 133.0 346.0 307.0 236.0 274.0 Box 0
71.0 503.0 268.0 608.0 197.0 742.0 0.0 636.0 Box 0
386.0 429.0 570.0 525.0 432.0 792.0 248.0 696.0 Box 0
694.0 573.0 576.0 623.0 528.0 510.0 647.0 460.0 Box 0
586.0 433.0 353.0 440.0 342.0 77.0 575.0 70.0 Box 0
631.0 113.0 752.0 164.0 703.0 280.0 582.0 229.0 Box 0
972.0 311.0 793.0 375.0 729.0 195.0 908.0 132.0 Box 0
1110.0 371.0 984.0 423.0 914.0 253.0 1040.0 202.0 Box 0
1020.0 490.0 895.0 511.0 873.0 382.0 998.0 361.0 Box 0
1214.0 477.0 1140.0 511.0 1105.0 435.0 1179.0 400.0 Box 0
824.0 833.0 605.0 855.0 589.0 697.0 809.0 675.0 Box 0
1113.0 857.0 827.0 868.0 820.0 672.0 1105.0 660.0 Box 0
1120.0 615.0 1012.0 628.0 1000.0 529.0 1108.0 516.0 Box 0
1136.0 600.0 1279.0 608.0 1270.0 747.0 1127.0 739.0 Box 0
1265.0 226.0 1165.0 304.0 1087.0 206.0 1187.0 127.0 Box 0
