746.0 333.0 658.0 424.0 570.0 338.0 658.0 248.0 Box 0
517.0 602.0 407.0 669.0 341.0 560.0 452.0 493.0 Box 0
452.0 789.0 332.0 801.0 320.0 690.0 441.0 678.0 Box 0
179.0 615.0 332.0 623.0 325.0 758.0 173.0 751.0 Box 0
159.0 620.0 40.0 632.0 29.0 528.0 149.0 516.0 Box 0
283.0 484.0 206.0 527.0 162.0 446.0 239.0 404.0 Box 0
639.0 524.0 861.0 524.0 861.0 724.0 639.0 724.0 Box 0
637.0 776.0 754.0 776.0 754.0 874.0 637.0 874.0 Box 0
515.0 339.0 396.0 390.0 345.0 270.0 465.0 219.0 Box 0
885.0 283.0 626.0 309.0 600.0 54.0 860.0 28.0 Box 0
461.0 168.0 333.0 301.0 239.0 209.0 367.0 77.0 Box 0
269.0 262.0 160.0 349.0 50.0 211.0 160.0 124.0 Box 0
157.0 397.0 67.0 430.0 0.0 252.0 90.0 218.0 Box 0
0.0 645.0 84.0 645.0 84.0 853.0 0.0 853.0 Box 0
