415.0 164.0 366.0 200.0 330.0 151.0 379.0 115.0 Box 0
355.0 291.0 312.0 333.0 269.0 289.0 311.0 247.0 Box 0
242.0 402.0 196.0 435.0 161.0 386.0 208.0 353.0 Box 0
165.0 241.0 223.0 261.0 204.0 316.0 146.0 296.0 Box 0
154.0 390.0 79.0 399.0 72.0 338.0 147.0 329.0 Box 0
147.0 281.0 73.0 290.0 66.0 232.0 140.0 223.0 Box 0
211.0 126.0 243.0 172.0 198.0 204.0 166.0 157.0 Box 0
331.0 108.0 226.0 128.0 212.0 53.0 317.0 33.0 Box 0
117.0 41.0 178.0 44.0 174.0 103.0 113.0 99.0 Box 0
97.0 123.0 39.0 127.0 35.0 73.0 93.0 69.0 Box 0
28.0 159.0 68.0 159.0 68.0 221.0 28.0 221.0 Box 0
28.0 321.0 59.0 321.0 59.0 387.0 28.0 387.0 Box 0
