259.0 282.0 199.0 290.0 191.0 231.0 251.0 223.0 Box 0
529.0 161.0 480.0 198.0 444.0 151.0 492.0 113.0 Box 0
90.0 184.0 45.0 198.0 28.0 143.0 73.0 129.0 Box 0
178.0 206.0 118.0 227.0 98.0 170.0 158.0 149.0 Box 0
468.0 291.0 424.0 332.0 382.0 287.0 427.0 246.0 Box 0
354.0 172.0 307.0 203.0 275.0 156.0 322.0 125.0 Box 0
443.0 106.0 337.0 127.0 322.0 54.0 428.0 32.0 Box 0
232.0 38.0 296.0 43.0 292.0 101.0 228.0 96.0 Box 0
218.0 112.0 159.0 116.0 155.0 60.0 214.0 56.0 Box 0
72.0 51.0 130.0 54.0 127.0 99.0 69.0 95.0 Box 0
359.0 400.0 312.0 435.0 275.0 385.0 322.0 350.0 Box 0
278.0 241.0 335.0 260.0 317.0 315.0 259.0 296.0 Box 0
264.0 391.0 205.0 403.0 192.0 342.0 252.0 330.0 Box 0
128.0 324.0 174.0 358.0 137.0 408.0 91.0 375.0 Box 0
51.0 347.0 95.0 362.0 77.0 417.0 33.0 402.0 Box 0
92.0 322.0 29.0 323.0 28.0 260.0 91.0 259.0 Box 0
