545.0 355.0 511.0 407.0 464.0 376.0 498.0 324.0 Box 0
628.0 391.0 570.0 401.0 559.0 341.0 617.0 330.0 Box 0
416.0 352.0 462.0 362.0 450.0 418.0 404.0 408.0 Box 0
284.0 228.0 397.0 267.0 355.0 388.0 242.0 350.0 Box 0
472.0 321.0 412.0 325.0 408.0 263.0 468.0 258.0 Box 0
546.0 202.0 486.0 221.0 468.0 165.0 528.0 146.0 Box 0
469.0 177.0 410.0 192.0 396.0 137.0 455.0 122.0 Box 0
300.0 96.0 384.0 127.0 360.0 190.0 277.0 158.0 Box 0
203.0 100.0 312.0 147.0 277.0 229.0 168.0 183.0 Box 0
596.0 35.0 635.0 38.0 631.0 96.0 592.0 93.0 Box 0
561.0 108.0 506.0 113.0 501.0 60.0 556.0 55.0 Box 0
436.0 38.0 492.0 46.0 485.0 91.0 429.0 82.0 Box 0
624.0 282.0 566.0 290.0 557.0 228.0 615.0 220.0 Box 0
616.0 145.0 636.0 145.0 636.0 190.0 616.0 190.0 Box 0
604.0 237.0 635.0 237.0 635.0 298.0 604.0 298.0 Box 0
